#--it-----t--------dt-------EEK-------EEM-------EEGW------hrms------urms------brms------umax------bmax------o2m------divu2m----gg2m---
    0   1.0000  4.89E-05 0.000E+00 0.000E+00 0.000E+00 0.000E+00 0.000E+00 0.000E+00 0.000E+00 0.000E+00 0.000E+00 0.000E+00 0.00E+00
   20   1.0010  4.88E-05 3.416E-10 2.443E-04 8.829E-14 2.160E-10 2.614E-05 2.211E-02 1.362E-04 5.994E-02 1.913E-04 6.053E-04 5.30E-13
   40   1.0020  4.87E-05 5.024E-09 4.644E-04 9.768E-13 1.608E-09 1.002E-04 3.048E-02 5.563E-04 8.861E-02 3.100E-03 7.590E-03 5.86E-12
   60   1.0029  4.85E-05 2.126E-08 6.824E-04 2.941E-12 4.434E-09 2.062E-04 3.694E-02 1.189E-03 1.062E-01 1.502E-02 2.669E-02 1.76E-11
   80   1.0039  4.84E-05 5.638E-08 9.296E-04 5.731E-12 8.256E-09 3.358E-04 4.312E-02 1.926E-03 1.237E-01 4.644E-02 5.709E-02 3.44E-11
  100   1.0049  4.83E-05 1.204E-07 1.190E-03 9.888E-12 1.271E-08 4.908E-04 4.879E-02 2.500E-03 1.386E-01 1.127E-01 9.945E-02 5.93E-11
  120   1.0058  4.82E-05 2.243E-07 1.424E-03 1.491E-11 1.770E-08 6.698E-04 5.336E-02 3.697E-03 1.408E-01 2.336E-01 1.528E-01 8.95E-11
  140   1.0068  4.82E-05 3.799E-07 1.607E-03 2.062E-11 2.302E-08 8.716E-04 5.669E-02 4.982E-03 1.496E-01 4.322E-01 2.093E-01 1.24E-10
  160   1.0078  4.81E-05 5.999E-07 1.801E-03 2.753E-11 2.840E-08 1.095E-03 6.001E-02 5.605E-03 1.577E-01 7.305E-01 2.658E-01 1.65E-10
  180   1.0087  4.79E-05 9.018E-07 2.034E-03 3.572E-11 3.402E-08 1.343E-03 6.378E-02 6.499E-03 1.730E-01 1.150E+00 3.362E-01 2.14E-10
  200   1.0097  4.77E-05 1.302E-06 2.223E-03 4.348E-11 4.024E-08 1.614E-03 6.668E-02 7.397E-03 1.847E-01 1.716E+00 4.161E-01 2.61E-10
  220   1.0106  4.74E-05 1.815E-06 2.456E-03 5.154E-11 4.687E-08 1.905E-03 7.008E-02 8.426E-03 1.976E-01 2.453E+00 4.953E-01 3.09E-10
  240   1.0116  4.75E-05 2.457E-06 2.601E-03 6.155E-11 5.369E-08 2.217E-03 7.213E-02 9.850E-03 1.944E-01 3.387E+00 5.839E-01 3.69E-10
  260   1.0125  4.74E-05 3.247E-06 2.798E-03 7.152E-11 6.058E-08 2.549E-03 7.480E-02 1.122E-02 1.943E-01 4.549E+00 6.791E-01 4.29E-10
  280   1.0135  4.72E-05 4.212E-06 3.062E-03 8.591E-11 6.762E-08 2.903E-03 7.825E-02 1.298E-02 2.031E-01 5.981E+00 7.754E-01 5.15E-10
  300   1.0144  4.70E-05 5.361E-06 3.201E-03 9.762E-11 7.542E-08 3.275E-03 8.002E-02 1.506E-02 2.199E-01 7.702E+00 8.675E-01 5.86E-10
  320   1.0153  4.69E-05 6.708E-06 3.450E-03 1.069E-10 8.364E-08 3.663E-03 8.306E-02 1.737E-02 2.297E-01 9.717E+00 9.800E-01 6.41E-10
  340   1.0163  4.67E-05 8.290E-06 3.675E-03 1.200E-10 9.188E-08 4.072E-03 8.573E-02 1.961E-02 2.249E-01 1.207E+01 1.122E+00 7.20E-10
  360   1.0172  4.64E-05 1.012E-05 3.854E-03 1.358E-10 9.991E-08 4.499E-03 8.780E-02 2.138E-02 2.508E-01 1.479E+01 1.253E+00 8.15E-10
  380   1.0181  4.61E-05 1.219E-05 4.074E-03 1.531E-10 1.077E-07 4.938E-03 9.027E-02 2.253E-02 2.729E-01 1.789E+01 1.371E+00 9.19E-10
  400   1.0191  4.57E-05 1.454E-05 4.297E-03 1.688E-10 1.153E-07 5.393E-03 9.270E-02 2.335E-02 2.901E-01 2.140E+01 1.503E+00 1.01E-09
  420   1.0200  4.56E-05 1.718E-05 4.571E-03 1.879E-10 1.229E-07 5.862E-03 9.561E-02 2.687E-02 2.850E-01 2.535E+01 1.685E+00 1.13E-09
  440   1.0209  4.56E-05 2.014E-05 4.659E-03 2.015E-10 1.305E-07 6.347E-03 9.653E-02 2.928E-02 2.687E-01 2.978E+01 1.874E+00 1.21E-09
  460   1.0218  4.56E-05 2.337E-05 4.940E-03 2.221E-10 1.375E-07 6.838E-03 9.939E-02 2.997E-02 2.731E-01 3.468E+01 1.971E+00 1.33E-09
  480   1.0227  4.56E-05 2.696E-05 5.126E-03 2.500E-10 1.442E-07 7.344E-03 1.013E-01 3.044E-02 2.698E-01 4.011E+01 2.080E+00 1.50E-09
  500   1.0236  4.55E-05 3.095E-05 5.367E-03 2.751E-10 1.513E-07 7.869E-03 1.036E-01 3.280E-02 2.689E-01 4.610E+01 2.275E+00 1.65E-09
  520   1.0245  4.53E-05 3.527E-05 5.557E-03 2.953E-10 1.590E-07 8.399E-03 1.054E-01 3.477E-02 2.800E-01 5.252E+01 2.503E+00 1.77E-09
  540   1.0254  4.51E-05 3.996E-05 5.808E-03 3.110E-10 1.671E-07 8.941E-03 1.078E-01 3.589E-02 2.836E-01 5.953E+01 2.664E+00 1.87E-09
  560   1.0263  4.50E-05 4.517E-05 6.027E-03 3.338E-10 1.755E-07 9.506E-03 1.098E-01 3.715E-02 2.989E-01 6.731E+01 2.848E+00 2.00E-09
  580   1.0272  4.49E-05 5.082E-05 6.272E-03 3.528E-10 1.839E-07 1.008E-02 1.120E-01 3.988E-02 2.996E-01 7.572E+01 3.091E+00 2.12E-09
  600   1.0281  4.46E-05 5.684E-05 6.476E-03 3.742E-10 1.921E-07 1.066E-02 1.138E-01 4.212E-02 3.111E-01 8.471E+01 3.355E+00 2.25E-09
  620   1.0290  4.45E-05 6.320E-05 6.638E-03 4.045E-10 2.002E-07 1.124E-02 1.152E-01 4.439E-02 3.250E-01 9.428E+01 3.607E+00 2.43E-09
  640   1.0299  4.43E-05 6.983E-05 6.816E-03 4.307E-10 2.084E-07 1.182E-02 1.168E-01 4.657E-02 3.289E-01 1.044E+02 3.761E+00 2.58E-09
  660   1.0308  4.41E-05 7.677E-05 7.035E-03 4.577E-10 2.171E-07 1.239E-02 1.186E-01 4.882E-02 3.497E-01 1.150E+02 3.927E+00 2.75E-09
  680   1.0317  4.37E-05 8.404E-05 7.259E-03 4.775E-10 2.266E-07 1.297E-02 1.205E-01 5.096E-02 3.565E-01 1.262E+02 4.192E+00 2.86E-09
  700   1.0325  4.36E-05 9.162E-05 7.516E-03 5.035E-10 2.368E-07 1.354E-02 1.226E-01 5.275E-02 3.865E-01 1.379E+02 4.491E+00 3.02E-09
  720   1.0334  4.34E-05 9.949E-05 7.627E-03 5.326E-10 2.477E-07 1.411E-02 1.235E-01 5.445E-02 3.857E-01 1.502E+02 4.732E+00 3.20E-09
  740   1.0343  4.34E-05 1.076E-04 7.755E-03 5.449E-10 2.588E-07 1.467E-02 1.245E-01 5.636E-02 3.861E-01 1.628E+02 4.945E+00 3.27E-09
  760   1.0351  4.30E-05 1.159E-04 7.988E-03 5.784E-10 2.694E-07 1.523E-02 1.264E-01 5.818E-02 3.793E-01 1.761E+02 5.111E+00 3.47E-09
  780   1.0360  4.29E-05 1.246E-04 8.173E-03 6.284E-10 2.797E-07 1.579E-02 1.279E-01 5.941E-02 3.790E-01 1.900E+02 5.334E+00 3.77E-09
  800   1.0369  4.31E-05 1.335E-04 8.342E-03 6.696E-10 2.903E-07 1.634E-02 1.292E-01 6.072E-02 3.697E-01 2.046E+02 5.606E+00 4.02E-09
  820   1.0377  4.30E-05 1.428E-04 8.442E-03 7.006E-10 3.014E-07 1.690E-02 1.299E-01 6.433E-02 3.557E-01 2.198E+02 5.864E+00 4.20E-09
  840   1.0386  4.30E-05 1.524E-04 8.672E-03 7.320E-10 3.131E-07 1.746E-02 1.317E-01 6.781E-02 3.687E-01 2.360E+02 6.106E+00 4.39E-09
  860   1.0394  4.30E-05 1.623E-04 8.797E-03 7.660E-10 3.252E-07 1.802E-02 1.326E-01 6.972E-02 3.729E-01 2.528E+02 6.373E+00 4.60E-09
  880   1.0403  4.30E-05 1.724E-04 8.843E-03 7.976E-10 3.376E-07 1.857E-02 1.330E-01 7.118E-02 3.580E-01 2.705E+02 6.657E+00 4.79E-09
  900   1.0412  4.30E-05 1.827E-04 9.131E-03 8.161E-10 3.500E-07 1.912E-02 1.351E-01 7.241E-02 3.574E-01 2.889E+02 6.898E+00 4.90E-09
  920   1.0420  4.32E-05 1.932E-04 9.196E-03 8.457E-10 3.623E-07 1.966E-02 1.356E-01 7.329E-02 3.586E-01 3.079E+02 7.141E+00 5.07E-09
  940   1.0429  4.32E-05 2.040E-04 9.497E-03 8.888E-10 3.747E-07 2.020E-02 1.378E-01 7.511E-02 3.755E-01 3.280E+02 7.479E+00 5.33E-09
  960   1.0438  4.28E-05 2.150E-04 9.695E-03 9.263E-10 3.871E-07 2.074E-02 1.392E-01 7.678E-02 3.770E-01 3.488E+02 7.906E+00 5.56E-09
  980   1.0446  4.26E-05 2.262E-04 9.777E-03 9.433E-10 3.995E-07 2.127E-02 1.398E-01 7.868E-02 3.759E-01 3.704E+02 8.277E+00 5.66E-09
 1000   1.0455  4.24E-05 2.374E-04 9.924E-03 9.503E-10 4.111E-07 2.179E-02 1.409E-01 8.038E-02 4.002E-01 3.928E+02 8.501E+00 5.70E-09
 1020   1.0463  4.24E-05 2.488E-04 1.018E-02 9.905E-10 4.218E-07 2.231E-02 1.427E-01 8.218E-02 4.051E-01 4.162E+02 8.599E+00 5.94E-09
 1040   1.0472  4.24E-05 2.606E-04 1.040E-02 1.041E-09 4.315E-07 2.283E-02 1.442E-01 8.382E-02 4.080E-01 4.407E+02 8.854E+00 6.25E-09
 1060   1.0480  4.24E-05 2.726E-04 1.066E-02 1.084E-09 4.408E-07 2.335E-02 1.460E-01 8.684E-02 4.208E-01 4.663E+02 9.402E+00 6.50E-09
 1080   1.0488  4.23E-05 2.848E-04 1.080E-02 1.122E-09 4.496E-07 2.386E-02 1.470E-01 8.928E-02 4.366E-01 4.929E+02 9.953E+00 6.73E-09
 1100   1.0497  4.22E-05 2.968E-04 1.099E-02 1.158E-09 4.579E-07 2.436E-02 1.482E-01 9.048E-02 4.399E-01 5.204E+02 1.025E+01 6.95E-09
 1120   1.0505  4.21E-05 3.088E-04 1.109E-02 1.199E-09 4.659E-07 2.485E-02 1.489E-01 9.065E-02 4.295E-01 5.491E+02 1.040E+01 7.19E-09
 1140   1.0514  4.21E-05 3.208E-04 1.127E-02 1.247E-09 4.734E-07 2.533E-02 1.501E-01 9.010E-02 4.237E-01 5.789E+02 1.066E+01 7.48E-09
 1160   1.0522  4.19E-05 3.329E-04 1.149E-02 1.288E-09 4.805E-07 2.580E-02 1.516E-01 8.990E-02 4.336E-01 6.099E+02 1.104E+01 7.73E-09
 1180   1.0531  4.18E-05 3.449E-04 1.157E-02 1.309E-09 4.874E-07 2.626E-02 1.521E-01 9.174E-02 4.446E-01 6.418E+02 1.151E+01 7.85E-09
 1200   1.0539  4.19E-05 3.569E-04 1.172E-02 1.345E-09 4.937E-07 2.672E-02 1.531E-01 9.338E-02 4.365E-01 6.748E+02 1.198E+01 8.07E-09
 1220   1.0547  4.18E-05 3.691E-04 1.196E-02 1.411E-09 4.993E-07 2.717E-02 1.546E-01 9.458E-02 4.697E-01 7.095E+02 1.237E+01 8.46E-09
 1240   1.0556  4.17E-05 3.812E-04 1.208E-02 1.466E-09 5.047E-07 2.761E-02 1.555E-01 9.668E-02 4.665E-01 7.455E+02 1.272E+01 8.80E-09
 1260   1.0564  4.15E-05 3.934E-04 1.241E-02 1.514E-09 5.102E-07 2.804E-02 1.575E-01 1.003E-01 4.792E-01 7.831E+02 1.304E+01 9.08E-09
 1280   1.0572  4.14E-05 4.053E-04 1.254E-02 1.578E-09 5.161E-07 2.847E-02 1.584E-01 1.033E-01 4.889E-01 8.220E+02 1.343E+01 9.47E-09
 1300   1.0581  4.11E-05 4.172E-04 1.269E-02 1.636E-09 5.226E-07 2.888E-02 1.593E-01 1.065E-01 4.910E-01 8.621E+02 1.377E+01 9.82E-09
 1320   1.0589  4.13E-05 4.289E-04 1.279E-02 1.681E-09 5.297E-07 2.928E-02 1.599E-01 1.100E-01 4.845E-01 9.037E+02 1.408E+01 1.01E-08
 1340   1.0597  4.12E-05 4.409E-04 1.301E-02 1.749E-09 5.373E-07 2.969E-02 1.613E-01 1.133E-01 4.894E-01 9.474E+02 1.453E+01 1.05E-08
 1360   1.0605  4.13E-05 4.530E-04 1.308E-02 1.810E-09 5.457E-07 3.009E-02 1.618E-01 1.157E-01 4.827E-01 9.932E+02 1.511E+01 1.09E-08
 1380   1.0613  4.11E-05 4.651E-04 1.326E-02 1.838E-09 5.550E-07 3.049E-02 1.629E-01 1.172E-01 4.870E-01 1.041E+03 1.569E+01 1.10E-08
 1400   1.0622  4.08E-05 4.771E-04 1.334E-02 1.855E-09 5.651E-07 3.088E-02 1.633E-01 1.183E-01 4.773E-01 1.090E+03 1.609E+01 1.11E-08
 1420   1.0630  4.07E-05 4.891E-04 1.354E-02 1.872E-09 5.758E-07 3.127E-02 1.646E-01 1.180E-01 4.876E-01 1.142E+03 1.633E+01 1.12E-08
 1440   1.0638  4.06E-05 5.013E-04 1.383E-02 1.899E-09 5.872E-07 3.166E-02 1.663E-01 1.187E-01 4.969E-01 1.196E+03 1.662E+01 1.14E-08
 1460   1.0646  4.03E-05 5.136E-04 1.392E-02 1.932E-09 5.990E-07 3.204E-02 1.669E-01 1.231E-01 5.040E-01 1.252E+03 1.721E+01 1.16E-08
 1480   1.0654  4.01E-05 5.260E-04 1.419E-02 1.934E-09 6.109E-07 3.243E-02 1.685E-01 1.297E-01 5.146E-01 1.310E+03 1.790E+01 1.16E-08
 1500   1.0662  4.00E-05 5.383E-04 1.430E-02 1.942E-09 6.221E-07 3.280E-02 1.691E-01 1.364E-01 5.081E-01 1.371E+03 1.851E+01 1.17E-08
 1520   1.0670  3.97E-05 5.506E-04 1.437E-02 1.965E-09 6.320E-07 3.318E-02 1.695E-01 1.440E-01 5.011E-01 1.433E+03 1.886E+01 1.18E-08
 1540   1.0678  3.95E-05 5.628E-04 1.460E-02 2.005E-09 6.403E-07 3.354E-02 1.709E-01 1.518E-01 4.945E-01 1.498E+03 1.914E+01 1.20E-08
 1560   1.0686  3.93E-05 5.752E-04 1.470E-02 2.083E-09 6.473E-07 3.391E-02 1.715E-01 1.589E-01 4.902E-01 1.565E+03 1.966E+01 1.25E-08
 1580   1.0694  3.92E-05 5.876E-04 1.475E-02 2.149E-09 6.537E-07 3.427E-02 1.718E-01 1.634E-01 4.893E-01 1.634E+03 2.046E+01 1.29E-08
 1600   1.0702  3.89E-05 5.999E-04 1.488E-02 2.170E-09 6.597E-07 3.463E-02 1.725E-01 1.665E-01 4.964E-01 1.705E+03 2.130E+01 1.30E-08
 1620   1.0709  3.87E-05 6.120E-04 1.491E-02 2.184E-09 6.653E-07 3.497E-02 1.727E-01 1.679E-01 5.049E-01 1.778E+03 2.184E+01 1.31E-08
 1640   1.0717  3.86E-05 6.240E-04 1.499E-02 2.242E-09 6.702E-07 3.531E-02 1.732E-01 1.690E-01 5.072E-01 1.853E+03 2.200E+01 1.35E-08
 1660   1.0725  3.85E-05 6.360E-04 1.511E-02 2.299E-09 6.747E-07 3.565E-02 1.738E-01 1.701E-01 5.149E-01 1.930E+03 2.223E+01 1.38E-08
 1680   1.0732  3.84E-05 6.483E-04 1.520E-02 2.312E-09 6.793E-07 3.599E-02 1.743E-01 1.714E-01 5.320E-01 2.010E+03 2.287E+01 1.39E-08
 1700   1.0740  3.85E-05 6.609E-04 1.549E-02 2.312E-09 6.835E-07 3.634E-02 1.760E-01 1.725E-01 5.295E-01 2.092E+03 2.383E+01 1.39E-08
 1720   1.0748  3.85E-05 6.737E-04 1.557E-02 2.337E-09 6.871E-07 3.669E-02 1.765E-01 1.727E-01 5.378E-01 2.177E+03 2.468E+01 1.40E-08
 1740   1.0756  3.86E-05 6.862E-04 1.559E-02 2.401E-09 6.899E-07 3.703E-02 1.766E-01 1.735E-01 5.341E-01 2.264E+03 2.515E+01 1.44E-08
 1760   1.0763  3.85E-05 6.985E-04 1.582E-02 2.490E-09 6.916E-07 3.736E-02 1.779E-01 1.747E-01 5.452E-01 2.353E+03 2.534E+01 1.49E-08
 1780   1.0771  3.83E-05 7.109E-04 1.592E-02 2.565E-09 6.927E-07 3.768E-02 1.785E-01 1.768E-01 5.520E-01 2.444E+03 2.566E+01 1.54E-08
 1800   1.0779  3.83E-05 7.233E-04 1.610E-02 2.606E-09 6.936E-07 3.801E-02 1.795E-01 1.803E-01 5.374E-01 2.538E+03 2.648E+01 1.56E-08
 1820   1.0786  3.83E-05 7.358E-04 1.613E-02 2.668E-09 6.943E-07 3.834E-02 1.796E-01 1.833E-01 5.508E-01 2.634E+03 2.761E+01 1.60E-08
 1840   1.0794  3.80E-05 7.482E-04 1.627E-02 2.743E-09 6.946E-07 3.866E-02 1.804E-01 1.868E-01 5.465E-01 2.732E+03 2.868E+01 1.65E-08
 1860   1.0801  3.76E-05 7.603E-04 1.641E-02 2.795E-09 6.951E-07 3.897E-02 1.811E-01 1.924E-01 5.441E-01 2.831E+03 2.945E+01 1.68E-08
 1880   1.0809  3.72E-05 7.721E-04 1.645E-02 2.824E-09 6.958E-07 3.927E-02 1.814E-01 1.992E-01 5.209E-01 2.932E+03 2.990E+01 1.69E-08
 1900   1.0816  3.70E-05 7.837E-04 1.662E-02 2.878E-09 6.963E-07 3.957E-02 1.823E-01 2.036E-01 5.223E-01 3.034E+03 3.042E+01 1.73E-08
 1920   1.0824  3.68E-05 7.958E-04 1.683E-02 2.907E-09 6.968E-07 3.987E-02 1.835E-01 2.069E-01 5.207E-01 3.140E+03 3.113E+01 1.74E-08
 1940   1.0831  3.67E-05 8.079E-04 1.704E-02 2.888E-09 6.970E-07 4.017E-02 1.846E-01 2.094E-01 5.319E-01 3.248E+03 3.178E+01 1.73E-08
 1960   1.0838  3.66E-05 8.203E-04 1.729E-02 2.912E-09 6.965E-07 4.048E-02 1.859E-01 2.093E-01 5.330E-01 3.360E+03 3.255E+01 1.75E-08
 1980   1.0846  3.65E-05 8.332E-04 1.744E-02 2.997E-09 6.951E-07 4.079E-02 1.867E-01 2.119E-01 5.374E-01 3.476E+03 3.351E+01 1.80E-08
 2000   1.0853  3.63E-05 8.462E-04 1.759E-02 3.069E-09 6.932E-07 4.111E-02 1.876E-01 2.194E-01 5.404E-01 3.593E+03 3.452E+01 1.84E-08
 2020   1.0860  3.60E-05 8.592E-04 1.763E-02 3.127E-09 6.908E-07 4.142E-02 1.878E-01 2.275E-01 5.481E-01 3.712E+03 3.539E+01 1.88E-08
 2040   1.0867  3.58E-05 8.722E-04 1.781E-02 3.206E-09 6.883E-07 4.174E-02 1.888E-01 2.322E-01 5.475E-01 3.832E+03 3.593E+01 1.92E-08
 2060   1.0875  3.58E-05 8.851E-04 1.800E-02 3.286E-09 6.859E-07 4.205E-02 1.897E-01 2.323E-01 5.517E-01 3.955E+03 3.639E+01 1.97E-08
 2080   1.0882  3.58E-05 8.982E-04 1.820E-02 3.324E-09 6.842E-07 4.236E-02 1.908E-01 2.291E-01 5.539E-01 4.081E+03 3.717E+01 1.99E-08
 2100   1.0889  3.57E-05 9.116E-04 1.845E-02 3.351E-09 6.830E-07 4.267E-02 1.921E-01 2.313E-01 5.457E-01 4.209E+03 3.827E+01 2.01E-08
 2120   1.0896  3.55E-05 9.254E-04 1.859E-02 3.406E-09 6.823E-07 4.299E-02 1.928E-01 2.344E-01 5.541E-01 4.339E+03 3.953E+01 2.04E-08
 2140   1.0903  3.53E-05 9.394E-04 1.883E-02 3.481E-09 6.819E-07 4.331E-02 1.941E-01 2.367E-01 5.777E-01 4.472E+03 4.063E+01 2.09E-08
 2160   1.0910  3.51E-05 9.534E-04 1.897E-02 3.573E-09 6.822E-07 4.363E-02 1.948E-01 2.383E-01 5.805E-01 4.606E+03 4.137E+01 2.14E-08
 2180   1.0917  3.52E-05 9.672E-04 1.928E-02 3.662E-09 6.833E-07 4.395E-02 1.964E-01 2.364E-01 5.734E-01 4.743E+03 4.178E+01 2.20E-08
 2200   1.0924  3.54E-05 9.810E-04 1.936E-02 3.702E-09 6.855E-07 4.426E-02 1.968E-01 2.317E-01 5.639E-01 4.884E+03 4.219E+01 2.22E-08
 2220   1.0931  3.56E-05 9.949E-04 1.953E-02 3.718E-09 6.887E-07 4.457E-02 1.976E-01 2.246E-01 5.597E-01 5.028E+03 4.304E+01 2.23E-08
 2240   1.0938  3.60E-05 1.009E-03 1.978E-02 3.777E-09 6.925E-07 4.488E-02 1.989E-01 2.232E-01 5.490E-01 5.175E+03 4.446E+01 2.27E-08
 2260   1.0946  3.64E-05 1.023E-03 1.989E-02 3.889E-09 6.970E-07 4.520E-02 1.994E-01 2.234E-01 5.556E-01 5.329E+03 4.588E+01 2.33E-08
 2280   1.0953  3.61E-05 1.038E-03 1.997E-02 3.941E-09 7.024E-07 4.551E-02 1.998E-01 2.242E-01 5.570E-01 5.486E+03 4.696E+01 2.36E-08
 2300   1.0960  3.56E-05 1.052E-03 2.019E-02 3.929E-09 7.081E-07 4.581E-02 2.009E-01 2.266E-01 5.614E-01 5.643E+03 4.777E+01 2.36E-08
 2320   1.0967  3.51E-05 1.065E-03 2.023E-02 3.935E-09 7.138E-07 4.610E-02 2.011E-01 2.371E-01 5.650E-01 5.799E+03 4.881E+01 2.36E-08
 2340   1.0974  3.49E-05 1.078E-03 2.040E-02 4.015E-09 7.191E-07 4.639E-02 2.020E-01 2.421E-01 5.706E-01 5.954E+03 4.970E+01 2.41E-08
 2360   1.0981  3.48E-05 1.091E-03 2.066E-02 4.105E-09 7.245E-07 4.667E-02 2.033E-01 2.438E-01 5.760E-01 6.114E+03 5.045E+01 2.46E-08
 2380   1.0988  3.48E-05 1.105E-03 2.073E-02 4.136E-09 7.304E-07 4.695E-02 2.036E-01 2.422E-01 5.641E-01 6.274E+03 5.116E+01 2.48E-08
 2400   1.0995  3.49E-05 1.118E-03 2.097E-02 4.129E-09 7.367E-07 4.723E-02 2.048E-01 2.392E-01 5.754E-01 6.435E+03 5.220E+01 2.48E-08
 2420   1.1002  3.50E-05 1.131E-03 2.106E-02 4.167E-09 7.431E-07 4.751E-02 2.052E-01 2.347E-01 5.699E-01 6.602E+03 5.358E+01 2.50E-08
 2440   1.1009  3.51E-05 1.145E-03 2.103E-02 4.246E-09 7.496E-07 4.779E-02 2.051E-01 2.352E-01 5.673E-01 6.770E+03 5.389E+01 2.55E-08
 2460   1.1016  3.52E-05 1.158E-03 2.100E-02 4.288E-09 7.562E-07 4.806E-02 2.049E-01 2.404E-01 5.701E-01 6.937E+03 5.371E+01 2.57E-08
 2480   1.1023  3.53E-05 1.171E-03 2.097E-02 4.254E-09 7.632E-07 4.833E-02 2.048E-01 2.422E-01 5.736E-01 7.103E+03 5.305E+01 2.55E-08
 2500   1.1030  3.53E-05 1.183E-03 2.094E-02 4.187E-09 7.703E-07 4.859E-02 2.046E-01 2.413E-01 5.769E-01 7.269E+03 5.232E+01 2.51E-08
 2520   1.1037  3.52E-05 1.196E-03 2.091E-02 4.149E-09 7.772E-07 4.884E-02 2.045E-01 2.365E-01 5.795E-01 7.435E+03 5.202E+01 2.49E-08
 2540   1.1044  3.50E-05 1.208E-03 2.088E-02 4.148E-09 7.836E-07 4.909E-02 2.044E-01 2.351E-01 5.829E-01 7.600E+03 5.222E+01 2.49E-08
 2560   1.1051  3.48E-05 1.220E-03 2.085E-02 4.164E-09 7.896E-07 4.933E-02 2.042E-01 2.375E-01 5.878E-01 7.766E+03 5.280E+01 2.50E-08
 2580   1.1058  3.47E-05 1.231E-03 2.083E-02 4.202E-09 7.952E-07 4.956E-02 2.041E-01 2.388E-01 5.946E-01 7.931E+03 5.300E+01 2.52E-08
 2600   1.1065  3.47E-05 1.242E-03 2.080E-02 4.260E-09 8.006E-07 4.978E-02 2.040E-01 2.389E-01 5.988E-01 8.097E+03 5.268E+01 2.56E-08
 2620   1.1072  3.46E-05 1.252E-03 2.077E-02 4.292E-09 8.062E-07 4.998E-02 2.038E-01 2.395E-01 6.002E-01 8.263E+03 5.190E+01 2.58E-08
 2640   1.1079  3.45E-05 1.262E-03 2.074E-02 4.263E-09 8.122E-07 5.017E-02 2.037E-01 2.412E-01 5.980E-01 8.429E+03 5.127E+01 2.56E-08
 2660   1.1086  3.44E-05 1.272E-03 2.072E-02 4.211E-09 8.184E-07 5.036E-02 2.036E-01 2.429E-01 5.962E-01 8.595E+03 5.124E+01 2.53E-08
 2680   1.1093  3.44E-05 1.281E-03 2.069E-02 4.204E-09 8.247E-07 5.055E-02 2.034E-01 2.432E-01 5.941E-01 8.761E+03 5.169E+01 2.52E-08
 2700   1.1100  3.42E-05 1.290E-03 2.067E-02 4.229E-09 8.310E-07 5.073E-02 2.033E-01 2.462E-01 5.940E-01 8.928E+03 5.223E+01 2.54E-08
 2720   1.1107  3.42E-05 1.299E-03 2.064E-02 4.223E-09 8.373E-07 5.090E-02 2.032E-01 2.477E-01 5.941E-01 9.096E+03 5.224E+01 2.53E-08
 2740   1.1113  3.41E-05 1.307E-03 2.062E-02 4.193E-09 8.435E-07 5.105E-02 2.031E-01 2.483E-01 5.930E-01 9.263E+03 5.168E+01 2.52E-08
 2760   1.1120  3.41E-05 1.314E-03 2.059E-02 4.189E-09 8.494E-07 5.120E-02 2.029E-01 2.504E-01 5.931E-01 9.431E+03 5.111E+01 2.51E-08
 2780   1.1127  3.39E-05 1.321E-03 2.057E-02 4.197E-09 8.548E-07 5.133E-02 2.028E-01 2.549E-01 5.929E-01 9.598E+03 5.061E+01 2.52E-08
 2800   1.1134  3.37E-05 1.328E-03 2.054E-02 4.166E-09 8.596E-07 5.147E-02 2.027E-01 2.581E-01 5.942E-01 9.764E+03 5.053E+01 2.50E-08
 2820   1.1140  3.37E-05 1.334E-03 2.052E-02 4.124E-09 8.638E-07 5.159E-02 2.026E-01 2.604E-01 5.971E-01 9.929E+03 5.074E+01 2.47E-08
 2840   1.1147  3.36E-05 1.341E-03 2.050E-02 4.116E-09 8.671E-07 5.171E-02 2.025E-01 2.622E-01 6.001E-01 1.009E+04 5.104E+01 2.47E-08
 2860   1.1154  3.36E-05 1.346E-03 2.048E-02 4.117E-09 8.694E-07 5.182E-02 2.024E-01 2.620E-01 6.029E-01 1.026E+04 5.112E+01 2.47E-08
 2880   1.1161  3.36E-05 1.352E-03 2.045E-02 4.085E-09 8.708E-07 5.192E-02 2.023E-01 2.613E-01 6.065E-01 1.042E+04 5.089E+01 2.45E-08
 2900   1.1167  3.37E-05 1.356E-03 2.043E-02 4.041E-09 8.710E-07 5.201E-02 2.021E-01 2.587E-01 6.103E-01 1.058E+04 5.048E+01 2.42E-08
 2920   1.1174  3.38E-05 1.361E-03 2.041E-02 4.023E-09 8.697E-07 5.210E-02 2.020E-01 2.614E-01 6.136E-01 1.074E+04 5.002E+01 2.41E-08
 2940   1.1181  3.38E-05 1.365E-03 2.039E-02 4.051E-09 8.668E-07 5.218E-02 2.019E-01 2.661E-01 6.152E-01 1.090E+04 4.983E+01 2.43E-08
 2960   1.1188  3.38E-05 1.369E-03 2.037E-02 4.146E-09 8.624E-07 5.226E-02 2.018E-01 2.722E-01 6.158E-01 1.106E+04 4.995E+01 2.49E-08
 2980   1.1194  3.37E-05 1.373E-03 2.035E-02 4.285E-09 8.571E-07 5.233E-02 2.017E-01 2.777E-01 6.165E-01 1.122E+04 5.024E+01 2.57E-08
 3000   1.1201  3.36E-05 1.377E-03 2.032E-02 4.370E-09 8.516E-07 5.240E-02 2.016E-01 2.834E-01 6.171E-01 1.137E+04 5.040E+01 2.62E-08
 3020   1.1208  3.34E-05 1.380E-03 2.030E-02 4.340E-09 8.466E-07 5.246E-02 2.015E-01 2.870E-01 6.174E-01 1.153E+04 5.021E+01 2.60E-08
 3040   1.1215  3.33E-05 1.383E-03 2.028E-02 4.278E-09 8.418E-07 5.251E-02 2.014E-01 2.888E-01 6.180E-01 1.168E+04 4.971E+01 2.57E-08
 3060   1.1221  3.31E-05 1.385E-03 2.026E-02 4.297E-09 8.370E-07 5.256E-02 2.013E-01 2.893E-01 6.183E-01 1.183E+04 4.930E+01 2.58E-08
 3080   1.1228  3.30E-05 1.388E-03 2.024E-02 4.372E-09 8.322E-07 5.261E-02 2.012E-01 2.910E-01 6.173E-01 1.198E+04 4.922E+01 2.62E-08
 3100   1.1234  3.29E-05 1.390E-03 2.022E-02 4.392E-09 8.278E-07 5.265E-02 2.011E-01 2.924E-01 6.160E-01 1.213E+04 4.942E+01 2.64E-08
 3120   1.1241  3.29E-05 1.392E-03 2.021E-02 4.349E-09 8.240E-07 5.269E-02 2.010E-01 2.950E-01 6.159E-01 1.227E+04 4.959E+01 2.61E-08
 3140   1.1248  3.29E-05 1.393E-03 2.019E-02 4.338E-09 8.205E-07 5.272E-02 2.009E-01 3.004E-01 6.166E-01 1.242E+04 4.947E+01 2.60E-08
 3160   1.1254  3.29E-05 1.395E-03 2.017E-02 4.385E-09 8.173E-07 5.274E-02 2.008E-01 3.055E-01 6.165E-01 1.256E+04 4.921E+01 2.63E-08
 3180   1.1261  3.28E-05 1.396E-03 2.015E-02 4.415E-09 8.147E-07 5.276E-02 2.007E-01 3.092E-01 6.153E-01 1.270E+04 4.895E+01 2.65E-08
 3200   1.1267  3.28E-05 1.396E-03 2.013E-02 4.397E-09 8.129E-07 5.277E-02 2.006E-01 3.114E-01 6.131E-01 1.284E+04 4.874E+01 2.64E-08
 3220   1.1274  3.26E-05 1.397E-03 2.011E-02 4.393E-09 8.118E-07 5.279E-02 2.006E-01 3.120E-01 6.100E-01 1.298E+04 4.867E+01 2.64E-08
 3240   1.1280  3.24E-05 1.398E-03 2.009E-02 4.431E-09 8.113E-07 5.280E-02 2.005E-01 3.177E-01 6.075E-01 1.312E+04 4.874E+01 2.66E-08
 3260   1.1287  3.22E-05 1.398E-03 2.007E-02 4.453E-09 8.116E-07 5.281E-02 2.004E-01 3.244E-01 6.063E-01 1.325E+04 4.888E+01 2.67E-08
 3280   1.1293  3.21E-05 1.399E-03 2.006E-02 4.431E-09 8.127E-07 5.281E-02 2.003E-01 3.301E-01 6.053E-01 1.338E+04 4.882E+01 2.66E-08
 3300   1.1300  3.21E-05 1.399E-03 2.004E-02 4.410E-09 8.144E-07 5.281E-02 2.002E-01 3.306E-01 6.035E-01 1.351E+04 4.854E+01 2.65E-08
 3320   1.1306  3.21E-05 1.399E-03 2.002E-02 4.410E-09 8.165E-07 5.281E-02 2.001E-01 3.301E-01 6.004E-01 1.364E+04 4.824E+01 2.65E-08
 3340   1.1312  3.22E-05 1.398E-03 2.000E-02 4.398E-09 8.190E-07 5.281E-02 2.000E-01 3.303E-01 5.958E-01 1.376E+04 4.800E+01 2.64E-08
 3360   1.1319  3.23E-05 1.398E-03 1.998E-02 4.368E-09 8.218E-07 5.280E-02 1.999E-01 3.280E-01 5.913E-01 1.389E+04 4.788E+01 2.62E-08
 3380   1.1325  3.23E-05 1.398E-03 1.997E-02 4.353E-09 8.249E-07 5.280E-02 1.998E-01 3.281E-01 5.869E-01 1.401E+04 4.800E+01 2.61E-08
 3400   1.1332  3.23E-05 1.397E-03 1.995E-02 4.348E-09 8.281E-07 5.279E-02 1.997E-01 3.288E-01 5.837E-01 1.413E+04 4.831E+01 2.61E-08
 3420   1.1338  3.23E-05 1.397E-03 1.993E-02 4.313E-09 8.316E-07 5.278E-02 1.997E-01 3.289E-01 5.801E-01 1.425E+04 4.834E+01 2.59E-08
 3440   1.1345  3.22E-05 1.396E-03 1.991E-02 4.253E-09 8.354E-07 5.276E-02 1.996E-01 3.301E-01 5.760E-01 1.436E+04 4.803E+01 2.55E-08
 3460   1.1351  3.23E-05 1.395E-03 1.990E-02 4.207E-09 8.393E-07 5.274E-02 1.995E-01 3.292E-01 5.713E-01 1.448E+04 4.767E+01 2.52E-08
 3480   1.1358  3.23E-05 1.394E-03 1.988E-02 4.175E-09 8.431E-07 5.273E-02 1.994E-01 3.281E-01 5.665E-01 1.459E+04 4.738E+01 2.51E-08
 3500   1.1364  3.24E-05 1.393E-03 1.986E-02 4.124E-09 8.468E-07 5.271E-02 1.993E-01 3.266E-01 5.615E-01 1.470E+04 4.724E+01 2.47E-08
 3520   1.1371  3.24E-05 1.392E-03 1.984E-02 4.056E-09 8.501E-07 5.269E-02 1.992E-01 3.267E-01 5.559E-01 1.481E+04 4.736E+01 2.43E-08
 3540   1.1377  3.24E-05 1.391E-03 1.982E-02 4.002E-09 8.527E-07 5.267E-02 1.991E-01 3.282E-01 5.503E-01 1.492E+04 4.763E+01 2.40E-08
 3560   1.1384  3.24E-05 1.390E-03 1.981E-02 3.976E-09 8.543E-07 5.265E-02 1.990E-01 3.269E-01 5.447E-01 1.503E+04 4.794E+01 2.39E-08
 3580   1.1390  3.25E-05 1.389E-03 1.979E-02 3.965E-09 8.547E-07 5.263E-02 1.989E-01 3.262E-01 5.402E-01 1.513E+04 4.800E+01 2.38E-08
 3600   1.1397  3.25E-05 1.387E-03 1.977E-02 3.963E-09 8.538E-07 5.260E-02 1.989E-01 3.234E-01 5.395E-01 1.524E+04 4.774E+01 2.38E-08
 3620   1.1403  3.26E-05 1.386E-03 1.975E-02 3.973E-09 8.515E-07 5.257E-02 1.988E-01 3.227E-01 5.384E-01 1.534E+04 4.742E+01 2.38E-08
 3640   1.1410  3.27E-05 1.384E-03 1.974E-02 4.006E-09 8.479E-07 5.253E-02 1.987E-01 3.205E-01 5.373E-01 1.544E+04 4.712E+01 2.40E-08
 3660   1.1416  3.27E-05 1.382E-03 1.972E-02 4.064E-09 8.429E-07 5.250E-02 1.986E-01 3.194E-01 5.387E-01 1.554E+04 4.682E+01 2.44E-08
 3680   1.1423  3.27E-05 1.380E-03 1.970E-02 4.106E-09 8.371E-07 5.247E-02 1.985E-01 3.183E-01 5.403E-01 1.564E+04 4.655E+01 2.46E-08
 3700   1.1429  3.28E-05 1.379E-03 1.968E-02 4.092E-09 8.304E-07 5.243E-02 1.984E-01 3.163E-01 5.419E-01 1.573E+04 4.645E+01 2.46E-08
 3720   1.1436  3.28E-05 1.377E-03 1.966E-02 4.060E-09 8.228E-07 5.240E-02 1.983E-01 3.134E-01 5.444E-01 1.582E+04 4.658E+01 2.44E-08
 3740   1.1442  3.28E-05 1.375E-03 1.965E-02 4.095E-09 8.141E-07 5.237E-02 1.982E-01 3.105E-01 5.472E-01 1.592E+04 4.685E+01 2.46E-08
 3760   1.1449  3.29E-05 1.374E-03 1.963E-02 4.199E-09 8.045E-07 5.234E-02 1.981E-01 3.070E-01 5.507E-01 1.601E+04 4.705E+01 2.52E-08
 3780   1.1455  3.31E-05 1.372E-03 1.961E-02 4.276E-09 7.944E-07 5.230E-02 1.980E-01 3.027E-01 5.542E-01 1.610E+04 4.704E+01 2.57E-08
 3800   1.1462  3.32E-05 1.370E-03 1.959E-02 4.270E-09 7.844E-07 5.227E-02 1.979E-01 2.991E-01 5.572E-01 1.618E+04 4.692E+01 2.56E-08
 3820   1.1469  3.34E-05 1.368E-03 1.957E-02 4.229E-09 7.745E-07 5.223E-02 1.978E-01 2.966E-01 5.599E-01 1.627E+04 4.661E+01 2.54E-08
 3840   1.1475  3.36E-05 1.366E-03 1.955E-02 4.224E-09 7.645E-07 5.218E-02 1.977E-01 2.939E-01 5.605E-01 1.635E+04 4.627E+01 2.53E-08
 3860   1.1482  3.38E-05 1.364E-03 1.953E-02 4.271E-09 7.543E-07 5.214E-02 1.976E-01 2.925E-01 5.597E-01 1.643E+04 4.602E+01 2.56E-08
 3880   1.1489  3.39E-05 1.362E-03 1.951E-02 4.328E-09 7.445E-07 5.211E-02 1.975E-01 2.911E-01 5.596E-01 1.652E+04 4.596E+01 2.60E-08
 3900   1.1496  3.40E-05 1.360E-03 1.949E-02 4.355E-09 7.355E-07 5.207E-02 1.974E-01 2.909E-01 5.590E-01 1.659E+04 4.609E+01 2.61E-08
 3920   1.1503  3.42E-05 1.358E-03 1.947E-02 4.358E-09 7.275E-07 5.204E-02 1.973E-01 2.882E-01 5.573E-01 1.667E+04 4.626E+01 2.61E-08
 3940   1.1509  3.43E-05 1.356E-03 1.945E-02 4.375E-09 7.204E-07 5.200E-02 1.972E-01 2.833E-01 5.558E-01 1.675E+04 4.628E+01 2.62E-08
 3960   1.1516  3.45E-05 1.355E-03 1.943E-02 4.414E-09 7.145E-07 5.196E-02 1.971E-01 2.790E-01 5.555E-01 1.682E+04 4.609E+01 2.65E-08
 3980   1.1523  3.47E-05 1.353E-03 1.941E-02 4.442E-09 7.099E-07 5.193E-02 1.970E-01 2.714E-01 5.557E-01 1.690E+04 4.583E+01 2.67E-08
 4000   1.1530  3.49E-05 1.351E-03 1.939E-02 4.431E-09 7.067E-07 5.189E-02 1.969E-01 2.648E-01 5.559E-01 1.697E+04 4.561E+01 2.66E-08
 4020   1.1537  3.50E-05 1.349E-03 1.937E-02 4.390E-09 7.049E-07 5.186E-02 1.968E-01 2.615E-01 5.565E-01 1.704E+04 4.557E+01 2.63E-08
 4040   1.1544  3.52E-05 1.347E-03 1.935E-02 4.349E-09 7.042E-07 5.182E-02 1.967E-01 2.585E-01 5.585E-01 1.711E+04 4.556E+01 2.61E-08
 4060   1.1551  3.54E-05 1.345E-03 1.933E-02 4.339E-09 7.041E-07 5.179E-02 1.966E-01 2.546E-01 5.608E-01 1.717E+04 4.565E+01 2.60E-08
 4080   1.1558  3.56E-05 1.343E-03 1.931E-02 4.359E-09 7.045E-07 5.175E-02 1.965E-01 2.509E-01 5.635E-01 1.724E+04 4.568E+01 2.62E-08
 4100   1.1565  3.57E-05 1.341E-03 1.929E-02 4.368E-09 7.058E-07 5.171E-02 1.964E-01 2.480E-01 5.663E-01 1.731E+04 4.564E+01 2.62E-08
 4120   1.1573  3.59E-05 1.339E-03 1.927E-02 4.335E-09 7.081E-07 5.168E-02 1.963E-01 2.442E-01 5.680E-01 1.737E+04 4.550E+01 2.60E-08
 4140   1.1580  3.57E-05 1.337E-03 1.925E-02 4.295E-09 7.114E-07 5.163E-02 1.962E-01 2.413E-01 5.684E-01 1.743E+04 4.529E+01 2.58E-08
 4160   1.1587  3.55E-05 1.335E-03 1.922E-02 4.286E-09 7.153E-07 5.159E-02 1.961E-01 2.428E-01 5.678E-01 1.750E+04 4.506E+01 2.57E-08
 4180   1.1594  3.54E-05 1.333E-03 1.920E-02 4.286E-09 7.200E-07 5.155E-02 1.960E-01 2.443E-01 5.658E-01 1.755E+04 4.498E+01 2.57E-08
 4200   1.1601  3.54E-05 1.331E-03 1.918E-02 4.249E-09 7.254E-07 5.151E-02 1.959E-01 2.450E-01 5.639E-01 1.761E+04 4.520E+01 2.55E-08
 4220   1.1608  3.55E-05 1.329E-03 1.916E-02 4.184E-09 7.310E-07 5.147E-02 1.958E-01 2.450E-01 5.623E-01 1.767E+04 4.532E+01 2.51E-08
 4240   1.1615  3.56E-05 1.327E-03 1.914E-02 4.148E-09 7.363E-07 5.143E-02 1.957E-01 2.447E-01 5.616E-01 1.772E+04 4.519E+01 2.49E-08
 4260   1.1622  3.58E-05 1.324E-03 1.912E-02 4.179E-09 7.409E-07 5.138E-02 1.955E-01 2.446E-01 5.610E-01 1.778E+04 4.505E+01 2.51E-08
 4280   1.1630  3.59E-05 1.322E-03 1.910E-02 4.259E-09 7.449E-07 5.134E-02 1.954E-01 2.465E-01 5.589E-01 1.783E+04 4.481E+01 2.56E-08
 4300   1.1637  3.58E-05 1.319E-03 1.907E-02 4.337E-09 7.491E-07 5.129E-02 1.953E-01 2.434E-01 5.549E-01 1.788E+04 4.446E+01 2.60E-08
 4320   1.1644  3.56E-05 1.317E-03 1.905E-02 4.359E-09 7.540E-07 5.124E-02 1.952E-01 2.381E-01 5.502E-01 1.793E+04 4.432E+01 2.62E-08
 4340   1.1651  3.56E-05 1.315E-03 1.903E-02 4.301E-09 7.598E-07 5.120E-02 1.951E-01 2.371E-01 5.486E-01 1.798E+04 4.450E+01 2.58E-08
 4360   1.1658  3.56E-05 1.313E-03 1.901E-02 4.211E-09 7.662E-07 5.116E-02 1.950E-01 2.348E-01 5.481E-01 1.802E+04 4.484E+01 2.53E-08
 4380   1.1665  3.57E-05 1.310E-03 1.899E-02 4.157E-09 7.725E-07 5.111E-02 1.949E-01 2.375E-01 5.469E-01 1.807E+04 4.495E+01 2.49E-08
 4400   1.1672  3.57E-05 1.307E-03 1.897E-02 4.140E-09 7.781E-07 5.106E-02 1.948E-01 2.391E-01 5.445E-01 1.811E+04 4.465E+01 2.48E-08
 4420   1.1680  3.56E-05 1.305E-03 1.895E-02 4.115E-09 7.829E-07 5.100E-02 1.947E-01 2.422E-01 5.447E-01 1.816E+04 4.418E+01 2.47E-08
 4440   1.1687  3.56E-05 1.302E-03 1.892E-02 4.071E-09 7.867E-07 5.095E-02 1.945E-01 2.471E-01 5.445E-01 1.820E+04 4.381E+01 2.44E-08
 4460   1.1694  3.56E-05 1.299E-03 1.890E-02 4.053E-09 7.891E-07 5.090E-02 1.944E-01 2.533E-01 5.446E-01 1.824E+04 4.364E+01 2.43E-08
 4480   1.1701  3.55E-05 1.297E-03 1.888E-02 4.098E-09 7.901E-07 5.085E-02 1.943E-01 2.578E-01 5.450E-01 1.828E+04 4.369E+01 2.46E-08
 4500   1.1708  3.55E-05 1.294E-03 1.886E-02 4.179E-09 7.901E-07 5.080E-02 1.942E-01 2.632E-01 5.451E-01 1.831E+04 4.396E+01 2.51E-08
 4520   1.1715  3.54E-05 1.292E-03 1.884E-02 4.236E-09 7.896E-07 5.075E-02 1.941E-01 2.640E-01 5.444E-01 1.835E+04 4.413E+01 2.54E-08
 4540   1.1722  3.52E-05 1.290E-03 1.882E-02 4.252E-09 7.890E-07 5.070E-02 1.940E-01 2.631E-01 5.422E-01 1.838E+04 4.417E+01 2.55E-08
 4560   1.1729  3.51E-05 1.287E-03 1.880E-02 4.250E-09 7.884E-07 5.065E-02 1.939E-01 2.633E-01 5.384E-01 1.842E+04 4.409E+01 2.55E-08
 4580   1.1736  3.50E-05 1.284E-03 1.877E-02 4.225E-09 7.880E-07 5.060E-02 1.938E-01 2.638E-01 5.392E-01 1.845E+04 4.385E+01 2.53E-08
 4600   1.1743  3.50E-05 1.282E-03 1.875E-02 4.184E-09 7.874E-07 5.055E-02 1.937E-01 2.645E-01 5.404E-01 1.848E+04 4.358E+01 2.51E-08
 4620   1.1750  3.49E-05 1.279E-03 1.873E-02 4.191E-09 7.866E-07 5.049E-02 1.936E-01 2.647E-01 5.406E-01 1.850E+04 4.356E+01 2.51E-08
 4640   1.1757  3.48E-05 1.276E-03 1.871E-02 4.239E-09 7.857E-07 5.044E-02 1.934E-01 2.652E-01 5.395E-01 1.853E+04 4.370E+01 2.54E-08
 4660   1.1764  3.47E-05 1.274E-03 1.869E-02 4.235E-09 7.851E-07 5.039E-02 1.933E-01 2.643E-01 5.375E-01 1.855E+04 4.389E+01 2.54E-08
 4680   1.1771  3.46E-05 1.271E-03 1.867E-02 4.169E-09 7.849E-07 5.034E-02 1.932E-01 2.629E-01 5.364E-01 1.858E+04 4.397E+01 2.50E-08
 4700   1.1778  3.46E-05 1.268E-03 1.865E-02 4.137E-09 7.847E-07 5.028E-02 1.931E-01 2.633E-01 5.401E-01 1.860E+04 4.388E+01 2.48E-08
 4720   1.1785  3.46E-05 1.265E-03 1.863E-02 4.152E-09 7.843E-07 5.022E-02 1.930E-01 2.649E-01 5.422E-01 1.862E+04 4.362E+01 2.49E-08
 4740   1.1792  3.46E-05 1.262E-03 1.861E-02 4.142E-09 7.837E-07 5.016E-02 1.929E-01 2.661E-01 5.419E-01 1.864E+04 4.311E+01 2.49E-08
 4760   1.1799  3.47E-05 1.259E-03 1.858E-02 4.111E-09 7.827E-07 5.010E-02 1.928E-01 2.649E-01 5.406E-01 1.866E+04 4.260E+01 2.47E-08
 4780   1.1806  3.48E-05 1.256E-03 1.856E-02 4.123E-09 7.811E-07 5.005E-02 1.927E-01 2.631E-01 5.387E-01 1.868E+04 4.255E+01 2.47E-08
 4800   1.1813  3.48E-05 1.253E-03 1.854E-02 4.181E-09 7.790E-07 4.999E-02 1.926E-01 2.618E-01 5.365E-01 1.869E+04 4.300E+01 2.51E-08
 4820   1.1820  3.47E-05 1.251E-03 1.852E-02 4.215E-09 7.765E-07 4.994E-02 1.925E-01 2.600E-01 5.350E-01 1.871E+04 4.345E+01 2.53E-08
 4840   1.1827  3.47E-05 1.248E-03 1.850E-02 4.192E-09 7.740E-07 4.988E-02 1.924E-01 2.593E-01 5.346E-01 1.872E+04 4.357E+01 2.51E-08
 4860   1.1833  3.48E-05 1.245E-03 1.848E-02 4.162E-09 7.711E-07 4.982E-02 1.922E-01 2.593E-01 5.334E-01 1.873E+04 4.338E+01 2.50E-08
 4880   1.1840  3.48E-05 1.242E-03 1.846E-02 4.195E-09 7.676E-07 4.976E-02 1.921E-01 2.588E-01 5.319E-01 1.874E+04 4.290E+01 2.52E-08
 4900   1.1847  3.48E-05 1.239E-03 1.844E-02 4.281E-09 7.639E-07 4.970E-02 1.920E-01 2.584E-01 5.308E-01 1.875E+04 4.243E+01 2.57E-08
 4920   1.1854  3.48E-05 1.236E-03 1.842E-02 4.345E-09 7.604E-07 4.963E-02 1.919E-01 2.585E-01 5.300E-01 1.876E+04 4.232E+01 2.61E-08
 4940   1.1861  3.47E-05 1.233E-03 1.840E-02 4.348E-09 7.576E-07 4.958E-02 1.918E-01 2.576E-01 5.295E-01 1.877E+04 4.248E+01 2.61E-08
 4960   1.1868  3.48E-05 1.230E-03 1.837E-02 4.330E-09 7.555E-07 4.952E-02 1.917E-01 2.553E-01 5.293E-01 1.878E+04 4.276E+01 2.60E-08
 4980   1.1875  3.49E-05 1.227E-03 1.835E-02 4.341E-09 7.539E-07 4.946E-02 1.916E-01 2.522E-01 5.291E-01 1.878E+04 4.286E+01 2.60E-08
 5000   1.1882  3.49E-05 1.224E-03 1.833E-02 4.375E-09 7.528E-07 4.940E-02 1.915E-01 2.499E-01 5.280E-01 1.878E+04 4.259E+01 2.62E-08
 5020   1.1889  3.49E-05 1.221E-03 1.831E-02 4.396E-09 7.523E-07 4.933E-02 1.914E-01 2.481E-01 5.267E-01 1.879E+04 4.222E+01 2.64E-08
 5040   1.1896  3.48E-05 1.218E-03 1.829E-02 4.389E-09 7.526E-07 4.927E-02 1.913E-01 2.466E-01 5.265E-01 1.879E+04 4.208E+01 2.63E-08
 5060   1.1903  3.47E-05 1.215E-03 1.827E-02 4.363E-09 7.536E-07 4.921E-02 1.912E-01 2.450E-01 5.262E-01 1.879E+04 4.227E+01 2.62E-08
 5080   1.1910  3.45E-05 1.212E-03 1.825E-02 4.336E-09 7.550E-07 4.916E-02 1.910E-01 2.478E-01 5.255E-01 1.878E+04 4.258E+01 2.60E-08
 5100   1.1917  3.43E-05 1.209E-03 1.823E-02 4.336E-09 7.565E-07 4.910E-02 1.909E-01 2.520E-01 5.242E-01 1.878E+04 4.257E+01 2.60E-08
 5120   1.1924  3.42E-05 1.206E-03 1.821E-02 4.379E-09 7.583E-07 4.903E-02 1.908E-01 2.561E-01 5.224E-01 1.878E+04 4.228E+01 2.63E-08
 5140   1.1931  3.41E-05 1.202E-03 1.819E-02 4.429E-09 7.605E-07 4.897E-02 1.907E-01 2.594E-01 5.203E-01 1.877E+04 4.201E+01 2.66E-08
 5160   1.1937  3.39E-05 1.199E-03 1.817E-02 4.439E-09 7.635E-07 4.891E-02 1.906E-01 2.606E-01 5.176E-01 1.876E+04 4.193E+01 2.66E-08
 5180   1.1944  3.39E-05 1.196E-03 1.815E-02 4.422E-09 7.674E-07 4.884E-02 1.905E-01 2.612E-01 5.144E-01 1.876E+04 4.211E+01 2.65E-08
 5200   1.1951  3.40E-05 1.193E-03 1.813E-02 4.405E-09 7.721E-07 4.878E-02 1.904E-01 2.604E-01 5.111E-01 1.875E+04 4.238E+01 2.64E-08
 5220   1.1958  3.40E-05 1.190E-03 1.811E-02 4.374E-09 7.776E-07 4.871E-02 1.903E-01 2.587E-01 5.082E-01 1.874E+04 4.233E+01 2.62E-08
 5240   1.1965  3.40E-05 1.186E-03 1.809E-02 4.318E-09 7.835E-07 4.864E-02 1.902E-01 2.573E-01 5.057E-01 1.873E+04 4.209E+01 2.59E-08
 5260   1.1971  3.41E-05 1.183E-03 1.807E-02 4.275E-09 7.894E-07 4.857E-02 1.901E-01 2.562E-01 5.045E-01 1.872E+04 4.184E+01 2.56E-08
 5280   1.1978  3.42E-05 1.180E-03 1.805E-02 4.269E-09 7.950E-07 4.850E-02 1.900E-01 2.560E-01 5.034E-01 1.871E+04 4.150E+01 2.56E-08
 5300   1.1985  3.42E-05 1.176E-03 1.803E-02 4.261E-09 8.001E-07 4.843E-02 1.899E-01 2.567E-01 5.033E-01 1.869E+04 4.120E+01 2.56E-08
 5320   1.1992  3.42E-05 1.173E-03 1.801E-02 4.215E-09 8.046E-07 4.837E-02 1.898E-01 2.552E-01 5.053E-01 1.868E+04 4.113E+01 2.53E-08
 5340   1.1999  3.43E-05 1.170E-03 1.799E-02 4.158E-09 8.082E-07 4.831E-02 1.897E-01 2.524E-01 5.072E-01 1.867E+04 4.117E+01 2.49E-08
 5360   1.2006  3.44E-05 1.167E-03 1.797E-02 4.138E-09 8.106E-07 4.825E-02 1.896E-01 2.540E-01 5.096E-01 1.865E+04 4.141E+01 2.48E-08
 5380   1.2012  3.45E-05 1.165E-03 1.795E-02 4.145E-09 8.118E-07 4.820E-02 1.895E-01 2.555E-01 5.108E-01 1.864E+04 4.176E+01 2.49E-08
 5400   1.2019  3.44E-05 1.162E-03 1.793E-02 4.146E-09 8.118E-07 4.814E-02 1.893E-01 2.570E-01 5.122E-01 1.862E+04 4.191E+01 2.49E-08
 5420   1.2026  3.43E-05 1.159E-03 1.790E-02 4.139E-09 8.108E-07 4.809E-02 1.892E-01 2.577E-01 5.136E-01 1.861E+04 4.176E+01 2.48E-08
 5440   1.2033  3.44E-05 1.156E-03 1.788E-02 4.149E-09 8.088E-07 4.802E-02 1.891E-01 2.576E-01 5.147E-01 1.859E+04 4.142E+01 2.49E-08
 5460   1.2040  3.45E-05 1.153E-03 1.786E-02 4.165E-09 8.059E-07 4.796E-02 1.890E-01 2.587E-01 5.151E-01 1.858E+04 4.107E+01 2.50E-08
 5480   1.2047  3.45E-05 1.150E-03 1.784E-02 4.159E-09 8.022E-07 4.790E-02 1.889E-01 2.600E-01 5.145E-01 1.856E+04 4.099E+01 2.50E-08
 5500   1.2054  3.44E-05 1.147E-03 1.782E-02 4.138E-09 7.976E-07 4.784E-02 1.888E-01 2.597E-01 5.132E-01 1.855E+04 4.106E+01 2.48E-08
 5520   1.2061  3.42E-05 1.144E-03 1.780E-02 4.137E-09 7.922E-07 4.778E-02 1.887E-01 2.585E-01 5.103E-01 1.853E+04 4.114E+01 2.48E-08
 5540   1.2067  3.41E-05 1.142E-03 1.778E-02 4.162E-09 7.858E-07 4.772E-02 1.886E-01 2.602E-01 5.073E-01 1.851E+04 4.121E+01 2.50E-08
 5560   1.2074  3.40E-05 1.139E-03 1.776E-02 4.172E-09 7.786E-07 4.766E-02 1.885E-01 2.623E-01 5.053E-01 1.850E+04 4.107E+01 2.50E-08
 5580   1.2081  3.38E-05 1.136E-03 1.774E-02 4.150E-09 7.707E-07 4.760E-02 1.884E-01 2.680E-01 5.043E-01 1.848E+04 4.088E+01 2.49E-08
 5600   1.2088  3.36E-05 1.134E-03 1.772E-02 4.122E-09 7.621E-07 4.755E-02 1.883E-01 2.719E-01 5.034E-01 1.846E+04 4.082E+01 2.47E-08
 5620   1.2095  3.35E-05 1.131E-03 1.770E-02 4.104E-09 7.525E-07 4.749E-02 1.882E-01 2.749E-01 5.031E-01 1.844E+04 4.091E+01 2.46E-08
 5640   1.2101  3.33E-05 1.128E-03 1.768E-02 4.087E-09 7.420E-07 4.744E-02 1.881E-01 2.783E-01 5.039E-01 1.843E+04 4.106E+01 2.45E-08
 5660   1.2108  3.33E-05 1.126E-03 1.766E-02 4.065E-09 7.304E-07 4.738E-02 1.879E-01 2.800E-01 5.059E-01 1.841E+04 4.113E+01 2.44E-08
 5680   1.2114  3.31E-05 1.123E-03 1.764E-02 4.056E-09 7.174E-07 4.733E-02 1.878E-01 2.834E-01 5.077E-01 1.839E+04 4.106E+01 2.43E-08
 5700   1.2121  3.30E-05 1.120E-03 1.762E-02 4.086E-09 7.031E-07 4.727E-02 1.877E-01 2.864E-01 5.085E-01 1.837E+04 4.079E+01 2.45E-08
 5720   1.2128  3.30E-05 1.118E-03 1.760E-02 4.156E-09 6.875E-07 4.721E-02 1.876E-01 2.880E-01 5.084E-01 1.835E+04 4.053E+01 2.49E-08
 5740   1.2134  3.29E-05 1.115E-03 1.758E-02 4.245E-09 6.712E-07 4.715E-02 1.875E-01 2.901E-01 5.074E-01 1.834E+04 4.043E+01 2.55E-08
 5760   1.2141  3.28E-05 1.112E-03 1.756E-02 4.329E-09 6.548E-07 4.710E-02 1.874E-01 2.925E-01 5.062E-01 1.832E+04 4.045E+01 2.60E-08
 5780   1.2147  3.28E-05 1.110E-03 1.754E-02 4.383E-09 6.391E-07 4.704E-02 1.873E-01 2.935E-01 5.043E-01 1.830E+04 4.039E+01 2.63E-08
 5800   1.2154  3.28E-05 1.107E-03 1.753E-02 4.391E-09 6.247E-07 4.699E-02 1.872E-01 2.932E-01 5.014E-01 1.828E+04 4.022E+01 2.63E-08
 5820   1.2161  3.28E-05 1.105E-03 1.751E-02 4.379E-09 6.117E-07 4.694E-02 1.871E-01 2.923E-01 5.012E-01 1.826E+04 4.008E+01 2.63E-08
 5840   1.2167  3.29E-05 1.103E-03 1.749E-02 4.405E-09 6.004E-07 4.689E-02 1.870E-01 2.914E-01 5.026E-01 1.825E+04 4.014E+01 2.64E-08
 5860   1.2174  3.30E-05 1.100E-03 1.747E-02 4.479E-09 5.909E-07 4.684E-02 1.869E-01 2.899E-01 5.028E-01 1.823E+04 4.044E+01 2.69E-08
 5880   1.2180  3.30E-05 1.098E-03 1.745E-02 4.535E-09 5.841E-07 4.679E-02 1.868E-01 2.884E-01 5.016E-01 1.821E+04 4.078E+01 2.72E-08
 5900   1.2187  3.31E-05 1.096E-03 1.743E-02 4.517E-09 5.803E-07 4.674E-02 1.867E-01 2.873E-01 4.994E-01 1.818E+04 4.085E+01 2.71E-08
 5920   1.2194  3.32E-05 1.093E-03 1.741E-02 4.472E-09 5.795E-07 4.669E-02 1.866E-01 2.858E-01 4.962E-01 1.816E+04 4.056E+01 2.68E-08
 5940   1.2200  3.33E-05 1.090E-03 1.739E-02 4.480E-09 5.812E-07 4.663E-02 1.865E-01 2.838E-01 4.953E-01 1.814E+04 4.006E+01 2.69E-08
 5960   1.2207  3.33E-05 1.088E-03 1.737E-02 4.521E-09 5.854E-07 4.657E-02 1.864E-01 2.826E-01 4.952E-01 1.812E+04 3.967E+01 2.71E-08
 5980   1.2214  3.32E-05 1.085E-03 1.735E-02 4.502E-09 5.922E-07 4.652E-02 1.863E-01 2.823E-01 4.953E-01 1.810E+04 3.970E+01 2.70E-08
 6000   1.2220  3.32E-05 1.083E-03 1.733E-02 4.419E-09 6.013E-07 4.646E-02 1.862E-01 2.838E-01 4.953E-01 1.807E+04 3.998E+01 2.65E-08
 6020   1.2227  3.32E-05 1.081E-03 1.731E-02 4.357E-09 6.119E-07 4.641E-02 1.861E-01 2.837E-01 4.952E-01 1.805E+04 4.019E+01 2.61E-08
 6040   1.2233  3.33E-05 1.078E-03 1.729E-02 4.339E-09 6.236E-07 4.636E-02 1.860E-01 2.819E-01 4.955E-01 1.803E+04 4.025E+01 2.60E-08
 6060   1.2240  3.33E-05 1.076E-03 1.727E-02 4.307E-09 6.360E-07 4.631E-02 1.859E-01 2.821E-01 4.960E-01 1.800E+04 4.002E+01 2.58E-08
 6080   1.2247  3.33E-05 1.073E-03 1.725E-02 4.253E-09 6.490E-07 4.626E-02 1.858E-01 2.830E-01 4.967E-01 1.798E+04 3.965E+01 2.55E-08
 6100   1.2253  3.33E-05 1.071E-03 1.723E-02 4.231E-09 6.621E-07 4.620E-02 1.857E-01 2.825E-01 4.974E-01 1.795E+04 3.952E+01 2.54E-08
 6120   1.2260  3.32E-05 1.068E-03 1.721E-02 4.233E-09 6.751E-07 4.615E-02 1.855E-01 2.842E-01 4.975E-01 1.792E+04 3.959E+01 2.54E-08
 6140   1.2267  3.32E-05 1.066E-03 1.719E-02 4.199E-09 6.879E-07 4.610E-02 1.854E-01 2.864E-01 4.969E-01 1.790E+04 3.961E+01 2.52E-08
 6160   1.2273  3.32E-05 1.064E-03 1.718E-02 4.135E-09 7.001E-07 4.606E-02 1.853E-01 2.874E-01 4.958E-01 1.787E+04 3.958E+01 2.48E-08
 6180   1.2280  3.31E-05 1.062E-03 1.716E-02 4.101E-09 7.113E-07 4.601E-02 1.852E-01 2.903E-01 4.950E-01 1.784E+04 3.959E+01 2.46E-08
 6200   1.2287  3.30E-05 1.059E-03 1.714E-02 4.098E-09 7.211E-07 4.596E-02 1.851E-01 2.939E-01 4.946E-01 1.781E+04 3.972E+01 2.46E-08
 6220   1.2293  3.29E-05 1.057E-03 1.712E-02 4.081E-09 7.295E-07 4.591E-02 1.850E-01 2.975E-01 4.951E-01 1.779E+04 3.983E+01 2.45E-08
 6240   1.2300  3.28E-05 1.055E-03 1.710E-02 4.046E-09 7.363E-07 4.586E-02 1.849E-01 2.981E-01 4.965E-01 1.776E+04 3.984E+01 2.43E-08
 6260   1.2306  3.28E-05 1.052E-03 1.708E-02 4.028E-09 7.415E-07 4.581E-02 1.848E-01 2.996E-01 4.972E-01 1.773E+04 3.970E+01 2.42E-08
 6280   1.2313  3.27E-05 1.050E-03 1.706E-02 4.050E-09 7.450E-07 4.575E-02 1.847E-01 2.997E-01 4.977E-01 1.770E+04 3.949E+01 2.43E-08
 6300   1.2319  3.27E-05 1.048E-03 1.704E-02 4.098E-09 7.469E-07 4.570E-02 1.846E-01 3.003E-01 4.983E-01 1.767E+04 3.917E+01 2.46E-08
 6320   1.2326  3.26E-05 1.045E-03 1.702E-02 4.130E-09 7.476E-07 4.564E-02 1.845E-01 3.011E-01 5.000E-01 1.765E+04 3.893E+01 2.48E-08
 6340   1.2332  3.25E-05 1.043E-03 1.700E-02 4.127E-09 7.474E-07 4.559E-02 1.844E-01 3.033E-01 5.015E-01 1.762E+04 3.893E+01 2.48E-08
 6360   1.2339  3.24E-05 1.041E-03 1.699E-02 4.130E-09 7.464E-07 4.555E-02 1.843E-01 3.063E-01 5.026E-01 1.759E+04 3.914E+01 2.48E-08
 6380   1.2345  3.24E-05 1.038E-03 1.697E-02 4.183E-09 7.446E-07 4.550E-02 1.842E-01 3.072E-01 5.038E-01 1.756E+04 3.943E+01 2.51E-08
 6400   1.2352  3.25E-05 1.036E-03 1.695E-02 4.254E-09 7.424E-07 4.545E-02 1.841E-01 3.054E-01 5.045E-01 1.753E+04 3.952E+01 2.55E-08
 6420   1.2358  3.25E-05 1.034E-03 1.693E-02 4.283E-09 7.403E-07 4.540E-02 1.840E-01 3.061E-01 5.044E-01 1.750E+04 3.943E+01 2.57E-08
 6440   1.2365  3.26E-05 1.032E-03 1.691E-02 4.265E-09 7.385E-07 4.535E-02 1.839E-01 3.051E-01 5.037E-01 1.747E+04 3.925E+01 2.56E-08
 6460   1.2371  3.25E-05 1.029E-03 1.689E-02 4.231E-09 7.369E-07 4.530E-02 1.838E-01 3.067E-01 5.031E-01 1.744E+04 3.894E+01 2.54E-08
 6480   1.2378  3.25E-05 1.027E-03 1.687E-02 4.207E-09 7.355E-07 4.525E-02 1.837E-01 3.075E-01 5.029E-01 1.741E+04 3.871E+01 2.52E-08
 6500   1.2384  3.25E-05 1.025E-03 1.685E-02 4.208E-09 7.339E-07 4.520E-02 1.836E-01 3.065E-01 5.027E-01 1.738E+04 3.874E+01 2.53E-08
 6520   1.2391  3.25E-05 1.023E-03 1.683E-02 4.247E-09 7.322E-07 4.516E-02 1.835E-01 3.076E-01 5.030E-01 1.735E+04 3.883E+01 2.55E-08
 6540   1.2397  3.25E-05 1.021E-03 1.682E-02 4.299E-09 7.306E-07 4.511E-02 1.834E-01 3.050E-01 5.041E-01 1.732E+04 3.894E+01 2.58E-08
 6560   1.2404  3.26E-05 1.019E-03 1.680E-02 4.318E-09 7.293E-07 4.507E-02 1.833E-01 3.015E-01 5.054E-01 1.729E+04 3.897E+01 2.59E-08
 6580   1.2410  3.27E-05 1.017E-03 1.678E-02 4.292E-09 7.284E-07 4.502E-02 1.832E-01 2.962E-01 5.068E-01 1.726E+04 3.895E+01 2.57E-08
 6600   1.2417  3.28E-05 1.015E-03 1.676E-02 4.246E-09 7.277E-07 4.498E-02 1.831E-01 2.916E-01 5.082E-01 1.723E+04 3.899E+01 2.55E-08
 6620   1.2424  3.30E-05 1.013E-03 1.674E-02 4.209E-09 7.269E-07 4.493E-02 1.830E-01 2.878E-01 5.092E-01 1.720E+04 3.888E+01 2.53E-08
 6640   1.2430  3.31E-05 1.010E-03 1.672E-02 4.207E-09 7.259E-07 4.488E-02 1.829E-01 2.843E-01 5.096E-01 1.717E+04 3.850E+01 2.52E-08
 6660   1.2437  3.32E-05 1.008E-03 1.670E-02 4.250E-09 7.245E-07 4.484E-02 1.828E-01 2.805E-01 5.093E-01 1.713E+04 3.833E+01 2.55E-08
 6680   1.2443  3.34E-05 1.006E-03 1.669E-02 4.289E-09 7.232E-07 4.479E-02 1.827E-01 2.759E-01 5.084E-01 1.710E+04 3.846E+01 2.57E-08
 6700   1.2450  3.35E-05 1.004E-03 1.667E-02 4.264E-09 7.222E-07 4.475E-02 1.826E-01 2.732E-01 5.072E-01 1.707E+04 3.857E+01 2.56E-08
 6720   1.2457  3.36E-05 1.003E-03 1.665E-02 4.217E-09 7.211E-07 4.470E-02 1.825E-01 2.701E-01 5.063E-01 1.704E+04 3.857E+01 2.53E-08
 6740   1.2464  3.38E-05 1.001E-03 1.663E-02 4.240E-09 7.198E-07 4.466E-02 1.824E-01 2.655E-01 5.060E-01 1.701E+04 3.850E+01 2.54E-08
 6760   1.2470  3.39E-05 9.987E-04 1.661E-02 4.322E-09 7.183E-07 4.462E-02 1.823E-01 2.611E-01 5.059E-01 1.697E+04 3.848E+01 2.59E-08
 6780   1.2477  3.41E-05 9.968E-04 1.659E-02 4.363E-09 7.171E-07 4.457E-02 1.822E-01 2.567E-01 5.057E-01 1.694E+04 3.853E+01 2.62E-08
 6800   1.2484  3.43E-05 9.948E-04 1.657E-02 4.333E-09 7.166E-07 4.453E-02 1.820E-01 2.509E-01 5.063E-01 1.691E+04 3.863E+01 2.60E-08
 6820   1.2491  3.44E-05 9.928E-04 1.655E-02 4.288E-09 7.165E-07 4.449E-02 1.819E-01 2.495E-01 5.082E-01 1.688E+04 3.864E+01 2.57E-08
 6840   1.2498  3.44E-05 9.907E-04 1.653E-02 4.264E-09 7.166E-07 4.444E-02 1.818E-01 2.473E-01 5.106E-01 1.684E+04 3.840E+01 2.56E-08
 6860   1.2505  3.46E-05 9.885E-04 1.651E-02 4.259E-09 7.167E-07 4.439E-02 1.817E-01 2.459E-01 5.135E-01 1.681E+04 3.805E+01 2.56E-08
 6880   1.2512  3.45E-05 9.865E-04 1.649E-02 4.271E-09 7.168E-07 4.435E-02 1.816E-01 2.466E-01 5.164E-01 1.678E+04 3.788E+01 2.56E-08
 6900   1.2518  3.44E-05 9.846E-04 1.647E-02 4.276E-09 7.170E-07 4.431E-02 1.815E-01 2.481E-01 5.186E-01 1.674E+04 3.799E+01 2.57E-08
 6920   1.2525  3.43E-05 9.828E-04 1.645E-02 4.243E-09 7.175E-07 4.427E-02 1.814E-01 2.466E-01 5.198E-01 1.671E+04 3.823E+01 2.55E-08
 6940   1.2532  3.43E-05 9.811E-04 1.643E-02 4.211E-09 7.179E-07 4.423E-02 1.813E-01 2.470E-01 5.200E-01 1.668E+04 3.835E+01 2.53E-08
 6960   1.2539  3.43E-05 9.793E-04 1.642E-02 4.232E-09 7.180E-07 4.419E-02 1.812E-01 2.465E-01 5.198E-01 1.664E+04 3.828E+01 2.54E-08
 6980   1.2546  3.44E-05 9.774E-04 1.640E-02 4.271E-09 7.178E-07 4.415E-02 1.811E-01 2.446E-01 5.193E-01 1.661E+04 3.805E+01 2.56E-08
 7000   1.2553  3.45E-05 9.756E-04 1.638E-02 4.286E-09 7.174E-07 4.410E-02 1.810E-01 2.432E-01 5.188E-01 1.657E+04 3.785E+01 2.57E-08
 7020   1.2560  3.45E-05 9.738E-04 1.636E-02 4.312E-09 7.169E-07 4.406E-02 1.809E-01 2.426E-01 5.181E-01 1.654E+04 3.771E+01 2.59E-08
 7040   1.2567  3.45E-05 9.721E-04 1.634E-02 4.372E-09 7.164E-07 4.402E-02 1.808E-01 2.418E-01 5.179E-01 1.651E+04 3.765E+01 2.62E-08
 7060   1.2574  3.45E-05 9.705E-04 1.632E-02 4.414E-09 7.163E-07 4.399E-02 1.807E-01 2.410E-01 5.184E-01 1.647E+04 3.777E+01 2.65E-08
 7080   1.2580  3.45E-05 9.689E-04 1.630E-02 4.410E-09 7.169E-07 4.395E-02 1.806E-01 2.421E-01 5.184E-01 1.644E+04 3.806E+01 2.65E-08
 7100   1.2587  3.46E-05 9.673E-04 1.628E-02 4.380E-09 7.182E-07 4.392E-02 1.804E-01 2.411E-01 5.177E-01 1.640E+04 3.818E+01 2.63E-08
 7120   1.2594  3.47E-05 9.655E-04 1.626E-02 4.336E-09 7.203E-07 4.388E-02 1.803E-01 2.391E-01 5.167E-01 1.637E+04 3.783E+01 2.60E-08
 7140   1.2601  3.48E-05 9.637E-04 1.624E-02 4.308E-09 7.228E-07 4.384E-02 1.802E-01 2.392E-01 5.159E-01 1.633E+04 3.737E+01 2.58E-08
 7160   1.2608  3.48E-05 9.620E-04 1.622E-02 4.340E-09 7.257E-07 4.380E-02 1.801E-01 2.398E-01 5.147E-01 1.630E+04 3.738E+01 2.60E-08
 7180   1.2615  3.48E-05 9.605E-04 1.620E-02 4.381E-09 7.294E-07 4.376E-02 1.800E-01 2.414E-01 5.128E-01 1.626E+04 3.778E+01 2.63E-08
 7200   1.2622  3.47E-05 9.588E-04 1.618E-02 4.343E-09 7.342E-07 4.373E-02 1.799E-01 2.432E-01 5.111E-01 1.623E+04 3.810E+01 2.61E-08
 7220   1.2629  3.47E-05 9.571E-04 1.616E-02 4.273E-09 7.395E-07 4.369E-02 1.798E-01 2.422E-01 5.092E-01 1.619E+04 3.801E+01 2.56E-08
 7240   1.2636  3.47E-05 9.552E-04 1.615E-02 4.258E-09 7.449E-07 4.364E-02 1.797E-01 2.414E-01 5.071E-01 1.616E+04 3.766E+01 2.55E-08
 7260   1.2643  3.46E-05 9.534E-04 1.613E-02 4.249E-09 7.501E-07 4.360E-02 1.796E-01 2.435E-01 5.050E-01 1.612E+04 3.734E+01 2.55E-08
 7280   1.2650  3.45E-05 9.515E-04 1.611E-02 4.179E-09 7.548E-07 4.356E-02 1.795E-01 2.453E-01 5.031E-01 1.608E+04 3.718E+01 2.51E-08
 7300   1.2657  3.45E-05 9.498E-04 1.609E-02 4.124E-09 7.586E-07 4.352E-02 1.794E-01 2.460E-01 5.033E-01 1.605E+04 3.725E+01 2.47E-08
 7320   1.2664  3.44E-05 9.482E-04 1.607E-02 4.148E-09 7.610E-07 4.348E-02 1.793E-01 2.480E-01 5.035E-01 1.601E+04 3.737E+01 2.49E-08
 7340   1.2670  3.44E-05 9.466E-04 1.605E-02 4.168E-09 7.623E-07 4.344E-02 1.792E-01 2.486E-01 5.037E-01 1.598E+04 3.743E+01 2.50E-08
 7360   1.2677  3.44E-05 9.449E-04 1.603E-02 4.126E-09 7.628E-07 4.341E-02 1.791E-01 2.476E-01 5.038E-01 1.594E+04 3.747E+01 2.48E-08
 7380   1.2684  3.45E-05 9.432E-04 1.602E-02 4.102E-09 7.623E-07 4.336E-02 1.790E-01 2.455E-01 5.048E-01 1.590E+04 3.735E+01 2.46E-08
 7400   1.2691  3.46E-05 9.414E-04 1.600E-02 4.139E-09 7.607E-07 4.332E-02 1.789E-01 2.429E-01 5.066E-01 1.587E+04 3.712E+01 2.48E-08
 7420   1.2698  3.46E-05 9.397E-04 1.598E-02 4.137E-09 7.584E-07 4.328E-02 1.788E-01 2.447E-01 5.081E-01 1.583E+04 3.705E+01 2.48E-08
 7440   1.2705  3.46E-05 9.380E-04 1.596E-02 4.056E-09 7.553E-07 4.324E-02 1.787E-01 2.475E-01 5.081E-01 1.579E+04 3.716E+01 2.43E-08
 7460   1.2712  3.46E-05 9.363E-04 1.594E-02 4.020E-09 7.509E-07 4.320E-02 1.786E-01 2.499E-01 5.075E-01 1.576E+04 3.732E+01 2.41E-08
 7480   1.2719  3.45E-05 9.346E-04 1.592E-02 4.095E-09 7.450E-07 4.316E-02 1.785E-01 2.514E-01 5.076E-01 1.572E+04 3.738E+01 2.46E-08
 7500   1.2726  3.44E-05 9.328E-04 1.590E-02 4.182E-09 7.379E-07 4.312E-02 1.784E-01 2.521E-01 5.081E-01 1.569E+04 3.722E+01 2.51E-08
 7520   1.2733  3.44E-05 9.309E-04 1.589E-02 4.196E-09 7.304E-07 4.308E-02 1.782E-01 2.541E-01 5.083E-01 1.565E+04 3.699E+01 2.52E-08
 7540   1.2739  3.44E-05 9.291E-04 1.587E-02 4.176E-09 7.223E-07 4.304E-02 1.781E-01 2.552E-01 5.085E-01 1.562E+04 3.692E+01 2.51E-08
 7560   1.2746  3.44E-05 9.274E-04 1.585E-02 4.170E-09 7.137E-07 4.299E-02 1.780E-01 2.535E-01 5.080E-01 1.558E+04 3.699E+01 2.50E-08
 7580   1.2753  3.45E-05 9.256E-04 1.583E-02 4.172E-09 7.043E-07 4.295E-02 1.779E-01 2.518E-01 5.062E-01 1.555E+04 3.708E+01 2.50E-08
 7600   1.2760  3.45E-05 9.238E-04 1.581E-02 4.189E-09 6.941E-07 4.291E-02 1.778E-01 2.503E-01 5.043E-01 1.552E+04 3.703E+01 2.51E-08
 7620   1.2767  3.46E-05 9.220E-04 1.580E-02 4.235E-09 6.835E-07 4.287E-02 1.777E-01 2.504E-01 5.035E-01 1.548E+04 3.680E+01 2.54E-08
 7640   1.2774  3.45E-05 9.203E-04 1.578E-02 4.289E-09 6.726E-07 4.283E-02 1.776E-01 2.506E-01 5.032E-01 1.545E+04 3.660E+01 2.57E-08
 7660   1.2781  3.44E-05 9.186E-04 1.576E-02 4.330E-09 6.622E-07 4.279E-02 1.775E-01 2.519E-01 5.032E-01 1.542E+04 3.654E+01 2.60E-08
 7680   1.2788  3.43E-05 9.170E-04 1.574E-02 4.371E-09 6.524E-07 4.275E-02 1.774E-01 2.534E-01 5.031E-01 1.538E+04 3.670E+01 2.62E-08
 7700   1.2795  3.43E-05 9.155E-04 1.572E-02 4.404E-09 6.437E-07 4.272E-02 1.773E-01 2.556E-01 5.034E-01 1.535E+04 3.693E+01 2.64E-08
 7720   1.2801  3.43E-05 9.139E-04 1.571E-02 4.389E-09 6.363E-07 4.268E-02 1.772E-01 2.566E-01 5.037E-01 1.532E+04 3.691E+01 2.63E-08
 7740   1.2808  3.44E-05 9.122E-04 1.569E-02 4.341E-09 6.300E-07 4.264E-02 1.771E-01 2.571E-01 5.032E-01 1.529E+04 3.682E+01 2.60E-08
 7760   1.2815  3.44E-05 9.105E-04 1.567E-02 4.344E-09 6.243E-07 4.259E-02 1.770E-01 2.564E-01 5.022E-01 1.525E+04 3.674E+01 2.61E-08
 7780   1.2822  3.44E-05 9.088E-04 1.565E-02 4.409E-09 6.193E-07 4.255E-02 1.769E-01 2.552E-01 5.009E-01 1.522E+04 3.670E+01 2.65E-08
 7800   1.2829  3.45E-05 9.070E-04 1.563E-02 4.439E-09 6.155E-07 4.251E-02 1.768E-01 2.530E-01 4.996E-01 1.519E+04 3.662E+01 2.66E-08
 7820   1.2836  3.45E-05 9.052E-04 1.562E-02 4.390E-09 6.135E-07 4.246E-02 1.767E-01 2.502E-01 4.992E-01 1.516E+04 3.644E+01 2.63E-08
 7840   1.2843  3.45E-05 9.034E-04 1.560E-02 4.355E-09 6.131E-07 4.242E-02 1.766E-01 2.480E-01 4.999E-01 1.513E+04 3.627E+01 2.61E-08
 7860   1.2850  3.45E-05 9.018E-04 1.558E-02 4.384E-09 6.142E-07 4.238E-02 1.765E-01 2.460E-01 5.004E-01 1.510E+04 3.624E+01 2.63E-08
 7880   1.2857  3.45E-05 9.002E-04 1.556E-02 4.397E-09 6.173E-07 4.235E-02 1.764E-01 2.443E-01 5.006E-01 1.507E+04 3.634E+01 2.64E-08
 7900   1.2863  3.45E-05 8.987E-04 1.555E-02 4.351E-09 6.224E-07 4.231E-02 1.763E-01 2.438E-01 5.003E-01 1.504E+04 3.648E+01 2.61E-08
 7920   1.2870  3.46E-05 8.972E-04 1.553E-02 4.328E-09 6.291E-07 4.228E-02 1.762E-01 2.424E-01 4.998E-01 1.501E+04 3.657E+01 2.60E-08
 7940   1.2877  3.46E-05 8.956E-04 1.551E-02 4.376E-09 6.371E-07 4.224E-02 1.761E-01 2.419E-01 4.989E-01 1.498E+04 3.645E+01 2.63E-08
 7960   1.2884  3.46E-05 8.940E-04 1.549E-02 4.423E-09 6.464E-07 4.220E-02 1.760E-01 2.425E-01 4.979E-01 1.494E+04 3.620E+01 2.65E-08
 7980   1.2891  3.45E-05 8.924E-04 1.548E-02 4.397E-09 6.572E-07 4.217E-02 1.759E-01 2.443E-01 4.964E-01 1.491E+04 3.615E+01 2.64E-08
 8000   1.2898  3.44E-05 8.908E-04 1.546E-02 4.319E-09 6.689E-07 4.213E-02 1.758E-01 2.467E-01 4.945E-01 1.488E+04 3.631E+01 2.59E-08
 8020   1.2905  3.44E-05 8.893E-04 1.544E-02 4.246E-09 6.808E-07 4.210E-02 1.757E-01 2.465E-01 4.923E-01 1.485E+04 3.643E+01 2.55E-08
 8040   1.2912  3.45E-05 8.876E-04 1.542E-02 4.209E-09 6.923E-07 4.206E-02 1.756E-01 2.449E-01 4.903E-01 1.482E+04 3.637E+01 2.53E-08
 8060   1.2919  3.46E-05 8.859E-04 1.541E-02 4.196E-09 7.032E-07 4.202E-02 1.755E-01 2.430E-01 4.877E-01 1.479E+04 3.618E+01 2.52E-08
 8080   1.2926  3.46E-05 8.842E-04 1.539E-02 4.162E-09 7.133E-07 4.198E-02 1.754E-01 2.413E-01 4.846E-01 1.476E+04 3.600E+01 2.50E-08
 8100   1.2932  3.47E-05 8.825E-04 1.537E-02 4.103E-09 7.225E-07 4.194E-02 1.753E-01 2.399E-01 4.814E-01 1.473E+04 3.602E+01 2.46E-08
 8120   1.2939  3.47E-05 8.809E-04 1.536E-02 4.069E-09 7.305E-07 4.190E-02 1.753E-01 2.387E-01 4.782E-01 1.469E+04 3.618E+01 2.44E-08
 8140   1.2946  3.47E-05 8.792E-04 1.534E-02 4.065E-09 7.370E-07 4.186E-02 1.752E-01 2.401E-01 4.754E-01 1.466E+04 3.622E+01 2.44E-08
 8160   1.2953  3.46E-05 8.774E-04 1.532E-02 4.048E-09 7.422E-07 4.182E-02 1.751E-01 2.427E-01 4.737E-01 1.463E+04 3.610E+01 2.43E-08
 8180   1.2960  3.45E-05 8.757E-04 1.531E-02 4.015E-09 7.458E-07 4.178E-02 1.750E-01 2.451E-01 4.736E-01 1.460E+04 3.587E+01 2.41E-08
 8200   1.2967  3.44E-05 8.739E-04 1.529E-02 4.001E-09 7.476E-07 4.174E-02 1.749E-01 2.465E-01 4.735E-01 1.457E+04 3.569E+01 2.40E-08
 8220   1.2974  3.45E-05 8.723E-04 1.527E-02 4.018E-09 7.478E-07 4.170E-02 1.748E-01 2.445E-01 4.726E-01 1.454E+04 3.574E+01 2.41E-08
 8240   1.2981  3.46E-05 8.707E-04 1.526E-02 4.061E-09 7.463E-07 4.166E-02 1.747E-01 2.418E-01 4.713E-01 1.451E+04 3.602E+01 2.44E-08
 8260   1.2988  3.47E-05 8.690E-04 1.524E-02 4.111E-09 7.436E-07 4.162E-02 1.746E-01 2.384E-01 4.706E-01 1.448E+04 3.625E+01 2.47E-08
 8280   1.2995  3.49E-05 8.672E-04 1.522E-02 4.147E-09 7.400E-07 4.158E-02 1.745E-01 2.387E-01 4.710E-01 1.444E+04 3.629E+01 2.49E-08
 8300   1.3002  3.51E-05 8.653E-04 1.520E-02 4.179E-09 7.358E-07 4.154E-02 1.744E-01 2.388E-01 4.714E-01 1.441E+04 3.602E+01 2.51E-08
 8320   1.3009  3.53E-05 8.633E-04 1.519E-02 4.226E-09 7.313E-07 4.149E-02 1.743E-01 2.374E-01 4.712E-01 1.438E+04 3.550E+01 2.54E-08
 8340   1.3016  3.53E-05 8.614E-04 1.517E-02 4.247E-09 7.267E-07 4.144E-02 1.742E-01 2.361E-01 4.705E-01 1.435E+04 3.519E+01 2.55E-08
 8360   1.3023  3.53E-05 8.597E-04 1.515E-02 4.211E-09 7.220E-07 4.140E-02 1.741E-01 2.364E-01 4.694E-01 1.431E+04 3.530E+01 2.53E-08
 8380   1.3030  3.52E-05 8.581E-04 1.514E-02 4.177E-09 7.169E-07 4.136E-02 1.740E-01 2.393E-01 4.681E-01 1.428E+04 3.571E+01 2.51E-08
 8400   1.3037  3.51E-05 8.565E-04 1.512E-02 4.192E-09 7.110E-07 4.132E-02 1.739E-01 2.411E-01 4.664E-01 1.425E+04 3.594E+01 2.52E-08
 8420   1.3044  3.51E-05 8.548E-04 1.510E-02 4.232E-09 7.044E-07 4.128E-02 1.738E-01 2.429E-01 4.649E-01 1.421E+04 3.574E+01 2.54E-08
 8440   1.3051  3.51E-05 8.531E-04 1.509E-02 4.268E-09 6.974E-07 4.124E-02 1.737E-01 2.426E-01 4.634E-01 1.418E+04 3.537E+01 2.56E-08
 8460   1.3058  3.52E-05 8.514E-04 1.507E-02 4.284E-09 6.902E-07 4.120E-02 1.736E-01 2.427E-01 4.616E-01 1.415E+04 3.522E+01 2.57E-08
 8480   1.3065  3.53E-05 8.498E-04 1.505E-02 4.280E-09 6.830E-07 4.116E-02 1.735E-01 2.418E-01 4.598E-01 1.412E+04 3.541E+01 2.57E-08
 8500   1.3072  3.54E-05 8.483E-04 1.504E-02 4.293E-09 6.759E-07 4.112E-02 1.734E-01 2.400E-01 4.584E-01 1.408E+04 3.571E+01 2.58E-08
 8520   1.3079  3.55E-05 8.466E-04 1.502E-02 4.339E-09 6.688E-07 4.108E-02 1.733E-01 2.379E-01 4.567E-01 1.405E+04 3.586E+01 2.60E-08
 8540   1.3086  3.55E-05 8.448E-04 1.500E-02 4.375E-09 6.623E-07 4.104E-02 1.732E-01 2.364E-01 4.543E-01 1.402E+04 3.569E+01 2.63E-08
 8560   1.3093  3.55E-05 8.429E-04 1.499E-02 4.391E-09 6.565E-07 4.099E-02 1.731E-01 2.372E-01 4.525E-01 1.399E+04 3.539E+01 2.63E-08
 8580   1.3101  3.55E-05 8.411E-04 1.497E-02 4.410E-09 6.518E-07 4.095E-02 1.730E-01 2.365E-01 4.530E-01 1.395E+04 3.523E+01 2.65E-08
 8600   1.3108  3.54E-05 8.393E-04 1.495E-02 4.403E-09 6.484E-07 4.090E-02 1.729E-01 2.373E-01 4.543E-01 1.392E+04 3.533E+01 2.64E-08
 8620   1.3115  3.54E-05 8.375E-04 1.494E-02 4.374E-09 6.462E-07 4.086E-02 1.728E-01 2.367E-01 4.563E-01 1.389E+04 3.543E+01 2.62E-08
 8640   1.3122  3.55E-05 8.356E-04 1.492E-02 4.391E-09 6.450E-07 4.081E-02 1.727E-01 2.372E-01 4.583E-01 1.386E+04 3.531E+01 2.63E-08
 8660   1.3129  3.55E-05 8.338E-04 1.490E-02 4.423E-09 6.451E-07 4.077E-02 1.726E-01 2.390E-01 4.595E-01 1.383E+04 3.516E+01 2.65E-08
 8680   1.3136  3.55E-05 8.320E-04 1.489E-02 4.368E-09 6.468E-07 4.072E-02 1.725E-01 2.399E-01 4.603E-01 1.379E+04 3.508E+01 2.62E-08
 8700   1.3143  3.55E-05 8.303E-04 1.487E-02 4.271E-09 6.495E-07 4.068E-02 1.725E-01 2.412E-01 4.610E-01 1.376E+04 3.510E+01 2.56E-08
 8720   1.3150  3.54E-05 8.286E-04 1.485E-02 4.253E-09 6.526E-07 4.064E-02 1.724E-01 2.391E-01 4.615E-01 1.373E+04 3.511E+01 2.55E-08
 8740   1.3157  3.52E-05 8.270E-04 1.484E-02 4.288E-09 6.558E-07 4.060E-02 1.723E-01 2.378E-01 4.618E-01 1.370E+04 3.492E+01 2.57E-08
 8760   1.3164  3.50E-05 8.254E-04 1.482E-02 4.278E-09 6.596E-07 4.056E-02 1.722E-01 2.353E-01 4.617E-01 1.367E+04 3.470E+01 2.57E-08
 8780   1.3171  3.49E-05 8.239E-04 1.480E-02 4.244E-09 6.637E-07 4.053E-02 1.721E-01 2.360E-01 4.609E-01 1.364E+04 3.466E+01 2.55E-08
 8800   1.3178  3.47E-05 8.226E-04 1.479E-02 4.245E-09 6.680E-07 4.049E-02 1.720E-01 2.393E-01 4.592E-01 1.361E+04 3.483E+01 2.55E-08
 8820   1.3185  3.46E-05 8.214E-04 1.477E-02 4.250E-09 6.726E-07 4.046E-02 1.719E-01 2.416E-01 4.570E-01 1.358E+04 3.511E+01 2.55E-08
 8840   1.3192  3.46E-05 8.201E-04 1.476E-02 4.221E-09 6.774E-07 4.043E-02 1.718E-01 2.440E-01 4.553E-01 1.355E+04 3.520E+01 2.53E-08
 8860   1.3199  3.44E-05 8.187E-04 1.474E-02 4.201E-09 6.823E-07 4.040E-02 1.717E-01 2.475E-01 4.552E-01 1.352E+04 3.510E+01 2.52E-08
 8880   1.3206  3.43E-05 8.172E-04 1.473E-02 4.222E-09 6.871E-07 4.036E-02 1.716E-01 2.500E-01 4.563E-01 1.349E+04 3.504E+01 2.53E-08
 8900   1.3213  3.43E-05 8.158E-04 1.471E-02 4.236E-09 6.921E-07 4.032E-02 1.715E-01 2.515E-01 4.579E-01 1.346E+04 3.502E+01 2.54E-08
 8920   1.3220  3.43E-05 8.142E-04 1.469E-02 4.203E-09 6.972E-07 4.029E-02 1.714E-01 2.503E-01 4.592E-01 1.343E+04 3.481E+01 2.52E-08
 8940   1.3227  3.44E-05 8.127E-04 1.468E-02 4.159E-09 7.022E-07 4.025E-02 1.713E-01 2.490E-01 4.605E-01 1.340E+04 3.451E+01 2.50E-08
 8960   1.3233  3.45E-05 8.113E-04 1.466E-02 4.146E-09 7.066E-07 4.021E-02 1.712E-01 2.470E-01 4.614E-01 1.337E+04 3.443E+01 2.49E-08
 8980   1.3240  3.45E-05 8.100E-04 1.465E-02 4.159E-09 7.102E-07 4.018E-02 1.711E-01 2.456E-01 4.613E-01 1.335E+04 3.456E+01 2.50E-08
 9000   1.3247  3.46E-05 8.088E-04 1.463E-02 4.178E-09 7.130E-07 4.015E-02 1.711E-01 2.438E-01 4.606E-01 1.332E+04 3.475E+01 2.51E-08
 9020   1.3254  3.47E-05 8.076E-04 1.461E-02 4.195E-09 7.151E-07 4.012E-02 1.710E-01 2.409E-01 4.596E-01 1.329E+04 3.489E+01 2.52E-08
 9040   1.3261  3.47E-05 8.063E-04 1.460E-02 4.206E-09 7.164E-07 4.009E-02 1.709E-01 2.396E-01 4.586E-01 1.326E+04 3.494E+01 2.52E-08
 9060   1.3268  3.47E-05 8.049E-04 1.458E-02 4.212E-09 7.170E-07 4.005E-02 1.708E-01 2.402E-01 4.579E-01 1.323E+04 3.485E+01 2.53E-08
 9080   1.3275  3.47E-05 8.035E-04 1.457E-02 4.217E-09 7.169E-07 4.002E-02 1.707E-01 2.413E-01 4.574E-01 1.320E+04 3.466E+01 2.53E-08
 9100   1.3282  3.46E-05 8.021E-04 1.455E-02 4.229E-09 7.164E-07 3.998E-02 1.706E-01 2.431E-01 4.574E-01 1.317E+04 3.444E+01 2.54E-08
 9120   1.3289  3.46E-05 8.007E-04 1.454E-02 4.250E-09 7.155E-07 3.995E-02 1.705E-01 2.429E-01 4.577E-01 1.314E+04 3.428E+01 2.55E-08
 9140   1.3296  3.47E-05 7.994E-04 1.452E-02 4.285E-09 7.147E-07 3.992E-02 1.704E-01 2.402E-01 4.578E-01 1.312E+04 3.434E+01 2.57E-08
 9160   1.3303  3.48E-05 7.982E-04 1.450E-02 4.331E-09 7.143E-07 3.989E-02 1.703E-01 2.388E-01 4.579E-01 1.309E+04 3.460E+01 2.60E-08
 9180   1.3310  3.50E-05 7.970E-04 1.449E-02 4.353E-09 7.147E-07 3.986E-02 1.702E-01 2.363E-01 4.583E-01 1.306E+04 3.474E+01 2.61E-08
 9200   1.3317  3.50E-05 7.957E-04 1.447E-02 4.321E-09 7.162E-07 3.982E-02 1.701E-01 2.349E-01 4.578E-01 1.303E+04 3.469E+01 2.59E-08
 9220   1.3324  3.51E-05 7.943E-04 1.446E-02 4.269E-09 7.183E-07 3.979E-02 1.700E-01 2.327E-01 4.567E-01 1.300E+04 3.458E+01 2.56E-08
 9240   1.3331  3.52E-05 7.929E-04 1.444E-02 4.254E-09 7.208E-07 3.975E-02 1.700E-01 2.296E-01 4.557E-01 1.298E+04 3.433E+01 2.55E-08
 9260   1.3338  3.53E-05 7.915E-04 1.443E-02 4.260E-09 7.233E-07 3.972E-02 1.699E-01 2.279E-01 4.561E-01 1.295E+04 3.415E+01 2.56E-08
 9280   1.3345  3.53E-05 7.901E-04 1.441E-02 4.220E-09 7.258E-07 3.968E-02 1.698E-01 2.266E-01 4.563E-01 1.292E+04 3.417E+01 2.53E-08
 9300   1.3352  3.53E-05 7.889E-04 1.440E-02 4.129E-09 7.278E-07 3.965E-02 1.697E-01 2.261E-01 4.567E-01 1.289E+04 3.435E+01 2.48E-08
 9320   1.3359  3.54E-05 7.876E-04 1.438E-02 4.061E-09 7.285E-07 3.962E-02 1.696E-01 2.250E-01 4.568E-01 1.287E+04 3.451E+01 2.44E-08
 9340   1.3366  3.55E-05 7.862E-04 1.436E-02 4.055E-09 7.275E-07 3.958E-02 1.695E-01 2.225E-01 4.572E-01 1.284E+04 3.441E+01 2.43E-08
 9360   1.3373  3.56E-05 7.848E-04 1.435E-02 4.078E-09 7.246E-07 3.955E-02 1.694E-01 2.200E-01 4.571E-01 1.281E+04 3.416E+01 2.45E-08
 9380   1.3380  3.57E-05 7.835E-04 1.433E-02 4.091E-09 7.198E-07 3.951E-02 1.693E-01 2.179E-01 4.567E-01 1.279E+04 3.407E+01 2.45E-08
 9400   1.3387  3.58E-05 7.821E-04 1.432E-02 4.085E-09 7.134E-07 3.948E-02 1.692E-01 2.179E-01 4.560E-01 1.276E+04 3.420E+01 2.45E-08
 9420   1.3395  3.58E-05 7.808E-04 1.430E-02 4.087E-09 7.053E-07 3.945E-02 1.691E-01 2.185E-01 4.554E-01 1.273E+04 3.427E+01 2.45E-08
 9440   1.3402  3.58E-05 7.795E-04 1.429E-02 4.145E-09 6.956E-07 3.941E-02 1.690E-01 2.187E-01 4.546E-01 1.271E+04 3.423E+01 2.49E-08
 9460   1.3409  3.58E-05 7.781E-04 1.427E-02 4.239E-09 6.847E-07 3.938E-02 1.689E-01 2.182E-01 4.539E-01 1.268E+04 3.413E+01 2.54E-08
 9480   1.3416  3.57E-05 7.768E-04 1.425E-02 4.286E-09 6.734E-07 3.934E-02 1.688E-01 2.172E-01 4.530E-01 1.266E+04 3.396E+01 2.57E-08
 9500   1.3423  3.58E-05 7.755E-04 1.424E-02 4.271E-09 6.620E-07 3.931E-02 1.688E-01 2.148E-01 4.517E-01 1.263E+04 3.385E+01 2.56E-08
 9520   1.3430  3.59E-05 7.743E-04 1.422E-02 4.276E-09 6.506E-07 3.928E-02 1.687E-01 2.129E-01 4.500E-01 1.261E+04 3.384E+01 2.57E-08
 9540   1.3438  3.60E-05 7.732E-04 1.421E-02 4.338E-09 6.393E-07 3.925E-02 1.686E-01 2.144E-01 4.485E-01 1.258E+04 3.393E+01 2.60E-08
 9560   1.3445  3.62E-05 7.720E-04 1.419E-02 4.387E-09 6.286E-07 3.922E-02 1.685E-01 2.154E-01 4.478E-01 1.256E+04 3.410E+01 2.63E-08
 9580   1.3452  3.63E-05 7.709E-04 1.418E-02 4.388E-09 6.192E-07 3.919E-02 1.684E-01 2.181E-01 4.480E-01 1.253E+04 3.424E+01 2.63E-08
 9600   1.3459  3.65E-05 7.696E-04 1.416E-02 4.410E-09 6.112E-07 3.916E-02 1.683E-01 2.193E-01 4.480E-01 1.251E+04 3.417E+01 2.65E-08
 9620   1.3467  3.65E-05 7.682E-04 1.415E-02 4.479E-09 6.050E-07 3.912E-02 1.682E-01 2.204E-01 4.476E-01 1.248E+04 3.400E+01 2.69E-08
 9640   1.3474  3.65E-05 7.668E-04 1.413E-02 4.497E-09 6.012E-07 3.909E-02 1.681E-01 2.194E-01 4.469E-01 1.246E+04 3.388E+01 2.70E-08
 9660   1.3481  3.65E-05 7.653E-04 1.411E-02 4.437E-09 6.001E-07 3.905E-02 1.680E-01 2.202E-01 4.460E-01 1.244E+04 3.377E+01 2.66E-08
 9680   1.3489  3.64E-05 7.639E-04 1.410E-02 4.411E-09 6.009E-07 3.901E-02 1.679E-01 2.214E-01 4.448E-01 1.241E+04 3.362E+01 2.65E-08
 9700   1.3496  3.64E-05 7.625E-04 1.408E-02 4.449E-09 6.032E-07 3.898E-02 1.678E-01 2.242E-01 4.434E-01 1.239E+04 3.355E+01 2.67E-08
 9720   1.3503  3.63E-05 7.612E-04 1.407E-02 4.442E-09 6.072E-07 3.894E-02 1.677E-01 2.280E-01 4.421E-01 1.236E+04 3.356E+01 2.67E-08
 9740   1.3510  3.63E-05 7.600E-04 1.405E-02 4.377E-09 6.128E-07 3.891E-02 1.676E-01 2.302E-01 4.406E-01 1.234E+04 3.359E+01 2.63E-08
 9760   1.3518  3.64E-05 7.588E-04 1.404E-02 4.355E-09 6.193E-07 3.888E-02 1.676E-01 2.304E-01 4.384E-01 1.232E+04 3.366E+01 2.61E-08
 9780   1.3525  3.65E-05 7.576E-04 1.402E-02 4.377E-09 6.266E-07 3.885E-02 1.675E-01 2.299E-01 4.362E-01 1.229E+04 3.372E+01 2.63E-08
 9800   1.3532  3.66E-05 7.564E-04 1.401E-02 4.359E-09 6.351E-07 3.882E-02 1.674E-01 2.283E-01 4.347E-01 1.227E+04 3.368E+01 2.62E-08
 9820   1.3540  3.65E-05 7.552E-04 1.399E-02 4.293E-09 6.446E-07 3.879E-02 1.673E-01 2.269E-01 4.340E-01 1.225E+04 3.365E+01 2.58E-08
 9840   1.3547  3.64E-05 7.540E-04 1.398E-02 4.241E-09 6.547E-07 3.876E-02 1.672E-01 2.256E-01 4.331E-01 1.222E+04 3.363E+01 2.54E-08
 9860   1.3554  3.63E-05 7.527E-04 1.396E-02 4.223E-09 6.648E-07 3.872E-02 1.671E-01 2.263E-01 4.319E-01 1.220E+04 3.340E+01 2.53E-08
 9880   1.3561  3.62E-05 7.515E-04 1.395E-02 4.191E-09 6.748E-07 3.869E-02 1.670E-01 2.274E-01 4.303E-01 1.218E+04 3.319E+01 2.51E-08
 9900   1.3569  3.61E-05 7.503E-04 1.393E-02 4.111E-09 6.845E-07 3.866E-02 1.669E-01 2.289E-01 4.287E-01 1.215E+04 3.324E+01 2.47E-08
 9920   1.3576  3.60E-05 7.493E-04 1.392E-02 4.043E-09 6.931E-07 3.863E-02 1.668E-01 2.292E-01 4.265E-01 1.213E+04 3.338E+01 2.43E-08
 9940   1.3583  3.59E-05 7.483E-04 1.390E-02 4.048E-09 7.002E-07 3.861E-02 1.667E-01 2.287E-01 4.243E-01 1.211E+04 3.356E+01 2.43E-08
 9960   1.3590  3.59E-05 7.472E-04 1.389E-02 4.069E-09 7.059E-07 3.858E-02 1.666E-01 2.277E-01 4.224E-01 1.209E+04 3.370E+01 2.44E-08
 9980   1.3597  3.60E-05 7.460E-04 1.387E-02 4.056E-09 7.104E-07 3.855E-02 1.666E-01 2.263E-01 4.206E-01 1.206E+04 3.364E+01 2.43E-08
10000   1.3605  3.60E-05 7.448E-04 1.386E-02 4.076E-09 7.138E-07 3.852E-02 1.665E-01 2.254E-01 4.186E-01 1.204E+04 3.346E+01 2.45E-08
10020   1.3612  3.61E-05 7.435E-04 1.384E-02 4.143E-09 7.161E-07 3.849E-02 1.664E-01 2.257E-01 4.167E-01 1.202E+04 3.333E+01 2.49E-08
10040   1.3619  3.61E-05 7.422E-04 1.383E-02 4.151E-09 7.178E-07 3.845E-02 1.663E-01 2.264E-01 4.150E-01 1.200E+04 3.333E+01 2.49E-08
10060   1.3626  3.60E-05 7.410E-04 1.381E-02 4.107E-09 7.188E-07 3.842E-02 1.662E-01 2.263E-01 4.138E-01 1.197E+04 3.338E+01 2.46E-08
10080   1.3633  3.60E-05 7.396E-04 1.380E-02 4.121E-09 7.187E-07 3.839E-02 1.661E-01 2.262E-01 4.126E-01 1.195E+04 3.339E+01 2.47E-08
10100   1.3641  3.61E-05 7.383E-04 1.378E-02 4.166E-09 7.174E-07 3.835E-02 1.660E-01 2.270E-01 4.107E-01 1.193E+04 3.325E+01 2.50E-08
10120   1.3648  3.62E-05 7.369E-04 1.377E-02 4.162E-09 7.150E-07 3.832E-02 1.659E-01 2.284E-01 4.104E-01 1.191E+04 3.302E+01 2.50E-08
10140   1.3655  3.64E-05 7.356E-04 1.375E-02 4.150E-09 7.115E-07 3.828E-02 1.658E-01 2.305E-01 4.093E-01 1.189E+04 3.288E+01 2.49E-08
10160   1.3662  3.65E-05 7.345E-04 1.374E-02 4.170E-09 7.066E-07 3.825E-02 1.658E-01 2.326E-01 4.084E-01 1.186E+04 3.281E+01 2.50E-08
10180   1.3670  3.65E-05 7.334E-04 1.372E-02 4.161E-09 7.005E-07 3.822E-02 1.657E-01 2.344E-01 4.084E-01 1.184E+04 3.294E+01 2.50E-08
10200   1.3677  3.65E-05 7.324E-04 1.371E-02 4.116E-09 6.931E-07 3.820E-02 1.656E-01 2.362E-01 4.077E-01 1.182E+04 3.325E+01 2.47E-08
10220   1.3684  3.65E-05 7.314E-04 1.369E-02 4.114E-09 6.841E-07 3.817E-02 1.655E-01 2.374E-01 4.062E-01 1.180E+04 3.340E+01 2.47E-08
10240   1.3692  3.65E-05 7.303E-04 1.368E-02 4.176E-09 6.737E-07 3.814E-02 1.654E-01 2.368E-01 4.056E-01 1.177E+04 3.333E+01 2.51E-08
10260   1.3699  3.63E-05 7.291E-04 1.366E-02 4.260E-09 6.624E-07 3.811E-02 1.653E-01 2.360E-01 4.075E-01 1.175E+04 3.314E+01 2.56E-08
10280   1.3706  3.62E-05 7.278E-04 1.365E-02 4.337E-09 6.513E-07 3.808E-02 1.652E-01 2.356E-01 4.091E-01 1.173E+04 3.297E+01 2.60E-08
10300   1.3713  3.61E-05 7.265E-04 1.363E-02 4.384E-09 6.411E-07 3.805E-02 1.651E-01 2.357E-01 4.090E-01 1.171E+04 3.282E+01 2.63E-08
10320   1.3721  3.61E-05 7.253E-04 1.362E-02 4.403E-09 6.324E-07 3.801E-02 1.650E-01 2.376E-01 4.079E-01 1.169E+04 3.275E+01 2.64E-08
10340   1.3728  3.61E-05 7.242E-04 1.360E-02 4.427E-09 6.254E-07 3.798E-02 1.650E-01 2.401E-01 4.073E-01 1.167E+04 3.277E+01 2.66E-08
10360   1.3735  3.61E-05 7.231E-04 1.359E-02 4.459E-09 6.204E-07 3.795E-02 1.649E-01 2.412E-01 4.104E-01 1.164E+04 3.280E+01 2.68E-08
10380   1.3742  3.61E-05 7.220E-04 1.358E-02 4.473E-09 6.176E-07 3.792E-02 1.648E-01 2.412E-01 4.132E-01 1.162E+04 3.277E+01 2.68E-08
10400   1.3749  3.61E-05 7.210E-04 1.356E-02 4.481E-09 6.173E-07 3.790E-02 1.647E-01 2.415E-01 4.150E-01 1.160E+04 3.267E+01 2.69E-08
10420   1.3757  3.61E-05 7.200E-04 1.355E-02 4.492E-09 6.194E-07 3.787E-02 1.646E-01 2.432E-01 4.158E-01 1.158E+04 3.271E+01 2.70E-08
10440   1.3764  3.60E-05 7.190E-04 1.353E-02 4.472E-09 6.238E-07 3.784E-02 1.645E-01 2.449E-01 4.164E-01 1.156E+04 3.295E+01 2.68E-08
10460   1.3771  3.60E-05 7.180E-04 1.352E-02 4.403E-09 6.304E-07 3.782E-02 1.644E-01 2.461E-01 4.175E-01 1.154E+04 3.323E+01 2.64E-08
10480   1.3778  3.59E-05 7.168E-04 1.350E-02 4.319E-09 6.383E-07 3.779E-02 1.643E-01 2.462E-01 4.192E-01 1.152E+04 3.322E+01 2.59E-08
10500   1.3785  3.59E-05 7.155E-04 1.349E-02 4.257E-09 6.468E-07 3.775E-02 1.643E-01 2.451E-01 4.210E-01 1.150E+04 3.280E+01 2.55E-08
10520   1.3793  3.60E-05 7.141E-04 1.348E-02 4.236E-09 6.552E-07 3.772E-02 1.642E-01 2.431E-01 4.226E-01 1.148E+04 3.228E+01 2.54E-08
10540   1.3800  3.60E-05 7.129E-04 1.346E-02 4.258E-09 6.632E-07 3.768E-02 1.641E-01 2.413E-01 4.242E-01 1.146E+04 3.207E+01 2.56E-08
10560   1.3807  3.60E-05 7.119E-04 1.345E-02 4.286E-09 6.711E-07 3.765E-02 1.640E-01 2.401E-01 4.263E-01 1.144E+04 3.228E+01 2.57E-08
10580   1.3814  3.59E-05 7.109E-04 1.343E-02 4.276E-09 6.789E-07 3.763E-02 1.639E-01 2.391E-01 4.284E-01 1.142E+04 3.270E+01 2.57E-08
10600   1.3821  3.58E-05 7.100E-04 1.342E-02 4.240E-09 6.865E-07 3.760E-02 1.638E-01 2.381E-01 4.304E-01 1.140E+04 3.296E+01 2.54E-08
10620   1.3829  3.59E-05 7.089E-04 1.341E-02 4.225E-09 6.937E-07 3.758E-02 1.637E-01 2.391E-01 4.327E-01 1.138E+04 3.283E+01 2.53E-08
10640   1.3836  3.60E-05 7.077E-04 1.339E-02 4.230E-09 7.002E-07 3.755E-02 1.637E-01 2.408E-01 4.347E-01 1.136E+04 3.244E+01 2.54E-08
10660   1.3843  3.60E-05 7.066E-04 1.338E-02 4.220E-09 7.062E-07 3.751E-02 1.636E-01 2.412E-01 4.358E-01 1.134E+04 3.220E+01 2.53E-08
10680   1.3850  3.60E-05 7.055E-04 1.336E-02 4.192E-09 7.117E-07 3.749E-02 1.635E-01 2.415E-01 4.367E-01 1.132E+04 3.229E+01 2.52E-08
10700   1.3857  3.60E-05 7.045E-04 1.335E-02 4.168E-09 7.164E-07 3.746E-02 1.634E-01 2.409E-01 4.369E-01 1.130E+04 3.248E+01 2.50E-08
10720   1.3864  3.60E-05 7.035E-04 1.334E-02 4.162E-09 7.203E-07 3.743E-02 1.633E-01 2.398E-01 4.362E-01 1.128E+04 3.247E+01 2.50E-08
10740   1.3872  3.60E-05 7.024E-04 1.332E-02 4.174E-09 7.232E-07 3.740E-02 1.632E-01 2.387E-01 4.349E-01 1.126E+04 3.231E+01 2.50E-08
10760   1.3879  3.59E-05 7.014E-04 1.331E-02 4.178E-09 7.253E-07 3.738E-02 1.631E-01 2.383E-01 4.332E-01 1.124E+04 3.223E+01 2.51E-08
10780   1.3886  3.58E-05 7.005E-04 1.329E-02 4.161E-09 7.267E-07 3.735E-02 1.631E-01 2.387E-01 4.314E-01 1.122E+04 3.230E+01 2.50E-08
10800   1.3893  3.57E-05 6.995E-04 1.328E-02 4.153E-09 7.271E-07 3.733E-02 1.630E-01 2.409E-01 4.299E-01 1.120E+04 3.247E+01 2.49E-08
10820   1.3900  3.56E-05 6.985E-04 1.327E-02 4.152E-09 7.266E-07 3.730E-02 1.629E-01 2.420E-01 4.289E-01 1.118E+04 3.252E+01 2.49E-08
10840   1.3907  3.56E-05 6.974E-04 1.325E-02 4.130E-09 7.253E-07 3.727E-02 1.628E-01 2.425E-01 4.283E-01 1.117E+04 3.234E+01 2.48E-08
10860   1.3915  3.55E-05 6.963E-04 1.324E-02 4.120E-09 7.230E-07 3.724E-02 1.627E-01 2.427E-01 4.283E-01 1.115E+04 3.210E+01 2.47E-08
10880   1.3922  3.56E-05 6.952E-04 1.323E-02 4.163E-09 7.198E-07 3.721E-02 1.626E-01 2.420E-01 4.291E-01 1.113E+04 3.194E+01 2.50E-08
10900   1.3929  3.56E-05 6.942E-04 1.321E-02 4.218E-09 7.159E-07 3.718E-02 1.626E-01 2.411E-01 4.307E-01 1.111E+04 3.203E+01 2.53E-08
10920   1.3936  3.57E-05 6.933E-04 1.320E-02 4.241E-09 7.118E-07 3.716E-02 1.625E-01 2.418E-01 4.319E-01 1.109E+04 3.240E+01 2.54E-08
10940   1.3943  3.56E-05 6.923E-04 1.319E-02 4.244E-09 7.076E-07 3.713E-02 1.624E-01 2.444E-01 4.323E-01 1.107E+04 3.255E+01 2.55E-08
10960   1.3950  3.55E-05 6.911E-04 1.317E-02 4.227E-09 7.034E-07 3.710E-02 1.623E-01 2.475E-01 4.324E-01 1.105E+04 3.226E+01 2.54E-08
10980   1.3957  3.54E-05 6.899E-04 1.316E-02 4.196E-09 6.990E-07 3.707E-02 1.622E-01 2.504E-01 4.329E-01 1.103E+04 3.179E+01 2.52E-08
