   1.0000455712685010     
  0.00E+00  1.95E-25  3.01E-25  7.43E-25  2.02E-24  4.82E-24  7.13E-24  1.18E-23
  1.58E-23  2.54E-23  3.05E-23  3.25E-23  3.83E-23  4.08E-23  3.72E-23  3.34E-23
  3.88E-23  3.48E-23  3.33E-23  2.81E-23  2.84E-23  2.80E-23  2.59E-23  2.49E-23
  2.25E-23  2.23E-23  2.10E-23  1.97E-23  1.91E-23  1.79E-23  1.66E-23  1.57E-23
  1.49E-23  1.45E-23  1.42E-23  1.31E-23  1.28E-23  1.23E-23  1.18E-23  1.10E-23
  1.08E-23  1.04E-23  9.77E-24  9.45E-24  9.01E-24  9.19E-24  8.44E-24  8.22E-24
  8.00E-24  7.71E-24  7.56E-24  7.24E-24  7.10E-24  6.80E-24  6.56E-24  6.35E-24
  6.22E-24  6.24E-24  5.86E-24  5.63E-24  5.56E-24  5.32E-24  5.27E-24  5.05E-24
  4.92E-24  4.92E-24  4.66E-24  4.64E-24  4.44E-24  4.40E-24  4.20E-24  4.10E-24
  4.07E-24  3.96E-24  3.94E-24  3.73E-24  3.71E-24  3.66E-24  3.49E-24  3.44E-24
  3.36E-24  3.35E-24  3.24E-24  3.19E-24  3.07E-24  3.04E-24  2.98E-24  2.90E-24
  2.84E-24  2.81E-24  2.78E-24  2.69E-24  2.65E-24  2.61E-24  2.55E-24  2.48E-24
  2.47E-24  2.44E-24  2.41E-24  2.31E-24  2.31E-24  2.25E-24  2.22E-24  2.17E-24
  2.11E-24  2.13E-24  2.05E-24  2.02E-24  2.00E-24  1.99E-24  1.93E-24  1.90E-24
  1.86E-24  1.85E-24  1.82E-24  1.76E-24  1.77E-24  1.73E-24  1.69E-24  1.67E-24
  1.67E-24  1.64E-24  1.61E-24  1.58E-24  1.55E-24  1.55E-24  1.50E-24  1.48E-24
  1.46E-24  1.46E-24  1.43E-24  1.39E-24  1.40E-24  1.35E-24  1.35E-24  1.33E-24
  1.32E-24  1.30E-24  1.28E-24  1.25E-24  1.25E-24  1.24E-24  1.22E-24  1.19E-24
  1.18E-24  1.17E-24  1.16E-24  1.14E-24  1.13E-24  1.11E-24  1.09E-24  1.08E-24
  1.06E-24  1.05E-24  1.04E-24  1.02E-24  1.02E-24  1.01E-24  9.91E-25  9.81E-25
  9.69E-25  9.66E-25  9.41E-25  9.43E-25  9.20E-25  9.19E-25  8.99E-25  8.91E-25
  8.82E-25  8.69E-25  8.73E-25  8.52E-25  8.46E-25  8.35E-25  8.30E-25  8.10E-25
  8.06E-25  7.99E-25  7.92E-25  7.82E-25  7.72E-25  7.66E-25  7.52E-25  7.46E-25
  7.41E-25  7.36E-25  7.23E-25  7.18E-25  7.13E-25  6.99E-25  6.88E-25  6.85E-25
  6.79E-25  6.72E-25  6.69E-25  6.59E-25  6.56E-25  6.43E-25  6.41E-25  6.29E-25
  6.29E-25  6.22E-25  6.15E-25  6.05E-25  6.02E-25  5.98E-25  5.85E-25  5.85E-25
  5.78E-25  5.74E-25  5.66E-25  5.60E-25  5.54E-25  5.49E-25  5.46E-25  5.38E-25
  5.34E-25  5.33E-25  5.22E-25  5.18E-25  5.14E-25  5.09E-25  5.01E-25  4.99E-25
  4.93E-25  4.92E-25  4.87E-25  4.79E-25  4.76E-25  4.73E-25  4.67E-25  4.61E-25
  4.60E-25  4.55E-25  4.51E-25  4.43E-25  4.42E-25  4.39E-25  4.33E-25  4.33E-25
  4.25E-25  4.23E-25  4.18E-25  4.14E-25  4.12E-25  4.06E-25  4.04E-25  3.98E-25
  3.97E-25  3.93E-25  3.89E-25  3.84E-25  3.83E-25  3.80E-25  3.75E-25  3.70E-25
  3.71E-25  3.64E-25  3.62E-25  3.60E-25  3.56E-25  3.54E-25  3.49E-25  3.46E-25
  3.43E-25  3.41E-25  3.35E-25  3.33E-25  3.31E-25  3.30E-25  3.26E-25  3.22E-25
  3.20E-25  3.17E-25  3.14E-25  3.11E-25  3.08E-25  3.08E-25  3.02E-25  2.99E-25
  2.99E-25  2.95E-25  2.93E-25  2.89E-25  2.88E-25  2.86E-25  2.81E-25  2.80E-25
  2.77E-25  2.76E-25  2.72E-25  2.70E-25  2.68E-25  2.66E-25  2.63E-25  2.61E-25
  2.59E-25  2.57E-25  2.54E-25  2.53E-25  2.49E-25  2.49E-25  2.45E-25  2.43E-25
  2.41E-25  2.40E-25  2.38E-25  2.35E-25  2.33E-25  2.31E-25  2.29E-25  2.28E-25
  2.25E-25  2.22E-25  2.21E-25  2.19E-25  2.17E-25  2.15E-25  2.15E-25  2.10E-25
  2.09E-25  2.09E-25  2.06E-25  2.04E-25  2.03E-25  2.00E-25  1.99E-25  1.98E-25
  1.95E-25  1.94E-25  1.93E-25  1.90E-25  1.88E-25  1.87E-25  1.85E-25  1.84E-25
  1.82E-25  1.80E-25  1.79E-25  1.77E-25  1.76E-25  1.74E-25  1.73E-25  1.71E-25
  1.69E-25  1.69E-25  1.66E-25  1.65E-25  1.63E-25  1.63E-25  1.61E-25  1.58E-25
  1.59E-25  1.56E-25  1.55E-25  1.53E-25  1.52E-25  1.51E-25  1.49E-25  1.48E-25
  1.46E-25  1.46E-25  1.44E-25  1.43E-25  1.41E-25  1.40E-25  1.39E-25  1.37E-25
  1.36E-25  1.36E-25  1.34E-25  1.32E-25  1.31E-25  1.30E-25  1.29E-25  1.27E-25
  1.27E-25  1.25E-25  1.24E-25  1.23E-25  1.22E-25  1.21E-25  1.19E-25  1.18E-25
  1.17E-25  1.17E-25  1.15E-25  1.14E-25  1.13E-25  1.12E-25  1.11E-25  1.10E-25
  1.09E-25  1.08E-25  1.06E-25  1.05E-25  1.05E-25  1.04E-25  1.02E-25  1.01E-25
  1.01E-25  9.98E-26  9.85E-26  9.77E-26  9.69E-26  9.59E-26  9.46E-26  9.41E-26
  9.34E-26  9.19E-26  9.12E-26  9.01E-26  9.00E-26  8.83E-26  8.77E-26  8.67E-26
  8.57E-26  8.51E-26  8.41E-26  8.36E-26  8.24E-26  8.16E-26  8.09E-26  8.01E-26
  7.93E-26  7.85E-26  7.75E-26  7.69E-26  7.58E-26  7.54E-26  7.44E-26  7.37E-26
  7.29E-26  7.22E-26  7.16E-26  7.07E-26  6.99E-26  6.93E-26  6.85E-26  6.77E-26
  6.69E-26  6.67E-26  6.55E-26  6.52E-26  6.42E-26  6.37E-26  6.29E-26  6.22E-26
  6.17E-26  6.09E-26  6.04E-26  5.94E-26  5.91E-26  5.83E-26  5.78E-26  5.69E-26
  5.65E-26  5.60E-26  5.54E-26  5.45E-26  5.41E-26  5.35E-26  5.29E-26  5.23E-26
  5.16E-26  5.12E-26  5.05E-26  5.00E-26  4.94E-26  4.90E-26  4.84E-26  4.77E-26
  4.74E-26  4.67E-26  4.63E-26  4.56E-26  4.51E-26  4.48E-26  4.41E-26  4.36E-26
  4.32E-26  4.26E-26  4.23E-26  4.17E-26  4.12E-26  4.08E-26  4.02E-26  3.98E-26
  3.92E-26  3.89E-26  3.84E-26  3.78E-26  3.76E-26  3.71E-26  3.67E-26  3.60E-26
  3.58E-26  3.54E-26  3.48E-26  3.44E-26  3.41E-26  3.37E-26  3.32E-26  3.27E-26
  3.25E-26  3.21E-26  3.17E-26  3.12E-26  3.09E-26  3.05E-26  3.01E-26  2.98E-26
  2.93E-26  2.91E-26  2.87E-26  2.83E-26  2.80E-26  2.76E-26  2.73E-26  2.69E-26
  2.66E-26  2.63E-26  2.59E-26  2.56E-26  2.52E-26  2.50E-26  2.46E-26  2.43E-26
  2.40E-26  2.37E-26  2.34E-26  2.31E-26  2.29E-26  2.25E-26  2.22E-26  2.19E-26
  2.16E-26  2.13E-26  2.11E-26  2.08E-26  2.05E-26  2.02E-26  2.00E-26  1.97E-26
  1.94E-26  1.92E-26  1.89E-26  1.87E-26  1.85E-26  1.82E-26  1.80E-26  1.77E-26
  1.75E-26  1.72E-26  1.70E-26  1.67E-26  1.65E-26  1.63E-26  1.60E-26  1.59E-26
  1.56E-26  1.54E-26  1.52E-26  1.49E-26  1.48E-26  1.46E-26  1.44E-26  1.41E-26
  1.40E-26  1.37E-26  1.35E-26  1.34E-26  1.32E-26  1.30E-26  1.28E-26  1.26E-26
   1.0100581481324296     
  0.00E+00  3.62E-16  3.17E-16  3.08E-16  2.18E-16  3.80E-17  1.42E-18  9.00E-18
  5.88E-17  1.37E-16  9.26E-17  2.12E-17  1.46E-18  1.03E-18  9.14E-18  1.97E-17
  1.97E-17  5.61E-18  4.08E-19  1.59E-19  7.71E-19  2.99E-18  3.28E-18  1.35E-18
  1.68E-19  1.11E-19  1.10E-19  4.84E-19  7.79E-19  4.06E-19  7.45E-20  6.53E-20
  4.31E-20  9.07E-20  2.12E-19  1.44E-19  3.63E-20  3.40E-20  3.07E-20  2.24E-20
  6.27E-20  6.06E-20  1.88E-20  1.63E-20  1.96E-20  9.83E-21  1.99E-20  2.68E-20
  1.14E-20  7.59E-21  1.22E-20  6.00E-21  7.13E-21  1.24E-20  6.81E-21  3.52E-21
  6.91E-21  4.53E-21  2.68E-21  5.89E-21  4.47E-21  1.80E-21  3.71E-21  3.24E-21
  1.38E-21  2.86E-21  2.86E-21  1.13E-21  1.88E-21  2.30E-21  9.12E-22  1.31E-21
  1.90E-21  8.26E-22  9.48E-22  1.50E-21  7.44E-22  6.57E-22  1.18E-21  6.71E-22
  4.63E-22  9.69E-22  6.25E-22  3.37E-22  7.21E-22  5.52E-22  2.57E-22  5.71E-22
  5.07E-22  2.09E-22  4.27E-22  4.40E-22  1.78E-22  3.30E-22  3.98E-22  1.61E-22
  2.38E-22  3.41E-22  1.49E-22  1.80E-22  2.97E-22  1.45E-22  1.31E-22  2.40E-22
  1.34E-22  1.00E-22  2.05E-22  1.34E-22  7.44E-23  1.66E-22  1.24E-22  5.96E-23
  1.36E-22  1.21E-22  5.03E-23  1.04E-22  1.10E-22  4.44E-23  8.47E-23  1.01E-22
  4.19E-23  6.41E-23  9.09E-23  3.93E-23  4.98E-23  8.24E-23  3.92E-23  3.72E-23
  7.01E-23  3.91E-23  2.91E-23  6.08E-23  3.95E-23  2.25E-23  5.11E-23  3.81E-23
  1.83E-23  4.32E-23  3.72E-23  1.57E-23  3.46E-23  3.57E-23  1.42E-23  2.78E-23
  3.37E-23  1.37E-23  2.21E-23  3.11E-23  1.34E-23  1.75E-23  2.83E-23  1.34E-23
  1.34E-23  2.53E-23  1.39E-23  1.05E-23  2.24E-23  1.41E-23  8.34E-24  1.91E-23
  1.41E-23  6.92E-24  1.62E-23  1.42E-23  5.87E-24  1.36E-23  1.37E-23  5.41E-24
  1.11E-23  1.32E-23  5.25E-24  8.91E-24  1.24E-23  5.25E-24  7.16E-24  1.15E-23
  5.41E-24  5.56E-24  1.06E-23  5.62E-24  4.39E-24  9.42E-24  5.79E-24  3.51E-24
  8.27E-24  5.99E-24  2.90E-24  7.06E-24  6.04E-24  2.50E-24  5.93E-24  6.03E-24
  2.31E-24  4.91E-24  5.86E-24  2.25E-24  4.06E-24  5.62E-24  2.30E-24  3.20E-24
  5.29E-24  2.40E-24  2.58E-24  4.87E-24  2.54E-24  2.03E-24  4.36E-24  2.66E-24
  1.63E-24  3.94E-24  2.77E-24  1.32E-24  3.37E-24  2.83E-24  1.16E-24  2.89E-24
  2.88E-24  1.07E-24  2.39E-24  2.81E-24  1.04E-24  2.00E-24  2.74E-24  1.07E-24
  1.57E-24  2.62E-24  1.14E-24  1.27E-24  2.45E-24  1.23E-24  9.95E-25  2.21E-24
  1.30E-24  8.05E-25  2.01E-24  1.37E-24  6.52E-25  1.73E-24  1.43E-24  5.64E-25
  1.50E-24  1.47E-24  5.20E-25  1.25E-24  1.46E-24  5.09E-25  1.05E-24  1.44E-24
  5.38E-25  8.33E-25  1.37E-24  5.70E-25  6.70E-25  1.31E-24  6.26E-25  5.16E-25
  1.20E-24  6.70E-25  4.17E-25  1.09E-24  7.30E-25  3.38E-25  9.45E-25  7.57E-25
  2.87E-25  8.28E-25  7.89E-25  2.64E-25  6.86E-25  7.94E-25  2.59E-25  5.75E-25
  7.97E-25  2.77E-25  4.59E-25  7.58E-25  2.98E-25  3.72E-25  7.28E-25  3.33E-25
  2.85E-25  6.67E-25  3.63E-25  2.26E-25  6.16E-25  4.02E-25  1.78E-25  5.36E-25
  4.22E-25  1.53E-25  4.72E-25  4.46E-25  1.39E-25  3.94E-25  4.49E-25  1.36E-25
  3.32E-25  4.56E-25  1.47E-25  2.63E-25  4.37E-25  1.63E-25  2.11E-25  4.24E-25
  1.85E-25  1.62E-25  3.93E-25  2.03E-25  1.26E-25  3.62E-25  2.27E-25  9.91E-26
  3.18E-25  2.42E-25  8.35E-26  2.80E-25  2.59E-25  7.42E-26  2.37E-25  2.62E-25
  7.40E-26  1.97E-25  2.70E-25  8.07E-26  1.57E-25  2.62E-25  9.02E-26  1.26E-25
  2.54E-25  1.05E-25  9.58E-26  2.36E-25  1.17E-25  7.39E-26  2.19E-25  1.34E-25
  5.65E-26  1.94E-25  1.44E-25  4.64E-26  1.71E-25  1.55E-25  4.15E-26  1.44E-25
  1.60E-25  4.15E-26  1.21E-25  1.64E-25  4.53E-26  9.70E-26  1.61E-25  5.10E-26
  7.67E-26  1.57E-25  6.10E-26  5.79E-26  1.47E-25  6.98E-26  4.37E-26  1.37E-25
  7.97E-26  3.37E-26  1.22E-25  8.74E-26  2.69E-26  1.08E-25  9.52E-26  2.36E-26
  9.10E-26  9.97E-26  2.35E-26  7.62E-26  1.02E-25  2.61E-26  6.10E-26  1.01E-25
  3.04E-26  4.81E-26  9.93E-26  3.62E-26  3.61E-26  9.38E-26  4.22E-26  2.72E-26
  8.67E-26  4.92E-26  2.04E-26  7.80E-26  5.45E-26  1.60E-26  6.91E-26  5.94E-26
  1.38E-26  5.89E-26  6.26E-26  1.36E-26  4.89E-26  6.50E-26  1.52E-26  3.92E-26
  6.50E-26  1.82E-26  3.07E-26  6.35E-26  2.20E-26  2.34E-26  6.03E-26  2.63E-26
  1.74E-26  5.62E-26  3.05E-26  1.27E-26  5.12E-26  3.43E-26  9.78E-27  4.48E-26
  3.78E-26  8.36E-27  3.84E-26  4.03E-26  8.18E-27  3.19E-26  4.17E-26  9.19E-27
  2.58E-26  4.20E-26  1.10E-26  2.02E-26  4.12E-26  1.36E-26  1.52E-26  3.95E-26
  1.64E-26  1.12E-26  3.69E-26  1.93E-26  8.14E-27  3.35E-26  2.19E-26  6.14E-27
  2.95E-26  2.44E-26  5.10E-27  2.55E-26  2.60E-26  4.99E-27  2.12E-26  2.71E-26
  5.63E-27  1.71E-26  2.75E-26  6.80E-27  1.34E-26  2.71E-26  8.49E-27  1.00E-26
  2.60E-26  1.04E-26  7.41E-27  2.43E-26  1.23E-26  5.31E-27  2.22E-26  1.41E-26
  3.91E-27  1.97E-26  1.57E-26  3.20E-27  1.69E-26  1.70E-26  3.09E-27  1.41E-26
  1.78E-26  3.46E-27  1.14E-26  1.80E-26  4.26E-27  8.93E-27  1.78E-26  5.37E-27
  6.70E-27  1.72E-26  6.65E-27  4.90E-27  1.61E-26  7.92E-27  3.51E-27  1.48E-26
  9.13E-27  2.56E-27  1.31E-26  1.02E-26  2.05E-27  1.13E-26  1.11E-26  1.91E-27
  9.45E-27  1.17E-26  2.15E-27  7.63E-27  1.19E-26  2.68E-27  5.97E-27  1.17E-26
  3.40E-27  4.51E-27  1.14E-26  4.21E-27  3.27E-27  1.07E-26  5.08E-27  2.33E-27
  9.77E-27  5.95E-27  1.67E-27  8.70E-27  6.66E-27  1.31E-27  7.54E-27  7.24E-27
  1.21E-27  6.33E-27  7.60E-27  1.35E-27  5.13E-27  7.80E-27  1.67E-27  4.00E-27
  7.77E-27  2.15E-27  3.02E-27  7.52E-27  2.70E-27  2.20E-27  7.08E-27  3.25E-27
  1.55E-27  6.49E-27  3.84E-27  1.10E-27  5.79E-27  4.32E-27  8.46E-28  5.02E-27
  4.71E-27  7.70E-28  4.22E-27  4.98E-27  8.47E-28  3.42E-27  5.11E-27  1.05E-27
  2.69E-27  5.10E-27  1.35E-27  2.02E-27  4.94E-27  1.71E-27  1.46E-27  4.67E-27
  2.09E-27  1.03E-27  4.30E-27  2.45E-27  7.24E-28  3.84E-27  2.78E-27  5.40E-28
  3.33E-27  3.05E-27  4.80E-28  2.79E-27  3.23E-27  5.25E-28  2.27E-27  3.32E-27
   1.0200393282956317     
  0.00E+00  2.34E-15  1.52E-16  8.76E-18  1.22E-16  1.90E-16  8.93E-18  6.26E-17
  1.35E-16  1.60E-17  2.67E-17  7.31E-17  1.22E-17  6.26E-18  2.74E-17  5.02E-18
  1.45E-18  9.16E-18  2.83E-18  6.68E-19  2.80E-18  1.52E-18  4.98E-19  9.68E-19
  8.13E-19  3.49E-19  3.61E-19  4.26E-19  2.20E-19  1.55E-19  2.42E-19  1.26E-19
  8.45E-20  1.40E-19  7.34E-20  6.05E-20  8.32E-20  4.18E-20  4.50E-20  4.75E-20
  2.56E-20  3.46E-20  2.72E-20  1.73E-20  2.42E-20  1.67E-20  1.27E-20  1.74E-20
  9.58E-21  1.07E-20  1.17E-20  6.16E-21  8.62E-21  7.66E-21  4.56E-21  6.86E-21
  4.75E-21  3.93E-21  5.21E-21  3.02E-21  3.32E-21  3.76E-21  2.11E-21  2.88E-21
  2.59E-21  1.64E-21  2.40E-21  1.77E-21  1.33E-21  1.98E-21  1.17E-21  1.20E-21
  1.50E-21  8.25E-22  1.13E-21  1.08E-21  6.51E-22  9.88E-22  7.67E-22  5.53E-22
  8.24E-22  5.36E-22  5.18E-22  6.72E-22  3.72E-22  4.90E-22  5.08E-22  2.92E-22
  4.50E-22  3.70E-22  2.63E-22  3.94E-22  2.64E-22  2.44E-22  3.28E-22  1.85E-22
  2.39E-22  2.62E-22  1.52E-22  2.23E-22  1.94E-22  1.30E-22  2.07E-22  1.43E-22
  1.22E-22  1.78E-22  1.04E-22  1.23E-22  1.44E-22  8.32E-23  1.19E-22  1.10E-22
  7.07E-23  1.13E-22  8.12E-23  6.76E-23  1.00E-22  6.10E-23  6.77E-23  8.28E-23
  4.74E-23  6.87E-23  6.53E-23  4.05E-23  6.49E-23  4.98E-23  3.84E-23  5.89E-23
  3.64E-23  3.98E-23  5.04E-23  2.81E-23  4.03E-23  4.03E-23  2.46E-23  3.91E-23
  3.11E-23  2.36E-23  3.63E-23  2.33E-23  2.40E-23  3.18E-23  1.84E-23  2.45E-23
  2.59E-23  1.54E-23  2.47E-23  2.04E-23  1.46E-23  2.33E-23  1.56E-23  1.47E-23
  2.06E-23  1.19E-23  1.56E-23  1.73E-23  1.01E-23  1.58E-23  1.38E-23  9.29E-24
  1.52E-23  1.06E-23  9.40E-24  1.39E-23  8.03E-24  1.01E-23  1.18E-23  6.73E-24
  1.04E-23  9.44E-24  6.26E-24  1.02E-23  7.36E-24  6.27E-24  9.54E-24  5.61E-24
  6.68E-24  8.26E-24  4.64E-24  6.98E-24  6.71E-24  4.20E-24  6.96E-24  5.25E-24
  4.22E-24  6.64E-24  4.06E-24  4.51E-24  5.85E-24  3.25E-24  4.76E-24  4.82E-24
  2.89E-24  4.89E-24  3.84E-24  2.89E-24  4.70E-24  2.95E-24  3.09E-24  4.21E-24
  2.34E-24  3.33E-24  3.56E-24  2.03E-24  3.44E-24  2.86E-24  1.99E-24  3.37E-24
  2.19E-24  2.15E-24  3.07E-24  1.71E-24  2.33E-24  2.63E-24  1.48E-24  2.46E-24
  2.12E-24  1.44E-24  2.44E-24  1.64E-24  1.52E-24  2.28E-24  1.28E-24  1.66E-24
  1.97E-24  1.09E-24  1.78E-24  1.61E-24  1.03E-24  1.79E-24  1.27E-24  1.08E-24
  1.70E-24  9.83E-25  1.20E-24  1.50E-24  8.08E-25  1.30E-24  1.24E-24  7.57E-25
  1.33E-24  9.76E-25  7.87E-25  1.29E-24  7.58E-25  8.65E-25  1.16E-24  6.07E-25
  9.55E-25  9.73E-25  5.54E-25  9.97E-25  7.69E-25  5.75E-25  9.75E-25  5.85E-25
  6.45E-25  8.89E-25  4.70E-25  7.09E-25  7.57E-25  4.21E-25  7.54E-25  6.06E-25
  4.24E-25  7.52E-25  4.67E-25  4.68E-25  6.95E-25  3.70E-25  5.24E-25  5.99E-25
  3.18E-25  5.70E-25  4.86E-25  3.14E-25  5.77E-25  3.77E-25  3.47E-25  5.42E-25
  2.92E-25  3.97E-25  4.76E-25  2.44E-25  4.34E-25  3.91E-25  2.37E-25  4.48E-25
  3.00E-25  2.63E-25  4.29E-25  2.32E-25  2.98E-25  3.82E-25  1.92E-25  3.31E-25
  3.17E-25  1.82E-25  3.47E-25  2.48E-25  1.97E-25  3.40E-25  1.89E-25  2.27E-25
  3.07E-25  1.53E-25  2.55E-25  2.58E-25  1.40E-25  2.73E-25  2.03E-25  1.50E-25
  2.70E-25  1.54E-25  1.73E-25  2.48E-25  1.23E-25  1.97E-25  2.12E-25  1.08E-25
  2.13E-25  1.68E-25  1.15E-25  2.16E-25  1.28E-25  1.32E-25  2.02E-25  9.98E-26
  1.52E-25  1.74E-25  8.71E-26  1.67E-25  1.40E-25  8.87E-26  1.72E-25  1.07E-25
  1.01E-25  1.64E-25  8.24E-26  1.18E-25  1.43E-25  6.95E-26  1.32E-25  1.17E-25
  6.88E-26  1.38E-25  8.99E-26  7.82E-26  1.33E-25  6.90E-26  9.17E-26  1.18E-25
  5.70E-26  1.04E-25  9.84E-26  5.40E-26  1.11E-25  7.61E-26  6.04E-26  1.09E-25
  5.72E-26  7.20E-26  9.89E-26  4.60E-26  8.25E-26  8.27E-26  4.31E-26  8.89E-26
  6.44E-26  4.78E-26  8.90E-26  4.86E-26  5.60E-26  8.22E-26  3.84E-26  6.50E-26
  6.97E-26  3.47E-26  7.16E-26  5.52E-26  3.69E-26  7.29E-26  4.15E-26  4.38E-26
  6.81E-26  3.23E-26  5.18E-26  5.88E-26  2.81E-26  5.76E-26  4.72E-26  2.93E-26
  5.96E-26  3.58E-26  3.42E-26  5.66E-26  2.71E-26  4.11E-26  4.97E-26  2.29E-26
  4.65E-26  4.04E-26  2.32E-26  4.87E-26  3.07E-26  2.70E-26  4.71E-26  2.32E-26
  3.25E-26  4.19E-26  1.91E-26  3.72E-26  3.47E-26  1.85E-26  3.98E-26  2.65E-26
  2.14E-26  3.92E-26  1.99E-26  2.58E-26  3.54E-26  1.59E-26  2.98E-26  2.97E-26
  1.51E-26  3.25E-26  2.30E-26  1.69E-26  3.24E-26  1.72E-26  2.03E-26  3.00E-26
  1.34E-26  2.40E-26  2.54E-26  1.22E-26  2.64E-26  1.99E-26  1.34E-26  2.69E-26
  1.48E-26  1.62E-26  2.52E-26  1.15E-26  1.91E-26  2.17E-26  1.00E-26  2.15E-26
  1.72E-26  1.07E-26  2.23E-26  1.29E-26  1.28E-26  2.12E-26  9.85E-27  1.53E-26
  1.85E-26  8.34E-27  1.75E-26  1.49E-26  8.58E-27  1.84E-26  1.13E-26  1.01E-26
  1.77E-26  8.49E-27  1.22E-26  1.58E-26  6.94E-27  1.42E-26  1.29E-26  6.87E-27
  1.51E-26  9.85E-27  8.03E-27  1.49E-26  7.30E-27  9.79E-27  1.34E-26  5.82E-27
  1.15E-26  1.11E-26  5.63E-27  1.24E-26  8.59E-27  6.38E-27  1.24E-26  6.39E-27
  7.72E-27  1.14E-26  5.00E-27  9.15E-27  9.61E-27  4.57E-27  1.02E-26  7.45E-27
  5.09E-27  1.03E-26  5.55E-27  6.16E-27  9.64E-27  4.28E-27  7.35E-27  8.20E-27
  3.77E-27  8.28E-27  6.54E-27  4.03E-27  8.57E-27  4.86E-27  4.87E-27  8.11E-27
  3.63E-27  5.94E-27  7.06E-27  3.10E-27  6.74E-27  5.66E-27  3.24E-27  7.07E-27
  4.23E-27  3.89E-27  6.81E-27  3.17E-27  4.70E-27  6.02E-27  2.58E-27  5.46E-27
  4.89E-27  2.62E-27  5.82E-27  3.71E-27  3.08E-27  5.70E-27  2.74E-27  3.74E-27
  5.13E-27  2.19E-27  4.40E-27  4.22E-27  2.11E-27  4.77E-27  3.23E-27  2.43E-27
  4.75E-27  2.39E-27  2.97E-27  4.34E-27  1.87E-27  3.53E-27  3.64E-27  1.71E-27
  3.90E-27  2.81E-27  1.93E-27  3.94E-27  2.07E-27  2.35E-27  3.66E-27  1.58E-27
  2.83E-27  3.10E-27  1.41E-27  3.16E-27  2.44E-27  1.53E-27  3.26E-27  1.80E-27
  1.87E-27  3.07E-27  1.35E-27  2.25E-27  2.66E-27  1.16E-27  2.56E-27  2.10E-27
   1.0300719312288009     
  0.00E+00  2.09E-15  6.14E-17  2.85E-16  4.68E-17  2.07E-16  2.47E-17  1.23E-16
  3.71E-17  8.10E-17  3.17E-17  3.35E-17  2.76E-17  1.52E-17  1.41E-17  4.47E-18
  8.79E-18  2.25E-18  4.14E-18  1.17E-18  2.27E-18  8.41E-19  1.19E-18  5.85E-19
  6.82E-19  4.12E-19  4.04E-19  2.82E-19  2.50E-19  1.98E-19  1.62E-19  1.33E-19
  1.07E-19  9.36E-20  7.97E-20  6.49E-20  5.70E-20  4.88E-20  4.27E-20  3.51E-20
  3.23E-20  2.78E-20  2.41E-20  2.14E-20  1.89E-20  1.68E-20  1.48E-20  1.31E-20
  1.16E-20  1.03E-20  9.17E-21  7.99E-21  7.36E-21  6.38E-21  5.70E-21  5.04E-21
  4.57E-21  4.26E-21  3.68E-21  3.32E-21  3.15E-21  2.78E-21  2.61E-21  2.33E-21
  2.22E-21  2.06E-21  1.84E-21  1.74E-21  1.57E-21  1.49E-21  1.34E-21  1.24E-21
  1.14E-21  1.05E-21  9.79E-22  8.81E-22  8.21E-22  7.66E-22  6.82E-22  6.43E-22
  5.86E-22  5.65E-22  5.14E-22  4.81E-22  4.45E-22  4.28E-22  4.02E-22  3.76E-22
  3.53E-22  3.36E-22  3.19E-22  2.98E-22  2.83E-22  2.64E-22  2.47E-22  2.35E-22
  2.20E-22  2.06E-22  1.93E-22  1.79E-22  1.67E-22  1.59E-22  1.48E-22  1.40E-22
  1.29E-22  1.28E-22  1.17E-22  1.12E-22  1.07E-22  1.03E-22  9.71E-23  9.31E-23
  8.83E-23  8.57E-23  8.16E-23  7.77E-23  7.42E-23  7.03E-23  6.71E-23  6.35E-23
  6.07E-23  5.74E-23  5.37E-23  5.10E-23  4.81E-23  4.66E-23  4.30E-23  4.12E-23
  3.92E-23  3.83E-23  3.61E-23  3.42E-23  3.40E-23  3.20E-23  3.13E-23  2.98E-23
  2.92E-23  2.82E-23  2.70E-23  2.58E-23  2.48E-23  2.41E-23  2.28E-23  2.18E-23
  2.07E-23  1.98E-23  1.90E-23  1.81E-23  1.73E-23  1.65E-23  1.57E-23  1.49E-23
  1.44E-23  1.40E-23  1.36E-23  1.29E-23  1.28E-23  1.23E-23  1.19E-23  1.16E-23
  1.13E-23  1.10E-23  1.06E-23  1.03E-23  9.90E-24  9.52E-24  9.15E-24  8.77E-24
  8.43E-24  8.03E-24  7.78E-24  7.38E-24  7.10E-24  6.81E-24  6.61E-24  6.22E-24
  6.11E-24  5.96E-24  5.80E-24  5.61E-24  5.49E-24  5.39E-24  5.22E-24  5.07E-24
  4.98E-24  4.83E-24  4.67E-24  4.55E-24  4.39E-24  4.23E-24  4.07E-24  3.92E-24
  3.76E-24  3.64E-24  3.50E-24  3.37E-24  3.26E-24  3.12E-24  3.05E-24  2.92E-24
  2.86E-24  2.80E-24  2.73E-24  2.64E-24  2.62E-24  2.55E-24  2.48E-24  2.45E-24
  2.39E-24  2.32E-24  2.26E-24  2.20E-24  2.13E-24  2.06E-24  1.99E-24  1.91E-24
  1.85E-24  1.80E-24  1.71E-24  1.66E-24  1.60E-24  1.57E-24  1.50E-24  1.47E-24
  1.44E-24  1.42E-24  1.39E-24  1.35E-24  1.34E-24  1.31E-24  1.28E-24  1.26E-24
  1.23E-24  1.20E-24  1.17E-24  1.14E-24  1.11E-24  1.07E-24  1.03E-24  1.01E-24
  9.63E-25  9.38E-25  9.01E-25  8.74E-25  8.55E-25  8.24E-25  8.07E-25  7.83E-25
  7.78E-25  7.61E-25  7.47E-25  7.34E-25  7.26E-25  7.12E-25  7.03E-25  6.88E-25
  6.78E-25  6.58E-25  6.43E-25  6.25E-25  6.08E-25  5.90E-25  5.69E-25  5.52E-25
  5.32E-25  5.19E-25  4.97E-25  4.82E-25  4.72E-25  4.65E-25  4.52E-25  4.42E-25
  4.37E-25  4.30E-25  4.26E-25  4.18E-25  4.13E-25  4.09E-25  4.00E-25  3.93E-25
  3.86E-25  3.78E-25  3.67E-25  3.58E-25  3.48E-25  3.39E-25  3.26E-25  3.16E-25
  3.05E-25  2.99E-25  2.88E-25  2.81E-25  2.76E-25  2.70E-25  2.66E-25  2.60E-25
  2.58E-25  2.54E-25  2.51E-25  2.49E-25  2.45E-25  2.43E-25  2.39E-25  2.35E-25
  2.30E-25  2.25E-25  2.19E-25  2.13E-25  2.06E-25  2.01E-25  1.95E-25  1.89E-25
  1.83E-25  1.78E-25  1.75E-25  1.69E-25  1.66E-25  1.62E-25  1.63E-25  1.58E-25
  1.58E-25  1.57E-25  1.55E-25  1.53E-25  1.51E-25  1.49E-25  1.47E-25  1.45E-25
  1.41E-25  1.38E-25  1.34E-25  1.31E-25  1.27E-25  1.24E-25  1.19E-25  1.16E-25
  1.13E-25  1.11E-25  1.08E-25  1.05E-25  1.04E-25  1.03E-25  1.01E-25  9.98E-26
  9.93E-26  9.88E-26  9.70E-26  9.67E-26  9.53E-26  9.42E-26  9.27E-26  9.08E-26
  8.89E-26  8.72E-26  8.48E-26  8.24E-26  7.98E-26  7.80E-26  7.50E-26  7.38E-26
  7.14E-26  7.06E-26  6.87E-26  6.74E-26  6.64E-26  6.58E-26  6.51E-26  6.41E-26
  6.41E-26  6.38E-26  6.30E-26  6.24E-26  6.17E-26  6.07E-26  5.96E-26  5.87E-26
  5.73E-26  5.60E-26  5.45E-26  5.31E-26  5.13E-26  5.02E-26  4.86E-26  4.75E-26
  4.61E-26  4.56E-26  4.48E-26  4.38E-26  4.35E-26  4.29E-26  4.27E-26  4.23E-26
  4.21E-26  4.19E-26  4.13E-26  4.08E-26  4.04E-26  3.99E-26  3.92E-26  3.83E-26
  3.74E-26  3.66E-26  3.55E-26  3.45E-26  3.36E-26  3.28E-26  3.17E-26  3.11E-26
  3.06E-26  2.98E-26  2.94E-26  2.88E-26  2.90E-26  2.84E-26  2.84E-26  2.80E-26
  2.80E-26  2.78E-26  2.75E-26  2.73E-26  2.68E-26  2.64E-26  2.59E-26  2.54E-26
  2.46E-26  2.41E-26  2.34E-26  2.28E-26  2.21E-26  2.16E-26  2.10E-26  2.05E-26
  2.02E-26  1.98E-26  1.98E-26  1.94E-26  1.92E-26  1.91E-26  1.90E-26  1.88E-26
  1.87E-26  1.86E-26  1.84E-26  1.83E-26  1.79E-26  1.76E-26  1.72E-26  1.68E-26
  1.64E-26  1.60E-26  1.55E-26  1.51E-26  1.48E-26  1.43E-26  1.41E-26  1.36E-26
  1.35E-26  1.34E-26  1.32E-26  1.30E-26  1.30E-26  1.29E-26  1.28E-26  1.28E-26
  1.26E-26  1.26E-26  1.24E-26  1.22E-26  1.20E-26  1.18E-26  1.15E-26  1.12E-26
  1.10E-26  1.07E-26  1.04E-26  1.01E-26  9.79E-27  9.62E-27  9.35E-27  9.20E-27
  9.12E-27  8.95E-27  8.94E-27  8.81E-27  8.76E-27  8.74E-27  8.66E-27  8.65E-27
  8.54E-27  8.48E-27  8.35E-27  8.23E-27  8.07E-27  7.91E-27  7.72E-27  7.50E-27
  7.32E-27  7.15E-27  6.90E-27  6.72E-27  6.59E-27  6.46E-27  6.29E-27  6.17E-27
  6.14E-27  6.07E-27  6.04E-27  5.95E-27  5.95E-27  5.91E-27  5.87E-27  5.83E-27
  5.77E-27  5.72E-27  5.62E-27  5.54E-27  5.41E-27  5.30E-27  5.15E-27  5.02E-27
  4.87E-27  4.77E-27  4.61E-27  4.51E-27  4.40E-27  4.32E-27  4.21E-27  4.18E-27
  4.14E-27  4.10E-27  4.07E-27  4.04E-27  4.04E-27  4.00E-27  3.97E-27  3.93E-27
  3.90E-27  3.84E-27  3.78E-27  3.70E-27  3.63E-27  3.53E-27  3.44E-27  3.35E-27
  3.24E-27  3.17E-27  3.08E-27  3.01E-27  2.95E-27  2.88E-27  2.85E-27  2.79E-27
  2.79E-27  2.75E-27  2.75E-27  2.72E-27  2.71E-27  2.69E-27  2.67E-27  2.65E-27
  2.61E-27  2.57E-27  2.52E-27  2.47E-27  2.41E-27  2.35E-27  2.28E-27  2.21E-27
  2.16E-27  2.09E-27  2.04E-27  1.99E-27  1.96E-27  1.92E-27  1.90E-27  1.87E-27
   1.0400722929491280     
  0.00E+00  9.58E-17  4.73E-16  3.24E-17  1.83E-16  1.30E-16  4.83E-17  1.17E-16
  3.21E-17  6.34E-17  6.25E-17  1.08E-17  3.32E-17  1.91E-17  5.92E-18  9.00E-18
  5.05E-18  3.57E-18  3.04E-18  1.52E-18  1.69E-18  1.17E-18  7.27E-19  7.81E-19
  5.92E-19  3.90E-19  3.29E-19  3.06E-19  2.36E-19  1.67E-19  1.61E-19  1.42E-19
  9.99E-20  8.04E-20  8.50E-20  6.72E-20  4.94E-20  4.54E-20  4.65E-20  3.54E-20
  2.63E-20  2.73E-20  2.50E-20  1.84E-20  1.60E-20  1.78E-20  1.39E-20  1.06E-20
  1.03E-20  1.06E-20  8.23E-21  6.61E-21  7.22E-21  6.71E-21  4.95E-21  4.53E-21
  4.90E-21  4.29E-21  3.20E-21  3.32E-21  3.43E-21  2.57E-21  2.19E-21  2.39E-21
  2.22E-21  1.69E-21  1.66E-21  1.80E-21  1.47E-21  1.18E-21  1.27E-21  1.25E-21
  9.83E-22  8.86E-22  1.02E-21  8.69E-22  6.73E-22  7.08E-22  7.29E-22  6.06E-22
  5.00E-22  5.69E-22  5.49E-22  4.28E-22  3.92E-22  4.48E-22  3.92E-22  3.06E-22
  3.31E-22  3.52E-22  2.78E-22  2.40E-22  2.76E-22  2.62E-22  2.01E-22  2.01E-22
  2.27E-22  1.95E-22  1.56E-22  1.72E-22  1.79E-22  1.39E-22  1.29E-22  1.47E-22
  1.34E-22  1.05E-22  1.09E-22  1.20E-22  1.02E-22  8.42E-23  9.70E-23  9.60E-23
  7.49E-23  7.14E-23  8.33E-23  7.31E-23  5.92E-23  6.40E-23  6.87E-23  5.58E-23
  4.87E-23  5.69E-23  5.48E-23  4.30E-23  4.27E-23  4.99E-23  4.25E-23  3.41E-23
  3.82E-23  4.12E-23  3.26E-23  2.94E-23  3.52E-23  3.23E-23  2.54E-23  2.66E-23
  3.04E-23  2.57E-23  2.12E-23  2.44E-23  2.55E-23  2.00E-23  1.88E-23  2.19E-23
  2.04E-23  1.61E-23  1.75E-23  1.93E-23  1.58E-23  1.37E-23  1.61E-23  1.59E-23
  1.25E-23  1.24E-23  1.47E-23  1.28E-23  1.03E-23  1.16E-23  1.26E-23  1.02E-23
  9.09E-24  1.10E-23  1.04E-23  8.15E-24  8.40E-24  9.90E-24  8.30E-24  6.86E-24
  8.08E-24  8.41E-24  6.69E-24  6.27E-24  7.50E-24  6.97E-24  5.49E-24  5.91E-24
  6.73E-24  5.58E-24  4.77E-24  5.65E-24  5.75E-24  4.48E-24  4.43E-24  5.28E-24
  4.71E-24  3.75E-24  4.23E-24  4.69E-24  3.78E-24  3.38E-24  4.03E-24  3.99E-24
  3.07E-24  3.18E-24  3.78E-24  3.25E-24  2.68E-24  3.10E-24  3.33E-24  2.61E-24
  2.44E-24  2.97E-24  2.81E-24  2.16E-24  2.38E-24  2.74E-24  2.25E-24  1.91E-24
  2.30E-24  2.39E-24  1.85E-24  1.81E-24  2.18E-24  1.98E-24  1.56E-24  1.77E-24
  1.98E-24  1.63E-24  1.41E-24  1.73E-24  1.71E-24  1.33E-24  1.36E-24  1.63E-24
  1.43E-24  1.15E-24  1.36E-24  1.46E-24  1.16E-24  1.07E-24  1.31E-24  1.25E-24
  9.71E-25  1.05E-24  1.24E-24  1.02E-24  8.55E-25  1.04E-24  1.09E-24  8.55E-25
  8.17E-25  1.01E-24  9.22E-25  7.21E-25  8.13E-25  9.24E-25  7.61E-25  6.57E-25
  8.12E-25  8.16E-25  6.26E-25  6.36E-25  7.79E-25  6.87E-25  5.46E-25  6.38E-25
  7.15E-25  5.60E-25  5.09E-25  6.36E-25  6.15E-25  4.74E-25  5.08E-25  6.04E-25
  5.11E-25  4.19E-25  5.07E-25  5.41E-25  4.23E-25  4.04E-25  5.02E-25  4.65E-25
  3.60E-25  4.04E-25  4.72E-25  3.84E-25  3.29E-25  4.09E-25  4.16E-25  3.18E-25
  3.21E-25  3.96E-25  3.55E-25  2.78E-25  3.27E-25  3.69E-25  2.92E-25  2.60E-25
  3.26E-25  3.25E-25  2.46E-25  2.61E-25  3.17E-25  2.70E-25  2.18E-25  2.65E-25
  2.89E-25  2.24E-25  2.10E-25  2.65E-25  2.48E-25  1.92E-25  2.13E-25  2.52E-25
  2.08E-25  1.75E-25  2.18E-25  2.26E-25  1.72E-25  1.72E-25  2.15E-25  1.95E-25
  1.51E-25  1.75E-25  2.03E-25  1.60E-25  1.41E-25  1.78E-25  1.81E-25  1.35E-25
  1.41E-25  1.75E-25  1.51E-25  1.20E-25  1.46E-25  1.61E-25  1.25E-25  1.16E-25
  1.47E-25  1.41E-25  1.07E-25  1.18E-25  1.41E-25  1.18E-25  9.71E-26  1.21E-25
  1.29E-25  9.82E-26  9.63E-26  1.21E-25  1.11E-25  8.52E-26  9.94E-26  1.15E-25
  9.23E-26  7.99E-26  1.01E-25  1.03E-25  7.79E-26  8.09E-26  1.00E-25  8.69E-26
  6.90E-26  8.32E-26  9.38E-26  7.28E-26  6.62E-26  8.49E-26  8.19E-26  6.20E-26
  6.74E-26  8.31E-26  6.94E-26  5.65E-26  7.04E-26  7.58E-26  5.79E-26  5.55E-26
  7.09E-26  6.63E-26  5.00E-26  5.75E-26  6.79E-26  5.50E-26  4.65E-26  5.95E-26
  6.16E-26  4.62E-26  4.73E-26  5.92E-26  5.23E-26  4.07E-26  4.88E-26  5.59E-26
  4.39E-26  3.91E-26  5.05E-26  4.94E-26  3.70E-26  4.00E-26  4.94E-26  4.18E-26
  3.36E-26  4.20E-26  4.56E-26  3.48E-26  3.29E-26  4.28E-26  3.98E-26  3.01E-26
  3.43E-26  4.10E-26  3.34E-26  2.79E-26  3.57E-26  3.74E-26  2.81E-26  2.81E-26
  3.59E-26  3.19E-26  2.47E-26  2.93E-26  3.42E-26  2.67E-26  2.36E-26  3.03E-26
  3.03E-26  2.26E-26  2.41E-26  3.02E-26  2.58E-26  2.04E-26  2.52E-26  2.80E-26
  2.14E-26  1.99E-26  2.59E-26  2.46E-26  1.84E-26  2.07E-26  2.51E-26  2.07E-26
  1.70E-26  2.16E-26  2.31E-26  1.73E-26  1.71E-26  2.19E-26  1.99E-26  1.51E-26
  1.78E-26  2.11E-26  1.66E-26  1.44E-26  1.85E-26  1.88E-26  1.40E-26  1.46E-26
  1.85E-26  1.60E-26  1.25E-26  1.53E-26  1.74E-26  1.33E-26  1.22E-26  1.58E-26
  1.54E-26  1.14E-26  1.27E-26  1.55E-26  1.29E-26  1.05E-26  1.33E-26  1.43E-26
  1.08E-26  1.05E-26  1.34E-26  1.24E-26  9.35E-27  1.09E-26  1.30E-26  1.04E-26
  8.85E-27  1.14E-26  1.17E-26  8.71E-27  8.97E-27  1.15E-26  1.01E-26  7.76E-27
  9.43E-27  1.08E-26  8.42E-27  7.51E-27  9.77E-27  9.61E-27  7.09E-27  7.78E-27
  9.57E-27  8.10E-27  6.46E-27  8.14E-27  8.95E-27  6.76E-27  6.44E-27  8.27E-27
  7.79E-27  5.82E-27  6.72E-27  8.04E-27  6.56E-27  5.46E-27  7.00E-27  7.30E-27
  5.47E-27  5.52E-27  7.10E-27  6.29E-27  4.82E-27  5.80E-27  6.69E-27  5.24E-27
  4.60E-27  6.05E-27  5.98E-27  4.44E-27  4.76E-27  5.96E-27  5.07E-27  4.00E-27
  5.00E-27  5.58E-27  4.23E-27  3.94E-27  5.13E-27  4.86E-27  3.63E-27  4.11E-27
  5.01E-27  4.10E-27  3.36E-27  4.31E-27  4.57E-27  3.41E-27  3.38E-27  4.37E-27
  3.94E-27  2.98E-27  3.56E-27  4.15E-27  3.28E-27  2.83E-27  3.71E-27  3.73E-27
  2.77E-27  2.91E-27  3.67E-27  3.17E-27  2.47E-27  3.07E-27  3.45E-27  2.63E-27
  2.42E-27  3.15E-27  3.03E-27  2.24E-27  2.51E-27  3.08E-27  2.55E-27  2.07E-27
  2.62E-27  2.83E-27  2.12E-27  2.06E-27  2.68E-27  2.45E-27  1.84E-27  2.15E-27
  2.57E-27  2.03E-27  1.74E-27  2.25E-27  2.31E-27  1.71E-27  1.76E-27  2.24E-27
   1.0500731736836599     
  0.00E+00 -3.08E-16  1.53E-16  2.27E-16  1.31E-16  9.34E-17  7.20E-17  8.74E-17
  8.27E-17  5.90E-17  3.02E-17  2.97E-17  2.70E-17  1.70E-17  8.43E-18  4.44E-18
  6.10E-18  3.38E-18  2.54E-18  1.72E-18  1.31E-18  1.28E-18  7.61E-19  6.98E-19
  4.93E-19  3.96E-19  3.74E-19  2.35E-19  2.38E-19  1.76E-19  1.36E-19  1.35E-19
  8.85E-20  9.79E-20  6.75E-20  5.74E-20  5.73E-20  3.95E-20  4.43E-20  3.05E-20
  2.86E-20  2.74E-20  1.84E-20  2.14E-20  1.51E-20  1.53E-20  1.36E-20  9.94E-21
  1.14E-20  8.26E-21  8.38E-21  7.31E-21  5.82E-21  6.62E-21  4.54E-21  5.05E-21
  4.15E-21  3.59E-21  3.89E-21  2.70E-21  3.13E-21  2.50E-21  2.19E-21  2.36E-21
  1.68E-21  2.02E-21  1.57E-21  1.49E-21  1.51E-21  1.12E-21  1.30E-21  9.92E-22
  1.00E-21  9.94E-22  7.52E-22  8.82E-22  6.64E-22  6.97E-22  6.58E-22  5.06E-22
  6.16E-22  4.55E-22  4.97E-22  4.63E-22  3.64E-22  4.31E-22  3.12E-22  3.55E-22
  3.15E-22  2.69E-22  3.13E-22  2.23E-22  2.64E-22  2.28E-22  2.01E-22  2.25E-22
  1.64E-22  2.00E-22  1.64E-22  1.51E-22  1.66E-22  1.22E-22  1.51E-22  1.19E-22
  1.18E-22  1.26E-22  9.10E-23  1.14E-22  8.78E-23  9.37E-23  9.32E-23  7.15E-23
  8.82E-23  6.57E-23  7.33E-23  6.92E-23  5.77E-23  6.95E-23  4.97E-23  5.87E-23
  5.29E-23  4.60E-23  5.45E-23  3.91E-23  4.66E-23  4.13E-23  3.65E-23  4.20E-23
  3.05E-23  3.81E-23  3.14E-23  2.99E-23  3.36E-23  2.45E-23  3.10E-23  2.44E-23
  2.51E-23  2.67E-23  1.99E-23  2.52E-23  1.94E-23  2.08E-23  2.13E-23  1.62E-23
  2.08E-23  1.54E-23  1.73E-23  1.68E-23  1.37E-23  1.71E-23  1.24E-23  1.44E-23
  1.33E-23  1.14E-23  1.39E-23  1.00E-23  1.24E-23  1.08E-23  9.58E-24  1.15E-23
  8.31E-24  1.05E-23  8.64E-24  8.34E-24  9.37E-24  7.01E-24  8.87E-24  7.09E-24
  7.13E-24  7.72E-24  5.93E-24  7.49E-24  5.84E-24  6.20E-24  6.43E-24  4.92E-24
  6.38E-24  4.79E-24  5.41E-24  5.29E-24  4.26E-24  5.46E-24  3.96E-24  4.71E-24
  4.39E-24  3.70E-24  4.59E-24  3.34E-24  4.11E-24  3.64E-24  3.22E-24  3.87E-24
  2.81E-24  3.60E-24  3.02E-24  2.87E-24  3.31E-24  2.39E-24  3.15E-24  2.51E-24
  2.54E-24  2.79E-24  2.07E-24  2.72E-24  2.12E-24  2.26E-24  2.35E-24  1.81E-24
  2.37E-24  1.79E-24  2.00E-24  2.01E-24  1.60E-24  2.05E-24  1.52E-24  1.78E-24
  1.68E-24  1.43E-24  1.79E-24  1.28E-24  1.61E-24  1.44E-24  1.26E-24  1.55E-24
  1.09E-24  1.44E-24  1.22E-24  1.14E-24  1.34E-24  9.72E-25  1.27E-24  1.02E-24
  1.04E-24  1.17E-24  8.54E-25  1.13E-24  8.76E-25  9.39E-25  9.97E-25  7.68E-25
  1.01E-24  7.52E-25  8.55E-25  8.61E-25  6.84E-25  8.91E-25  6.51E-25  7.73E-25
  7.44E-25  6.16E-25  7.92E-25  5.62E-25  7.05E-25  6.39E-25  5.59E-25  6.95E-25
  4.99E-25  6.38E-25  5.44E-25  5.12E-25  6.12E-25  4.41E-25  5.82E-25  4.69E-25
  4.71E-25  5.37E-25  3.88E-25  5.25E-25  4.05E-25  4.33E-25  4.70E-25  3.51E-25
  4.75E-25  3.53E-25  3.99E-25  4.07E-25  3.20E-25  4.28E-25  3.07E-25  3.67E-25
  3.53E-25  2.92E-25  3.82E-25  2.71E-25  3.41E-25  3.09E-25  2.68E-25  3.40E-25
  2.39E-25  3.14E-25  2.68E-25  2.48E-25  3.02E-25  2.14E-25  2.86E-25  2.34E-25
  2.31E-25  2.67E-25  1.93E-25  2.64E-25  2.02E-25  2.17E-25  2.35E-25  1.75E-25
  2.40E-25  1.79E-25  2.02E-25  2.07E-25  1.60E-25  2.17E-25  1.57E-25  1.89E-25
  1.83E-25  1.48E-25  1.97E-25  1.39E-25  1.75E-25  1.59E-25  1.40E-25  1.75E-25
  1.24E-25  1.64E-25  1.40E-25  1.29E-25  1.59E-25  1.11E-25  1.51E-25  1.24E-25
  1.21E-25  1.42E-25  1.01E-25  1.38E-25  1.08E-25  1.14E-25  1.26E-25  9.29E-26
  1.28E-25  9.52E-26  1.08E-25  1.12E-25  8.58E-26  1.17E-25  8.45E-26  1.01E-25
  9.90E-26  8.01E-26  1.06E-25  7.48E-26  9.48E-26  8.81E-26  7.46E-26  9.62E-26
  6.78E-26  8.86E-26  7.72E-26  7.03E-26  8.74E-26  6.11E-26  8.25E-26  6.77E-26
  6.67E-26  7.88E-26  5.55E-26  7.67E-26  5.99E-26  6.31E-26  7.06E-26  5.10E-26
  7.11E-26  5.33E-26  5.93E-26  6.28E-26  4.77E-26  6.56E-26  4.72E-26  5.61E-26
  5.58E-26  4.47E-26  6.02E-26  4.23E-26  5.31E-26  4.94E-26  4.18E-26  5.48E-26
  3.78E-26  5.03E-26  4.38E-26  3.96E-26  4.99E-26  3.46E-26  4.68E-26  3.87E-26
  3.76E-26  4.51E-26  3.17E-26  4.37E-26  3.42E-26  3.58E-26  4.03E-26  2.92E-26
  4.09E-26  3.05E-26  3.39E-26  3.60E-26  2.73E-26  3.78E-26  2.71E-26  3.24E-26
  3.24E-26  2.54E-26  3.47E-26  2.43E-26  3.07E-26  2.87E-26  2.40E-26  3.18E-26
  2.20E-26  2.89E-26  2.54E-26  2.28E-26  2.88E-26  2.01E-26  2.73E-26  2.26E-26
  2.17E-26  2.62E-26  1.83E-26  2.55E-26  2.00E-26  2.08E-26  2.36E-26  1.69E-26
  2.38E-26  1.78E-26  1.98E-26  2.13E-26  1.58E-26  2.21E-26  1.59E-26  1.88E-26
  1.89E-26  1.49E-26  2.03E-26  1.44E-26  1.78E-26  1.69E-26  1.40E-26  1.86E-26
  1.29E-26  1.69E-26  1.51E-26  1.33E-26  1.71E-26  1.17E-26  1.60E-26  1.33E-26
  1.28E-26  1.55E-26  1.08E-26  1.50E-26  1.19E-26  1.21E-26  1.40E-26  9.95E-27
  1.40E-26  1.06E-26  1.16E-26  1.25E-26  9.26E-27  1.30E-26  9.43E-27  1.10E-26
  1.13E-26  8.73E-27  1.20E-26  8.45E-27  1.05E-26  1.01E-26  8.25E-27  1.10E-26
  7.63E-27  9.99E-27  8.95E-27  7.84E-27  1.01E-26  6.95E-27  9.39E-27  7.94E-27
  7.47E-27  9.19E-27  6.35E-27  8.82E-27  7.06E-27  7.14E-27  8.36E-27  5.85E-27
  8.28E-27  6.29E-27  6.80E-27  7.44E-27  5.51E-27  7.71E-27  5.58E-27  6.51E-27
  6.67E-27  5.16E-27  7.15E-27  5.00E-27  6.21E-27  5.96E-27  4.85E-27  6.57E-27
  4.50E-27  5.90E-27  5.31E-27  4.61E-27  6.00E-27  4.12E-27  5.56E-27  4.70E-27
  4.40E-27  5.45E-27  3.76E-27  5.24E-27  4.18E-27  4.19E-27  4.91E-27  3.48E-27
  4.91E-27  3.72E-27  4.02E-27  4.42E-27  3.23E-27  4.56E-27  3.31E-27  3.81E-27
  3.96E-27  3.02E-27  4.22E-27  2.97E-27  3.64E-27  3.51E-27  2.86E-27  3.87E-27
  2.67E-27  3.46E-27  3.14E-27  2.70E-27  3.53E-27  2.42E-27  3.27E-27  2.78E-27
  2.58E-27  3.21E-27  2.21E-27  3.06E-27  2.47E-27  2.45E-27  2.89E-27  2.04E-27
  2.88E-27  2.19E-27  2.34E-27  2.59E-27  1.89E-27  2.67E-27  1.96E-27  2.23E-27
  2.33E-27  1.76E-27  2.45E-27  1.74E-27  2.13E-27  2.08E-27  1.66E-27  2.26E-27
   1.0600516195420226     
  0.00E+00  9.80E-16  1.65E-16  6.64E-17  1.61E-16  8.80E-17  8.83E-17  7.35E-17
  7.07E-17  5.55E-17  4.43E-17  2.95E-17  2.15E-17  1.47E-17  9.21E-18  6.02E-18
  5.01E-18  3.36E-18  2.33E-18  1.72E-18  1.32E-18  1.11E-18  7.77E-19  6.40E-19
  4.64E-19  4.10E-19  3.40E-19  2.56E-19  2.21E-19  1.77E-19  1.43E-19  1.16E-19
  9.69E-20  7.94E-20  7.09E-20  5.45E-20  5.08E-20  4.41E-20  3.91E-20  3.22E-20
  2.85E-20  2.42E-20  2.04E-20  1.79E-20  1.52E-20  1.39E-20  1.17E-20  1.07E-20
  9.98E-21  8.85E-21  7.98E-21  7.10E-21  6.33E-21  5.62E-21  4.90E-21  4.22E-21
  3.93E-21  3.63E-21  3.26E-21  2.98E-21  2.80E-21  2.49E-21  2.37E-21  2.12E-21
  1.88E-21  1.75E-21  1.54E-21  1.42E-21  1.26E-21  1.20E-21  1.10E-21  1.04E-21
  9.90E-22  9.11E-22  8.39E-22  7.64E-22  6.91E-22  6.46E-22  5.76E-22  5.29E-22
  5.04E-22  4.85E-22  4.56E-22  4.28E-22  4.08E-22  3.72E-22  3.51E-22  3.23E-22
  2.96E-22  2.70E-22  2.57E-22  2.34E-22  2.28E-22  2.17E-22  2.09E-22  1.98E-22
  1.88E-22  1.76E-22  1.64E-22  1.50E-22  1.42E-22  1.30E-22  1.24E-22  1.17E-22
  1.12E-22  1.11E-22  1.06E-22  9.88E-23  9.56E-23  8.91E-23  8.25E-23  7.60E-23
  7.24E-23  6.75E-23  6.63E-23  6.22E-23  6.18E-23  5.89E-23  5.72E-23  5.39E-23
  5.13E-23  4.86E-23  4.48E-23  4.20E-23  3.97E-23  3.85E-23  3.64E-23  3.58E-23
  3.49E-23  3.35E-23  3.26E-23  3.04E-23  2.93E-23  2.70E-23  2.58E-23  2.37E-23
  2.34E-23  2.27E-23  2.19E-23  2.14E-23  2.10E-23  2.01E-23  1.95E-23  1.81E-23
  1.71E-23  1.62E-23  1.55E-23  1.46E-23  1.43E-23  1.41E-23  1.36E-23  1.33E-23
  1.29E-23  1.24E-23  1.19E-23  1.13E-23  1.06E-23  1.01E-23  9.67E-24  9.25E-24
  9.19E-24  9.11E-24  8.81E-24  8.62E-24  8.36E-24  7.98E-24  7.58E-24  7.18E-24
  6.77E-24  6.39E-24  6.42E-24  6.11E-24  6.03E-24  5.99E-24  5.85E-24  5.69E-24
  5.50E-24  5.24E-24  4.93E-24  4.72E-24  4.48E-24  4.33E-24  4.23E-24  4.19E-24
  4.14E-24  4.09E-24  3.97E-24  3.84E-24  3.72E-24  3.51E-24  3.29E-24  3.16E-24
  3.06E-24  2.97E-24  2.96E-24  2.92E-24  2.88E-24  2.81E-24  2.77E-24  2.64E-24
  2.53E-24  2.41E-24  2.29E-24  2.17E-24  2.14E-24  2.12E-24  2.07E-24  2.08E-24
  2.03E-24  1.99E-24  1.93E-24  1.85E-24  1.75E-24  1.67E-24  1.61E-24  1.54E-24
  1.54E-24  1.53E-24  1.50E-24  1.49E-24  1.47E-24  1.42E-24  1.37E-24  1.31E-24
  1.23E-24  1.20E-24  1.16E-24  1.13E-24  1.12E-24  1.13E-24  1.10E-24  1.10E-24
  1.07E-24  1.04E-24  9.88E-25  9.37E-25  9.00E-25  8.73E-25  8.50E-25  8.52E-25
  8.35E-25  8.37E-25  8.24E-25  8.11E-25  7.88E-25  7.53E-25  7.20E-25  6.86E-25
  6.66E-25  6.49E-25  6.38E-25  6.36E-25  6.33E-25  6.37E-25  6.22E-25  6.05E-25
  5.82E-25  5.58E-25  5.30E-25  5.16E-25  4.97E-25  4.95E-25  4.87E-25  4.89E-25
  4.85E-25  4.83E-25  4.69E-25  4.53E-25  4.34E-25  4.19E-25  3.98E-25  3.87E-25
  3.81E-25  3.79E-25  3.77E-25  3.79E-25  3.74E-25  3.70E-25  3.57E-25  3.43E-25
  3.26E-25  3.17E-25  3.04E-25  2.98E-25  2.95E-25  2.97E-25  2.94E-25  2.95E-25
  2.91E-25  2.83E-25  2.72E-25  2.61E-25  2.49E-25  2.41E-25  2.36E-25  2.32E-25
  2.33E-25  2.33E-25  2.33E-25  2.31E-25  2.25E-25  2.18E-25  2.08E-25  2.00E-25
  1.92E-25  1.89E-25  1.86E-25  1.84E-25  1.84E-25  1.86E-25  1.84E-25  1.82E-25
  1.75E-25  1.69E-25  1.62E-25  1.56E-25  1.51E-25  1.47E-25  1.49E-25  1.47E-25
  1.48E-25  1.48E-25  1.46E-25  1.43E-25  1.37E-25  1.32E-25  1.26E-25  1.23E-25
  1.19E-25  1.19E-25  1.19E-25  1.19E-25  1.19E-25  1.19E-25  1.16E-25  1.12E-25
  1.07E-25  1.04E-25  9.98E-26  9.67E-26  9.59E-26  9.57E-26  9.62E-26  9.68E-26
  9.62E-26  9.46E-26  9.13E-26  8.80E-26  8.44E-26  8.21E-26  7.96E-26  7.65E-26
  7.88E-26  7.80E-26  7.86E-26  7.85E-26  7.73E-26  7.54E-26  7.22E-26  6.98E-26
  6.65E-26  6.60E-26  6.37E-26  6.34E-26  6.34E-26  6.42E-26  6.41E-26  6.36E-26
  6.22E-26  6.01E-26  5.80E-26  5.54E-26  5.36E-26  5.27E-26  5.19E-26  5.17E-26
  5.25E-26  5.27E-26  5.24E-26  5.13E-26  4.99E-26  4.80E-26  4.59E-26  4.45E-26
  4.29E-26  4.29E-26  4.29E-26  4.28E-26  4.32E-26  4.32E-26  4.25E-26  4.14E-26
  4.00E-26  3.85E-26  3.70E-26  3.56E-26  3.52E-26  3.52E-26  3.52E-26  3.54E-26
  3.56E-26  3.53E-26  3.44E-26  3.32E-26  3.21E-26  3.08E-26  2.96E-26  2.92E-26
  2.90E-26  2.89E-26  2.93E-26  2.94E-26  2.93E-26  2.87E-26  2.79E-26  2.67E-26
  2.57E-26  2.50E-26  2.42E-26  2.40E-26  2.40E-26  2.41E-26  2.44E-26  2.43E-26
  2.39E-26  2.32E-26  2.26E-26  2.16E-26  2.07E-26  2.03E-26  1.98E-26  1.97E-26
  2.00E-26  2.01E-26  2.01E-26  2.00E-26  1.95E-26  1.88E-26  1.81E-26  1.74E-26
  1.67E-26  1.66E-26  1.64E-26  1.65E-26  1.66E-26  1.67E-26  1.66E-26  1.63E-26
  1.58E-26  1.52E-26  1.47E-26  1.40E-26  1.38E-26  1.36E-26  1.38E-26  1.37E-26
  1.39E-26  1.38E-26  1.37E-26  1.32E-26  1.28E-26  1.23E-26  1.18E-26  1.15E-26
  1.13E-26  1.14E-26  1.14E-26  1.15E-26  1.15E-26  1.14E-26  1.11E-26  1.07E-26
  1.04E-26  9.92E-27  9.65E-27  9.43E-27  9.44E-27  9.50E-27  9.60E-27  9.60E-27
  9.54E-27  9.29E-27  9.09E-27  8.68E-27  8.37E-27  8.09E-27  7.86E-27  7.84E-27
  7.86E-27  7.93E-27  8.00E-27  7.93E-27  7.82E-27  7.60E-27  7.35E-27  6.98E-27
  6.80E-27  6.63E-27  6.49E-27  6.50E-27  6.61E-27  6.63E-27  6.62E-27  6.51E-27
  6.39E-27  6.15E-27  5.95E-27  5.65E-27  5.52E-27  5.42E-27  5.41E-27  5.45E-27
  5.49E-27  5.51E-27  5.45E-27  5.35E-27  5.18E-27  4.98E-27  4.77E-27  4.61E-27
  4.51E-27  4.53E-27  4.51E-27  4.56E-27  4.57E-27  4.55E-27  4.48E-27  4.34E-27
  4.19E-27  4.01E-27  3.88E-27  3.76E-27  3.74E-27  3.74E-27  3.78E-27  3.78E-27
  3.79E-27  3.73E-27  3.64E-27  3.51E-27  3.37E-27  3.23E-27  3.15E-27  3.10E-27
  3.10E-27  3.13E-27  3.14E-27  3.15E-27  3.11E-27  3.05E-27  2.95E-27  2.82E-27
  2.72E-27  2.63E-27  2.58E-27  2.56E-27  2.58E-27  2.59E-27  2.61E-27  2.59E-27
  2.55E-27  2.46E-27  2.38E-27  2.26E-27  2.20E-27  2.15E-27  2.13E-27  2.12E-27
  2.15E-27  2.15E-27  2.14E-27  2.12E-27  2.06E-27  1.99E-27  1.90E-27  1.82E-27
   1.0700513796631765     
  0.00E+00  1.11E-15  4.97E-16  1.73E-16  1.12E-16  9.97E-17  9.25E-17  8.00E-17
  6.24E-17  7.27E-17  4.11E-17  2.58E-17  1.90E-17  1.36E-17  8.08E-18  5.45E-18
  4.86E-18  3.46E-18  2.55E-18  1.58E-18  1.30E-18  1.09E-18  8.46E-19  6.00E-19
  4.67E-19  3.96E-19  3.38E-19  2.57E-19  1.97E-19  1.73E-19  1.45E-19  1.19E-19
  9.11E-20  7.94E-20  7.48E-20  5.93E-20  4.82E-20  4.00E-20  3.70E-20  3.28E-20
  2.74E-20  2.18E-20  1.98E-20  1.88E-20  1.57E-20  1.30E-20  1.15E-20  1.11E-20
  1.01E-20  8.18E-21  7.00E-21  6.82E-21  6.54E-21  5.37E-21  4.45E-21  4.16E-21
  4.14E-21  3.84E-21  3.03E-21  2.70E-21  2.76E-21  2.55E-21  2.17E-21  1.83E-21
  1.79E-21  1.82E-21  1.54E-21  1.29E-21  1.24E-21  1.25E-21  1.13E-21  9.41E-22
  8.65E-22  8.53E-22  8.68E-22  7.00E-22  6.22E-22  6.21E-22  6.13E-22  5.58E-22
  4.67E-22  4.42E-22  4.59E-22  4.35E-22  3.66E-22  3.20E-22  3.35E-22  3.30E-22
  2.90E-22  2.49E-22  2.49E-22  2.51E-22  2.34E-22  1.98E-22  1.86E-22  1.90E-22
  1.89E-22  1.62E-22  1.45E-22  1.45E-22  1.50E-22  1.32E-22  1.14E-22  1.12E-22
  1.14E-22  1.10E-22  9.24E-23  8.66E-23  9.09E-23  9.04E-23  7.69E-23  6.96E-23
  7.06E-23  7.26E-23  6.62E-23  5.66E-23  5.64E-23  5.85E-23  5.41E-23  4.76E-23
  4.49E-23  4.69E-23  4.65E-23  4.05E-23  3.64E-23  3.77E-23  3.83E-23  3.47E-23
  3.06E-23  3.01E-23  3.17E-23  2.98E-23  2.65E-23  2.44E-23  2.61E-23  2.56E-23
  2.30E-23  2.04E-23  2.10E-23  2.15E-23  2.01E-23  1.75E-23  1.74E-23  1.80E-23
  1.76E-23  1.53E-23  1.42E-23  1.50E-23  1.53E-23  1.36E-23  1.20E-23  1.23E-23
  1.30E-23  1.20E-23  1.04E-23  1.01E-23  1.10E-23  1.07E-23  9.27E-24  8.61E-24
  9.11E-24  9.50E-24  8.28E-24  7.37E-24  7.54E-24  8.15E-24  7.50E-24  6.52E-24
  6.35E-24  6.79E-24  6.89E-24  5.85E-24  5.42E-24  5.76E-24  6.04E-24  5.32E-24
  4.74E-24  4.79E-24  5.19E-24  4.91E-24  4.25E-24  4.10E-24  4.40E-24  4.39E-24
  3.87E-24  3.52E-24  3.73E-24  3.91E-24  3.58E-24  3.12E-24  3.13E-24  3.39E-24
  3.25E-24  2.84E-24  2.69E-24  2.89E-24  2.98E-24  2.60E-24  2.37E-24  2.47E-24
  2.61E-24  2.43E-24  2.12E-24  2.11E-24  2.28E-24  2.24E-24  1.92E-24  1.84E-24
  1.97E-24  2.04E-24  1.79E-24  1.62E-24  1.69E-24  1.79E-24  1.68E-24  1.47E-24
  1.46E-24  1.59E-24  1.54E-24  1.36E-24  1.28E-24  1.37E-24  1.40E-24  1.26E-24
  1.14E-24  1.19E-24  1.27E-24  1.17E-24  1.04E-24  1.03E-24  1.12E-24  1.09E-24
  9.67E-25  8.97E-25  9.79E-25  9.97E-25  9.09E-25  8.11E-25  8.40E-25  9.11E-25
  8.52E-25  7.47E-25  7.30E-25  7.95E-25  7.99E-25  6.96E-25  6.50E-25  6.93E-25
  7.33E-25  6.62E-25  5.86E-25  6.06E-25  6.58E-25  6.27E-25  5.43E-25  5.29E-25
  5.85E-25  5.85E-25  5.16E-25  4.74E-25  5.07E-25  5.43E-25  4.90E-25  4.34E-25
  4.41E-25  4.88E-25  4.62E-25  4.03E-25  3.90E-25  4.32E-25  4.36E-25  3.85E-25
  3.52E-25  3.78E-25  4.02E-25  3.69E-25  3.24E-25  3.32E-25  3.61E-25  3.50E-25
  3.06E-25  2.93E-25  3.20E-25  3.29E-25  2.93E-25  2.65E-25  2.79E-25  3.03E-25
  2.82E-25  2.47E-25  2.46E-25  2.73E-25  2.68E-25  2.34E-25  2.21E-25  2.42E-25
  2.51E-25  2.25E-25  2.01E-25  2.14E-25  2.28E-25  2.18E-25  1.89E-25  1.89E-25
  2.07E-25  2.07E-25  1.81E-25  1.69E-25  1.84E-25  1.93E-25  1.75E-25  1.57E-25
  1.63E-25  1.77E-25  1.69E-25  1.46E-25  1.45E-25  1.59E-25  1.62E-25  1.41E-25
  1.31E-25  1.43E-25  1.50E-25  1.37E-25  1.21E-25  1.26E-25  1.38E-25  1.32E-25
  1.15E-25  1.13E-25  1.25E-25  1.25E-25  1.11E-25  1.02E-25  1.10E-25  1.18E-25
  1.07E-25  9.50E-26  9.86E-26  1.07E-25  1.04E-25  9.05E-26  8.78E-26  9.72E-26
  9.85E-26  8.77E-26  7.95E-26  8.66E-26  9.22E-26  8.56E-26  7.45E-26  7.65E-26
  8.54E-26  8.23E-26  7.15E-26  6.89E-26  7.60E-26  7.84E-26  6.92E-26  6.31E-26
  6.74E-26  7.38E-26  6.76E-26  5.94E-26  6.03E-26  6.71E-26  6.56E-26  5.70E-26
  5.42E-26  6.04E-26  6.23E-26  5.56E-26  5.00E-26  5.35E-26  5.79E-26  5.43E-26
  4.74E-26  4.77E-26  5.30E-26  5.25E-26  4.59E-26  4.32E-26  4.72E-26  4.98E-26
  4.48E-26  4.00E-26  4.24E-26  4.61E-26  4.37E-26  3.80E-26  3.77E-26  4.19E-26
  4.21E-26  3.70E-26  3.42E-26  3.75E-26  3.98E-26  3.62E-26  3.21E-26  3.34E-26
  3.69E-26  3.52E-26  3.06E-26  3.01E-26  3.35E-26  3.38E-26  2.97E-26  2.76E-26
  3.00E-26  3.18E-26  2.91E-26  2.57E-26  2.69E-26  2.94E-26  2.83E-26  2.47E-26
  2.40E-26  2.67E-26  2.71E-26  2.42E-26  2.20E-26  2.38E-26  2.56E-26  2.36E-26
  2.08E-26  2.14E-26  2.36E-26  2.29E-26  1.99E-26  1.93E-26  2.13E-26  2.19E-26
  1.95E-26  1.78E-26  1.92E-26  2.06E-26  1.91E-26  1.68E-26  1.71E-26  1.90E-26
  1.85E-26  1.62E-26  1.55E-26  1.72E-26  1.77E-26  1.59E-26  1.43E-26  1.53E-26
  1.67E-26  1.55E-26  1.36E-26  1.37E-26  1.53E-26  1.50E-26  1.31E-26  1.24E-26
  1.38E-26  1.44E-26  1.29E-26  1.15E-26  1.23E-26  1.34E-26  1.26E-26  1.10E-26
  1.10E-26  1.23E-26  1.22E-26  1.07E-26  1.00E-26  1.10E-26  1.17E-26  1.05E-26
  9.37E-27  9.88E-27  1.09E-26  1.03E-26  8.96E-27  8.87E-27  9.87E-27  9.95E-27
  8.80E-27  8.08E-27  8.91E-27  9.44E-27  8.60E-27  7.61E-27  7.93E-27  8.75E-27
  8.38E-27  7.30E-27  7.17E-27  7.91E-27  8.13E-27  7.13E-27  6.58E-27  7.09E-27
  7.65E-27  7.02E-27  6.17E-27  6.35E-27  7.06E-27  6.84E-27  5.95E-27  5.73E-27
  6.37E-27  6.57E-27  5.82E-27  5.29E-27  5.75E-27  6.15E-27  5.69E-27  5.01E-27
  5.11E-27  5.70E-27  5.54E-27  4.83E-27  4.65E-27  5.14E-27  5.30E-27  4.72E-27
  4.28E-27  4.61E-27  4.97E-27  4.63E-27  4.05E-27  4.12E-27  4.55E-27  4.51E-27
  3.94E-27  3.73E-27  4.13E-27  4.29E-27  3.86E-27  3.46E-27  3.69E-27  4.00E-27
  3.77E-27  3.28E-27  3.31E-27  3.67E-27  3.65E-27  3.18E-27  3.01E-27  3.30E-27
  3.47E-27  3.12E-27  2.78E-27  2.95E-27  3.24E-27  3.04E-27  2.66E-27  2.64E-27
  2.95E-27  2.95E-27  2.58E-27  2.40E-27  2.64E-27  2.79E-27  2.53E-27  2.24E-27
  2.35E-27  2.59E-27  2.48E-27  2.14E-27  2.11E-27  2.36E-27  2.39E-27  2.08E-27
  1.93E-27  2.10E-27  2.25E-27  2.04E-27  1.81E-27  1.87E-27  2.07E-27  2.00E-27
   1.0800455397719206     
  0.00E+00  4.38E-16  1.25E-16  1.10E-16  1.74E-16  1.16E-16  8.88E-17  1.04E-16
  7.18E-17  4.81E-17  3.76E-17  2.92E-17  1.78E-17  1.17E-17  8.10E-18  5.80E-18
  4.30E-18  2.84E-18  2.74E-18  1.42E-18  1.37E-18  9.17E-19  7.94E-19  5.39E-19
  4.85E-19  3.77E-19  2.93E-19  2.52E-19  1.92E-19  1.82E-19  1.19E-19  1.24E-19
  7.90E-20  8.08E-20  6.33E-20  5.50E-20  4.71E-20  3.92E-20  3.79E-20  2.72E-20
  2.86E-20  2.09E-20  2.05E-20  1.53E-20  1.56E-20  1.29E-20  1.14E-20  1.05E-20
  8.98E-21  8.62E-21  6.74E-21  7.15E-21  5.16E-21  5.46E-21  4.30E-21  4.33E-21
  3.61E-21  3.58E-21  3.19E-21  2.64E-21  2.80E-21  2.05E-21  2.28E-21  1.69E-21
  1.90E-21  1.49E-21  1.51E-21  1.37E-21  1.18E-21  1.22E-21  9.62E-22  1.04E-21
  8.00E-22  9.01E-22  6.90E-22  7.34E-22  6.29E-22  6.32E-22  5.55E-22  5.14E-22
  5.11E-22  4.15E-22  4.62E-22  3.53E-22  3.89E-22  3.12E-22  3.40E-22  2.86E-22
  2.79E-22  2.69E-22  2.35E-22  2.47E-22  1.95E-22  2.24E-22  1.68E-22  1.96E-22
  1.52E-22  1.70E-22  1.51E-22  1.40E-22  1.41E-22  1.18E-22  1.31E-22  1.00E-22
  1.15E-22  9.30E-23  1.02E-22  8.35E-23  9.06E-23  8.19E-23  7.40E-23  7.77E-23
  6.41E-23  7.16E-23  5.63E-23  6.55E-23  5.11E-23  5.74E-23  4.91E-23  5.00E-23
  4.66E-23  4.35E-23  4.52E-23  3.63E-23  4.20E-23  3.29E-23  3.80E-23  3.05E-23
  3.42E-23  2.95E-23  2.94E-23  2.86E-23  2.54E-23  2.73E-23  2.20E-23  2.57E-23
  2.00E-23  2.38E-23  1.90E-23  2.06E-23  1.89E-23  1.82E-23  1.84E-23  1.54E-23
  1.74E-23  1.38E-23  1.65E-23  1.29E-23  1.48E-23  1.26E-23  1.31E-23  1.23E-23
  1.14E-23  1.20E-23  9.91E-24  1.14E-23  8.98E-24  1.07E-23  8.48E-24  9.76E-24
  8.32E-24  8.55E-24  8.21E-24  7.49E-24  7.99E-24  6.60E-24  7.72E-24  5.99E-24
  7.18E-24  5.78E-24  6.53E-24  5.73E-24  5.70E-24  5.68E-24  4.94E-24  5.59E-24
  4.48E-24  5.30E-24  4.18E-24  4.96E-24  4.06E-24  4.42E-24  4.07E-24  3.86E-24
  4.03E-24  3.42E-24  3.96E-24  3.09E-24  3.77E-24  2.98E-24  3.43E-24  2.91E-24
  3.09E-24  2.89E-24  2.72E-24  2.90E-24  2.41E-24  2.82E-24  2.23E-24  2.66E-24
  2.14E-24  2.47E-24  2.13E-24  2.15E-24  2.15E-24  1.92E-24  2.11E-24  1.73E-24
  2.08E-24  1.61E-24  1.94E-24  1.59E-24  1.76E-24  1.58E-24  1.57E-24  1.59E-24
  1.38E-24  1.60E-24  1.26E-24  1.53E-24  1.21E-24  1.43E-24  1.18E-24  1.28E-24
  1.19E-24  1.14E-24  1.22E-24  1.01E-24  1.20E-24  9.42E-25  1.15E-24  8.99E-25
  1.06E-24  9.14E-25  9.43E-25  9.15E-25  8.46E-25  9.30E-25  7.53E-25  9.18E-25
  7.11E-25  8.69E-25  6.96E-25  7.98E-25  7.02E-25  7.05E-25  7.22E-25  6.27E-25
  7.17E-25  5.77E-25  7.02E-25  5.46E-25  6.61E-25  5.48E-25  5.96E-25  5.45E-25
  5.41E-25  5.58E-25  4.80E-25  5.62E-25  4.42E-25  5.45E-25  4.29E-25  5.08E-25
  4.24E-25  4.58E-25  4.34E-25  4.03E-25  4.44E-25  3.70E-25  4.41E-25  3.43E-25
  4.27E-25  3.35E-25  3.90E-25  3.41E-25  3.50E-25  3.49E-25  3.12E-25  3.53E-25
  2.87E-25  3.50E-25  2.73E-25  3.31E-25  2.68E-25  3.04E-25  2.70E-25  2.73E-25
  2.79E-25  2.45E-25  2.83E-25  2.24E-25  2.77E-25  2.16E-25  2.61E-25  2.16E-25
  2.36E-25  2.23E-25  2.11E-25  2.28E-25  1.91E-25  2.29E-25  1.78E-25  2.21E-25
  1.74E-25  2.06E-25  1.76E-25  1.86E-25  1.81E-25  1.67E-25  1.85E-25  1.52E-25
  1.84E-25  1.43E-25  1.78E-25  1.41E-25  1.63E-25  1.43E-25  1.49E-25  1.48E-25
  1.32E-25  1.52E-25  1.21E-25  1.50E-25  1.16E-25  1.42E-25  1.16E-25  1.30E-25
  1.19E-25  1.17E-25  1.24E-25  1.04E-25  1.25E-25  9.83E-26  1.21E-25  9.47E-26
  1.14E-25  9.53E-26  1.04E-25  9.91E-26  9.35E-26  1.02E-25  8.45E-26  1.02E-25
  7.92E-26  9.94E-26  7.77E-26  9.16E-26  7.92E-26  8.37E-26  8.30E-26  7.40E-26
  8.53E-26  6.83E-26  8.44E-26  6.52E-26  8.01E-26  6.47E-26  7.41E-26  6.67E-26
  6.70E-26  6.95E-26  6.05E-26  7.03E-26  5.57E-26  6.96E-26  5.38E-26  6.52E-26
  5.42E-26  6.02E-26  5.61E-26  5.41E-26  5.81E-26  4.88E-26  5.86E-26  4.57E-26
  5.69E-26  4.48E-26  5.34E-26  4.54E-26  4.85E-26  4.75E-26  4.37E-26  4.87E-26
  4.00E-26  4.88E-26  3.78E-26  4.69E-26  3.75E-26  4.34E-26  3.85E-26  3.93E-26
  3.99E-26  3.57E-26  4.10E-26  3.24E-26  4.05E-26  3.15E-26  3.84E-26  3.12E-26
  3.57E-26  3.26E-26  3.20E-26  3.38E-26  2.91E-26  3.43E-26  2.68E-26  3.37E-26
  2.62E-26  3.16E-26  2.67E-26  2.89E-26  2.78E-26  2.61E-26  2.87E-26  2.37E-26
  2.87E-26  2.23E-26  2.78E-26  2.21E-26  2.60E-26  2.25E-26  2.37E-26  2.36E-26
  2.13E-26  2.42E-26  1.95E-26  2.41E-26  1.85E-26  2.31E-26  1.85E-26  2.14E-26
  1.92E-26  1.94E-26  2.00E-26  1.75E-26  2.04E-26  1.61E-26  2.00E-26  1.55E-26
  1.90E-26  1.58E-26  1.75E-26  1.64E-26  1.58E-26  1.70E-26  1.43E-26  1.71E-26
  1.34E-26  1.67E-26  1.31E-26  1.57E-26  1.34E-26  1.43E-26  1.40E-26  1.29E-26
  1.44E-26  1.18E-26  1.45E-26  1.11E-26  1.39E-26  1.11E-26  1.30E-26  1.14E-26
  1.18E-26  1.19E-26  1.06E-26  1.22E-26  9.71E-27  1.21E-26  9.32E-27  1.15E-26
  9.42E-27  1.06E-26  9.80E-27  9.61E-27  1.01E-26  8.73E-27  1.03E-26  8.07E-27
  1.01E-26  7.82E-27  9.60E-27  8.03E-27  8.75E-27  8.35E-27  7.87E-27  8.63E-27
  7.12E-27  8.69E-27  6.74E-27  8.39E-27  6.65E-27  7.90E-27  6.86E-27  7.14E-27
  7.11E-27  6.47E-27  7.28E-27  5.90E-27  7.30E-27  5.63E-27  7.00E-27  5.60E-27
  6.52E-27  5.83E-27  5.89E-27  6.05E-27  5.29E-27  6.18E-27  4.88E-27  6.11E-27
  4.70E-27  5.84E-27  4.79E-27  5.33E-27  4.97E-27  4.80E-27  5.15E-27  4.35E-27
  5.19E-27  4.07E-27  5.09E-27  3.98E-27  4.78E-27  4.09E-27  4.37E-27  4.22E-27
  3.95E-27  4.36E-27  3.57E-27  4.38E-27  3.40E-27  4.23E-27  3.36E-27  3.94E-27
  3.46E-27  3.56E-27  3.61E-27  3.21E-27  3.69E-27  2.95E-27  3.67E-27  2.82E-27
  3.51E-27  2.85E-27  3.23E-27  2.96E-27  2.92E-27  3.06E-27  2.62E-27  3.11E-27
  2.44E-27  3.06E-27  2.38E-27  2.88E-27  2.41E-27  2.65E-27  2.49E-27  2.38E-27
  2.58E-27  2.16E-27  2.61E-27  2.01E-27  2.54E-27  2.00E-27  2.37E-27  2.04E-27
  2.16E-27  2.12E-27  1.93E-27  2.18E-27  1.77E-27  2.18E-27  1.68E-27  2.10E-27
   1.0900758100531984     
  0.00E+00  1.15E-15  1.99E-16  1.42E-16  1.12E-16  1.23E-16  8.43E-17  1.12E-16
  5.28E-17  6.92E-17  3.21E-17  2.61E-17  1.82E-17  1.07E-17  9.20E-18  5.22E-18
  4.81E-18  3.05E-18  2.35E-18  1.38E-18  1.19E-18  1.01E-18  7.73E-19  6.32E-19
  4.36E-19  3.78E-19  2.85E-19  2.19E-19  1.94E-19  1.57E-19  1.32E-19  1.16E-19
  8.59E-20  7.42E-20  6.23E-20  5.11E-20  4.64E-20  3.91E-20  3.64E-20  2.95E-20
  2.49E-20  2.15E-20  1.83E-20  1.61E-20  1.44E-20  1.41E-20  1.15E-20  1.03E-20
  8.65E-21  7.85E-21  6.88E-21  6.07E-21  5.91E-21  5.12E-21  4.70E-21  4.04E-21
  3.53E-21  3.31E-21  2.92E-21  2.72E-21  2.52E-21  2.30E-21  2.08E-21  1.80E-21
  1.64E-21  1.56E-21  1.41E-21  1.36E-21  1.26E-21  1.17E-21  9.97E-22  8.99E-22
  8.45E-22  7.73E-22  7.64E-22  6.99E-22  6.72E-22  5.93E-22  5.27E-22  4.90E-22
  4.49E-22  4.38E-22  4.18E-22  3.97E-22  3.59E-22  3.35E-22  2.99E-22  2.74E-22
  2.65E-22  2.58E-22  2.49E-22  2.32E-22  2.14E-22  1.96E-22  1.76E-22  1.67E-22
  1.67E-22  1.59E-22  1.54E-22  1.41E-22  1.32E-22  1.19E-22  1.12E-22  1.07E-22
  1.03E-22  1.01E-22  9.61E-23  8.91E-23  8.08E-23  7.85E-23  7.16E-23  6.88E-23
  6.92E-23  6.66E-23  6.34E-23  5.70E-23  5.39E-23  5.09E-23  4.76E-23  4.80E-23
  4.72E-23  4.50E-23  4.22E-23  3.88E-23  3.58E-23  3.49E-23  3.36E-23  3.31E-23
  3.23E-23  3.06E-23  2.82E-23  2.62E-23  2.52E-23  2.41E-23  2.40E-23  2.34E-23
  2.28E-23  2.12E-23  1.98E-23  1.82E-23  1.79E-23  1.78E-23  1.73E-23  1.70E-23
  1.61E-23  1.50E-23  1.42E-23  1.34E-23  1.31E-23  1.29E-23  1.29E-23  1.23E-23
  1.16E-23  1.09E-23  1.02E-23  9.76E-24  9.72E-24  9.68E-24  9.49E-24  9.09E-24
  8.56E-24  8.03E-24  7.47E-24  7.46E-24  7.36E-24  7.32E-24  7.16E-24  6.76E-24
  6.29E-24  5.89E-24  5.88E-24  5.63E-24  5.69E-24  5.58E-24  5.48E-24  5.05E-24
  4.73E-24  4.57E-24  4.43E-24  4.43E-24  4.42E-24  4.30E-24  4.09E-24  3.83E-24
  3.62E-24  3.50E-24  3.46E-24  3.48E-24  3.45E-24  3.29E-24  3.13E-24  2.96E-24
  2.78E-24  2.76E-24  2.79E-24  2.76E-24  2.71E-24  2.58E-24  2.46E-24  2.28E-24
  2.21E-24  2.22E-24  2.21E-24  2.20E-24  2.13E-24  2.04E-24  1.87E-24  1.81E-24
  1.78E-24  1.77E-24  1.79E-24  1.75E-24  1.68E-24  1.58E-24  1.50E-24  1.44E-24
  1.43E-24  1.46E-24  1.44E-24  1.40E-24  1.34E-24  1.26E-24  1.19E-24  1.17E-24
  1.18E-24  1.19E-24  1.18E-24  1.12E-24  1.06E-24  1.01E-24  9.69E-25  9.63E-25
  9.81E-25  9.69E-25  9.58E-25  8.99E-25  8.54E-25  8.18E-25  7.93E-25  8.17E-25
  8.05E-25  8.05E-25  7.70E-25  7.29E-25  6.97E-25  6.71E-25  6.67E-25  6.69E-25
  6.78E-25  6.60E-25  6.31E-25  5.94E-25  5.69E-25  5.60E-25  5.58E-25  5.67E-25
  5.65E-25  5.40E-25  5.15E-25  4.89E-25  4.68E-25  4.73E-25  4.70E-25  4.77E-25
  4.63E-25  4.48E-25  4.19E-25  4.01E-25  3.94E-25  3.98E-25  4.03E-25  3.99E-25
  3.91E-25  3.67E-25  3.50E-25  3.36E-25  3.34E-25  3.42E-25  3.40E-25  3.36E-25
  3.22E-25  3.03E-25  2.92E-25  2.83E-25  2.86E-25  2.91E-25  2.89E-25  2.80E-25
  2.66E-25  2.54E-25  2.44E-25  2.42E-25  2.47E-25  2.47E-25  2.46E-25  2.35E-25
  2.25E-25  2.12E-25  2.07E-25  2.10E-25  2.11E-25  2.13E-25  2.07E-25  1.97E-25
  1.86E-25  1.81E-25  1.79E-25  1.81E-25  1.84E-25  1.81E-25  1.75E-25  1.65E-25
  1.58E-25  1.53E-25  1.55E-25  1.57E-25  1.58E-25  1.54E-25  1.48E-25  1.38E-25
  1.34E-25  1.34E-25  1.34E-25  1.38E-25  1.35E-25  1.31E-25  1.24E-25  1.19E-25
  1.15E-25  1.16E-25  1.18E-25  1.18E-25  1.17E-25  1.11E-25  1.04E-25  1.01E-25
  1.00E-25  1.02E-25  1.03E-25  1.02E-25  9.89E-26  9.37E-26  8.95E-26  8.68E-26
  8.72E-26  8.93E-26  8.94E-26  8.82E-26  8.39E-26  8.02E-26  7.72E-26  7.49E-26
  7.76E-26  7.82E-26  7.82E-26  7.53E-26  7.18E-26  6.82E-26  6.60E-26  6.71E-26
  6.78E-26  6.87E-26  6.72E-26  6.46E-26  6.11E-26  5.87E-26  5.83E-26  5.87E-26
  5.97E-26  5.96E-26  5.82E-26  5.49E-26  5.24E-26  5.12E-26  5.10E-26  5.21E-26
  5.25E-26  5.19E-26  5.00E-26  4.70E-26  4.53E-26  4.49E-26  4.52E-26  4.62E-26
  4.59E-26  4.49E-26  4.27E-26  4.05E-26  3.95E-26  3.94E-26  4.01E-26  4.06E-26
  4.01E-26  3.86E-26  3.67E-26  3.47E-26  3.46E-26  3.52E-26  3.55E-26  3.57E-26
  3.47E-26  3.32E-26  3.15E-26  3.04E-26  3.07E-26  3.11E-26  3.15E-26  3.12E-26
  3.01E-26  2.83E-26  2.73E-26  2.67E-26  2.73E-26  2.76E-26  2.78E-26  2.70E-26
  2.57E-26  2.45E-26  2.37E-26  2.38E-26  2.41E-26  2.45E-26  2.42E-26  2.35E-26
  2.22E-26  2.13E-26  2.08E-26  2.11E-26  2.15E-26  2.16E-26  2.11E-26  2.02E-26
  1.91E-26  1.85E-26  1.86E-26  1.88E-26  1.91E-26  1.90E-26  1.83E-26  1.73E-26
  1.65E-26  1.64E-26  1.64E-26  1.68E-26  1.68E-26  1.65E-26  1.58E-26  1.49E-26
  1.45E-26  1.44E-26  1.47E-26  1.49E-26  1.48E-26  1.43E-26  1.37E-26  1.29E-26
  1.27E-26  1.29E-26  1.31E-26  1.32E-26  1.29E-26  1.24E-26  1.18E-26  1.13E-26
  1.12E-26  1.15E-26  1.17E-26  1.16E-26  1.13E-26  1.07E-26  1.02E-26  9.94E-27
  1.00E-26  1.02E-26  1.03E-26  1.02E-26  9.71E-27  9.24E-27  8.86E-27  8.81E-27
  8.99E-27  9.15E-27  9.09E-27  8.87E-27  8.40E-27  8.03E-27  7.79E-27  7.84E-27
  8.00E-27  8.08E-27  7.96E-27  7.60E-27  7.27E-27  6.98E-27  6.90E-27  6.96E-27
  7.12E-27  7.14E-27  6.90E-27  6.56E-27  6.29E-27  6.11E-27  6.12E-27  6.24E-27
  6.33E-27  6.24E-27  6.01E-27  5.68E-27  5.47E-27  5.39E-27  5.47E-27  5.58E-27
  5.58E-27  5.43E-27  5.18E-27  4.91E-27  4.78E-27  4.79E-27  4.88E-27  4.96E-27
  4.87E-27  4.71E-27  4.44E-27  4.28E-27  4.21E-27  4.26E-27  4.36E-27  4.36E-27
  4.26E-27  4.05E-27  3.86E-27  3.73E-27  3.75E-27  3.82E-27  3.86E-27  3.83E-27
  3.68E-27  3.49E-27  3.35E-27  3.29E-27  3.33E-27  3.40E-27  3.40E-27  3.33E-27
  3.15E-27  3.02E-27  2.91E-27  2.91E-27  2.98E-27  3.00E-27  2.99E-27  2.87E-27
  2.73E-27  2.61E-27  2.56E-27  2.59E-27  2.64E-27  2.66E-27  2.58E-27  2.48E-27
  2.35E-27  2.27E-27  2.28E-27  2.30E-27  2.35E-27  2.33E-27  2.25E-27  2.12E-27
  2.04E-27  1.99E-27  2.01E-27  2.04E-27  2.07E-27  2.01E-27  1.93E-27  1.82E-27
   1.1000615380855796     
  0.00E+00  5.33E-16  4.88E-16  1.50E-16  1.23E-16  1.24E-16  8.02E-17  9.54E-17
  6.29E-17  5.36E-17  4.12E-17  2.12E-17  1.79E-17  1.20E-17  7.09E-18  5.36E-18
  3.95E-18  2.88E-18  2.15E-18  1.43E-18  1.24E-18  8.72E-19  6.97E-19  5.49E-19
  4.69E-19  3.86E-19  2.84E-19  2.30E-19  1.83E-19  1.61E-19  1.30E-19  1.11E-19
  8.44E-20  7.32E-20  6.46E-20  5.33E-20  4.74E-20  3.74E-20  3.30E-20  2.79E-20
  2.57E-20  2.29E-20  1.84E-20  1.52E-20  1.34E-20  1.33E-20  1.13E-20  1.01E-20
  8.32E-21  7.25E-21  6.88E-21  6.32E-21  5.68E-21  4.82E-21  4.20E-21  3.88E-21
  3.70E-21  3.45E-21  2.96E-21  2.44E-21  2.33E-21  2.21E-21  2.14E-21  1.88E-21
  1.63E-21  1.49E-21  1.37E-21  1.35E-21  1.19E-21  1.10E-21  9.49E-22  8.71E-22
  8.87E-22  8.18E-22  7.44E-22  6.40E-22  6.05E-22  5.92E-22  5.54E-22  5.16E-22
  4.58E-22  4.13E-22  3.86E-22  3.87E-22  3.63E-22  3.33E-22  2.94E-22  2.74E-22
  2.65E-22  2.59E-22  2.42E-22  2.13E-22  1.97E-22  1.90E-22  1.88E-22  1.76E-22
  1.60E-22  1.44E-22  1.39E-22  1.34E-22  1.34E-22  1.23E-22  1.09E-22  1.03E-22
  9.77E-23  1.02E-22  9.30E-23  8.44E-23  7.85E-23  7.60E-23  7.55E-23  7.19E-23
  6.64E-23  5.96E-23  5.77E-23  5.68E-23  5.72E-23  5.36E-23  4.74E-23  4.44E-23
  4.38E-23  4.43E-23  4.26E-23  3.87E-23  3.52E-23  3.40E-23  3.40E-23  3.29E-23
  3.10E-23  2.83E-23  2.67E-23  2.64E-23  2.68E-23  2.50E-23  2.30E-23  2.11E-23
  2.08E-23  2.15E-23  2.05E-23  1.89E-23  1.73E-23  1.67E-23  1.67E-23  1.64E-23
  1.59E-23  1.44E-23  1.35E-23  1.33E-23  1.37E-23  1.32E-23  1.19E-23  1.11E-23
  1.08E-23  1.10E-23  1.09E-23  1.02E-23  9.37E-24  8.79E-24  8.88E-24  8.99E-24
  8.77E-24  7.95E-24  7.46E-24  7.35E-24  7.43E-24  7.37E-24  6.76E-24  6.23E-24
  6.03E-24  6.09E-24  6.28E-24  5.80E-24  5.36E-24  5.02E-24  5.06E-24  5.08E-24
  5.03E-24  4.67E-24  4.28E-24  4.20E-24  4.25E-24  4.26E-24  4.00E-24  3.66E-24
  3.54E-24  3.57E-24  3.63E-24  3.48E-24  3.20E-24  2.96E-24  2.96E-24  3.06E-24
  3.01E-24  2.85E-24  2.60E-24  2.52E-24  2.59E-24  2.58E-24  2.51E-24  2.26E-24
  2.18E-24  2.18E-24  2.24E-24  2.16E-24  2.03E-24  1.89E-24  1.84E-24  1.90E-24
  1.91E-24  1.82E-24  1.65E-24  1.57E-24  1.61E-24  1.65E-24  1.59E-24  1.47E-24
  1.38E-24  1.37E-24  1.40E-24  1.40E-24  1.32E-24  1.21E-24  1.18E-24  1.21E-24
  1.22E-24  1.18E-24  1.08E-24  1.02E-24  1.03E-24  1.07E-24  1.05E-24  9.69E-25
  9.04E-25  8.87E-25  9.27E-25  9.13E-25  8.85E-25  8.13E-25  7.77E-25  7.98E-25
  8.11E-25  7.98E-25  7.28E-25  6.91E-25  6.86E-25  7.11E-25  7.14E-25  6.65E-25
  6.19E-25  6.00E-25  6.17E-25  6.28E-25  6.12E-25  5.62E-25  5.32E-25  5.33E-25
  5.55E-25  5.45E-25  5.10E-25  4.77E-25  4.68E-25  4.88E-25  4.89E-25  4.66E-25
  4.26E-25  4.12E-25  4.19E-25  4.33E-25  4.22E-25  3.96E-25  3.70E-25  3.67E-25
  3.81E-25  3.82E-25  3.62E-25  3.33E-25  3.23E-25  3.38E-25  3.40E-25  3.28E-25
  3.05E-25  2.91E-25  2.93E-25  3.04E-25  3.02E-25  2.83E-25  2.62E-25  2.57E-25
  2.68E-25  2.73E-25  2.60E-25  2.41E-25  2.31E-25  2.37E-25  2.44E-25  2.38E-25
  2.23E-25  2.08E-25  2.08E-25  2.18E-25  2.16E-25  2.07E-25  1.90E-25  1.85E-25
  1.91E-25  1.97E-25  1.91E-25  1.76E-25  1.67E-25  1.68E-25  1.75E-25  1.74E-25
  1.63E-25  1.52E-25  1.50E-25  1.55E-25  1.58E-25  1.51E-25  1.41E-25  1.34E-25
  1.37E-25  1.43E-25  1.41E-25  1.30E-25  1.23E-25  1.22E-25  1.28E-25  1.29E-25
  1.21E-25  1.13E-25  1.10E-25  1.13E-25  1.16E-25  1.14E-25  1.05E-25  9.94E-26
  1.01E-25  1.05E-25  1.06E-25  9.75E-26  9.13E-26  9.01E-26  9.39E-26  9.51E-26
  9.16E-26  8.52E-26  8.07E-26  8.34E-26  8.59E-26  8.56E-26  7.91E-26  7.40E-26
  7.47E-26  7.75E-26  7.83E-26  7.39E-26  6.87E-26  6.67E-26  6.87E-26  7.13E-26
  6.92E-26  6.45E-26  6.09E-26  6.15E-26  6.42E-26  6.44E-26  6.03E-26  5.62E-26
  5.51E-26  5.80E-26  5.88E-26  5.63E-26  5.25E-26  5.02E-26  5.18E-26  5.34E-26
  5.29E-26  4.90E-26  4.64E-26  4.62E-26  4.81E-26  4.90E-26  4.62E-26  4.33E-26
  4.16E-26  4.32E-26  4.47E-26  4.33E-26  4.04E-26  3.83E-26  3.87E-26  4.03E-26
  4.04E-26  3.80E-26  3.52E-26  3.48E-26  3.62E-26  3.73E-26  3.56E-26  3.31E-26
  3.17E-26  3.25E-26  3.36E-26  3.34E-26  3.11E-26  2.92E-26  2.91E-26  3.04E-26
  3.09E-26  2.92E-26  2.72E-26  2.64E-26  2.76E-26  2.82E-26  2.76E-26  2.55E-26
  2.41E-26  2.46E-26  2.55E-26  2.58E-26  2.42E-26  2.25E-26  2.22E-26  2.30E-26
  2.37E-26  2.28E-26  2.11E-26  2.02E-26  2.07E-26  2.16E-26  2.12E-26  2.00E-26
  1.86E-26  1.86E-26  1.95E-26  1.98E-26  1.88E-26  1.74E-26  1.68E-26  1.74E-26
  1.79E-26  1.77E-26  1.64E-26  1.55E-26  1.57E-26  1.64E-26  1.64E-26  1.55E-26
  1.45E-26  1.41E-26  1.48E-26  1.51E-26  1.46E-26  1.35E-26  1.29E-26  1.32E-26
  1.38E-26  1.38E-26  1.28E-26  1.20E-26  1.20E-26  1.24E-26  1.27E-26  1.21E-26
  1.12E-26  1.09E-26  1.13E-26  1.16E-26  1.13E-26  1.06E-26  1.00E-26  1.01E-26
  1.05E-26  1.06E-26  1.00E-26  9.30E-27  9.13E-27  9.53E-27  9.74E-27  9.44E-27
  8.79E-27  8.36E-27  8.58E-27  8.87E-27  8.82E-27  8.26E-27  7.71E-27  7.71E-27
  8.02E-27  8.20E-27  7.80E-27  7.21E-27  7.00E-27  7.24E-27  7.50E-27  7.30E-27
  6.84E-27  6.44E-27  6.50E-27  6.75E-27  6.86E-27  6.46E-27  6.00E-27  5.87E-27
  6.12E-27  6.30E-27  6.08E-27  5.64E-27  5.38E-27  5.50E-27  5.73E-27  5.69E-27
  5.34E-27  4.98E-27  4.96E-27  5.17E-27  5.27E-27  5.04E-27  4.67E-27  4.51E-27
  4.64E-27  4.84E-27  4.71E-27  4.40E-27  4.14E-27  4.17E-27  4.35E-27  4.41E-27
  4.17E-27  3.86E-27  3.77E-27  3.92E-27  4.06E-27  3.91E-27  3.63E-27  3.46E-27
  3.53E-27  3.66E-27  3.67E-27  3.42E-27  3.20E-27  3.18E-27  3.32E-27  3.38E-27
  3.22E-27  3.00E-27  2.89E-27  2.97E-27  3.10E-27  3.03E-27  2.83E-27  2.65E-27
  2.68E-27  2.79E-27  2.82E-27  2.66E-27  2.47E-27  2.42E-27  2.50E-27  2.59E-27
  2.51E-27  2.32E-27  2.21E-27  2.25E-27  2.35E-27  2.34E-27  2.19E-27  2.04E-27
  2.03E-27  2.11E-27  2.15E-27  2.06E-27  1.91E-27  1.84E-27  1.89E-27  1.95E-27
   1.1100688837787216     
  0.00E+00  7.50E-16  4.84E-17  1.16E-16  1.77E-16  1.36E-16  7.90E-17  8.28E-17
  6.64E-17  5.29E-17  3.48E-17  2.35E-17  1.70E-17  1.27E-17  7.20E-18  5.48E-18
  3.90E-18  3.06E-18  2.03E-18  1.48E-18  1.14E-18  9.99E-19  6.86E-19  6.12E-19
  3.68E-19  3.77E-19  2.91E-19  2.27E-19  1.69E-19  1.59E-19  1.18E-19  1.13E-19
  7.70E-20  7.31E-20  5.98E-20  5.47E-20  4.08E-20  3.95E-20  3.16E-20  2.87E-20
  2.31E-20  2.23E-20  1.75E-20  1.68E-20  1.32E-20  1.27E-20  1.05E-20  1.03E-20
  7.93E-21  7.89E-21  6.55E-21  6.19E-21  5.53E-21  4.83E-21  4.16E-21  3.97E-21
  3.38E-21  3.34E-21  2.81E-21  2.62E-21  2.38E-21  2.17E-21  1.96E-21  1.84E-21
  1.60E-21  1.54E-21  1.33E-21  1.26E-21  1.18E-21  1.07E-21  9.70E-22  8.80E-22
  8.53E-22  7.86E-22  7.27E-22  6.35E-22  6.25E-22  5.54E-22  5.28E-22  4.80E-22
  4.56E-22  4.27E-22  3.99E-22  3.54E-22  3.51E-22  3.08E-22  3.04E-22  2.66E-22
  2.66E-22  2.40E-22  2.45E-22  2.03E-22  2.10E-22  1.83E-22  1.89E-22  1.62E-22
  1.64E-22  1.44E-22  1.50E-22  1.26E-22  1.31E-22  1.12E-22  1.21E-22  9.63E-23
  1.02E-22  9.06E-23  9.39E-23  7.87E-23  8.44E-23  7.11E-23  7.78E-23  6.42E-23
  6.85E-23  5.72E-23  6.33E-23  5.11E-23  5.66E-23  4.69E-23  5.13E-23  4.22E-23
  4.73E-23  3.88E-23  4.31E-23  3.52E-23  3.80E-23  3.16E-23  3.51E-23  2.87E-23
  3.23E-23  2.64E-23  2.95E-23  2.42E-23  2.73E-23  2.17E-23  2.48E-23  1.99E-23
  2.30E-23  1.87E-23  2.08E-23  1.71E-23  1.95E-23  1.57E-23  1.77E-23  1.44E-23
  1.66E-23  1.33E-23  1.51E-23  1.23E-23  1.41E-23  1.17E-23  1.27E-23  1.06E-23
  1.20E-23  9.77E-24  1.10E-23  8.98E-24  1.02E-23  8.50E-24  9.52E-24  7.84E-24
  8.93E-24  7.45E-24  8.08E-24  6.88E-24  7.63E-24  6.46E-24  7.03E-24  5.90E-24
  6.60E-24  5.62E-24  6.26E-24  5.23E-24  5.71E-24  4.93E-24  5.34E-24  4.58E-24
  5.01E-24  4.30E-24  4.69E-24  4.07E-24  4.35E-24  3.88E-24  4.02E-24  3.57E-24
  3.78E-24  3.38E-24  3.58E-24  3.21E-24  3.33E-24  3.02E-24  3.13E-24  2.84E-24
  2.92E-24  2.65E-24  2.76E-24  2.54E-24  2.59E-24  2.39E-24  2.43E-24  2.29E-24
  2.28E-24  2.15E-24  2.15E-24  2.03E-24  2.01E-24  1.93E-24  1.88E-24  1.85E-24
  1.79E-24  1.74E-24  1.68E-24  1.66E-24  1.58E-24  1.57E-24  1.48E-24  1.48E-24
  1.41E-24  1.43E-24  1.33E-24  1.35E-24  1.26E-24  1.28E-24  1.18E-24  1.22E-24
  1.12E-24  1.17E-24  1.06E-24  1.10E-24  1.02E-24  1.07E-24  9.43E-25  1.00E-24
  8.98E-25  9.71E-25  8.44E-25  9.16E-25  8.14E-25  8.79E-25  7.65E-25  8.43E-25
  7.31E-25  8.00E-25  6.85E-25  7.60E-25  6.63E-25  7.33E-25  6.24E-25  6.93E-25
  5.98E-25  6.72E-25  5.63E-25  6.34E-25  5.36E-25  6.11E-25  5.12E-25  5.79E-25
  4.91E-25  5.58E-25  4.65E-25  5.33E-25  4.45E-25  5.12E-25  4.23E-25  4.87E-25
  3.99E-25  4.70E-25  3.86E-25  4.48E-25  3.68E-25  4.30E-25  3.54E-25  4.10E-25
  3.36E-25  3.92E-25  3.22E-25  3.78E-25  3.07E-25  3.63E-25  2.97E-25  3.43E-25
  2.82E-25  3.30E-25  2.71E-25  3.17E-25  2.60E-25  3.03E-25  2.49E-25  2.93E-25
  2.39E-25  2.80E-25  2.29E-25  2.66E-25  2.21E-25  2.55E-25  2.14E-25  2.45E-25
  2.05E-25  2.36E-25  1.97E-25  2.27E-25  1.88E-25  2.17E-25  1.81E-25  2.08E-25
  1.76E-25  1.99E-25  1.69E-25  1.91E-25  1.63E-25  1.83E-25  1.57E-25  1.75E-25
  1.52E-25  1.68E-25  1.47E-25  1.62E-25  1.42E-25  1.55E-25  1.37E-25  1.48E-25
  1.31E-25  1.44E-25  1.27E-25  1.37E-25  1.24E-25  1.32E-25  1.19E-25  1.26E-25
  1.15E-25  1.21E-25  1.12E-25  1.15E-25  1.07E-25  1.12E-25  1.03E-25  1.07E-25
  1.01E-25  1.03E-25  9.73E-26  9.78E-26  9.37E-26  9.50E-26  9.15E-26  9.00E-26
  8.80E-26  8.80E-26  8.57E-26  8.35E-26  8.24E-26  8.08E-26  8.03E-26  7.66E-26
  7.77E-26  7.43E-26  7.56E-26  7.10E-26  7.26E-26  6.89E-26  7.01E-26  6.64E-26
  6.76E-26  6.35E-26  6.66E-26  6.09E-26  6.40E-26  5.86E-26  6.24E-26  5.65E-26
  6.01E-26  5.44E-26  5.84E-26  5.21E-26  5.65E-26  5.02E-26  5.51E-26  4.85E-26
  5.30E-26  4.63E-26  5.17E-26  4.49E-26  4.97E-26  4.31E-26  4.80E-26  4.19E-26
  4.66E-26  4.02E-26  4.54E-26  3.84E-26  4.39E-26  3.73E-26  4.24E-26  3.58E-26
  4.12E-26  3.47E-26  3.99E-26  3.33E-26  3.86E-26  3.23E-26  3.72E-26  3.11E-26
  3.63E-26  3.02E-26  3.48E-26  2.89E-26  3.41E-26  2.81E-26  3.28E-26  2.71E-26
  3.18E-26  2.61E-26  3.07E-26  2.51E-26  3.00E-26  2.44E-26  2.87E-26  2.36E-26
  2.78E-26  2.30E-26  2.68E-26  2.20E-26  2.60E-26  2.14E-26  2.52E-26  2.07E-26
  2.44E-26  2.02E-26  2.36E-26  1.94E-26  2.26E-26  1.88E-26  2.20E-26  1.82E-26
  2.12E-26  1.77E-26  2.06E-26  1.71E-26  1.98E-26  1.66E-26  1.92E-26  1.60E-26
  1.84E-26  1.57E-26  1.79E-26  1.52E-26  1.72E-26  1.47E-26  1.67E-26  1.43E-26
  1.61E-26  1.38E-26  1.56E-26  1.34E-26  1.50E-26  1.31E-26  1.45E-26  1.26E-26
  1.40E-26  1.23E-26  1.35E-26  1.20E-26  1.30E-26  1.16E-26  1.26E-26  1.13E-26
  1.21E-26  1.10E-26  1.16E-26  1.07E-26  1.13E-26  1.03E-26  1.09E-26  1.01E-26
  1.05E-26  9.78E-27  1.01E-26  9.56E-27  9.75E-27  9.26E-27  9.36E-27  8.93E-27
  9.17E-27  8.70E-27  8.76E-27  8.51E-27  8.43E-27  8.31E-27  8.09E-27  8.02E-27
  7.80E-27  7.82E-27  7.53E-27  7.56E-27  7.31E-27  7.40E-27  7.00E-27  7.11E-27
  6.78E-27  7.01E-27  6.49E-27  6.71E-27  6.31E-27  6.62E-27  6.07E-27  6.35E-27
  5.86E-27  6.22E-27  5.64E-27  6.00E-27  5.42E-27  5.85E-27  5.22E-27  5.67E-27
  5.06E-27  5.54E-27  4.87E-27  5.34E-27  4.68E-27  5.21E-27  4.54E-27  5.03E-27
  4.36E-27  4.91E-27  4.22E-27  4.76E-27  4.06E-27  4.62E-27  3.92E-27  4.47E-27
  3.80E-27  4.33E-27  3.67E-27  4.20E-27  3.54E-27  4.08E-27  3.41E-27  3.95E-27
  3.29E-27  3.81E-27  3.19E-27  3.71E-27  3.07E-27  3.58E-27  2.98E-27  3.49E-27
  2.87E-27  3.37E-27  2.77E-27  3.27E-27  2.69E-27  3.15E-27  2.60E-27  3.07E-27
  2.52E-27  2.95E-27  2.43E-27  2.86E-27  2.35E-27  2.76E-27  2.26E-27  2.69E-27
  2.20E-27  2.59E-27  2.13E-27  2.49E-27  2.06E-27  2.42E-27  1.99E-27  2.33E-27
  1.93E-27  2.25E-27  1.86E-27  2.17E-27  1.81E-27  2.11E-27  1.74E-27  2.02E-27
   1.1200662783654327     
  0.00E+00  8.62E-16  2.57E-16  1.73E-16  9.60E-17  1.37E-16  7.97E-17  8.12E-17
  6.84E-17  5.75E-17  3.58E-17  2.42E-17  1.73E-17  1.13E-17  7.74E-18  4.65E-18
  3.58E-18  2.80E-18  2.03E-18  1.46E-18  1.12E-18  9.70E-19  6.66E-19  5.20E-19
  4.50E-19  3.43E-19  2.75E-19  2.24E-19  1.73E-19  1.38E-19  1.20E-19  1.08E-19
  8.05E-20  6.96E-20  6.05E-20  5.09E-20  4.63E-20  3.87E-20  3.15E-20  2.54E-20
  2.28E-20  2.16E-20  1.76E-20  1.57E-20  1.32E-20  1.24E-20  1.04E-20  9.91E-21
  8.72E-21  7.33E-21  6.55E-21  5.67E-21  5.11E-21  4.95E-21  4.33E-21  3.69E-21
  3.24E-21  3.23E-21  2.92E-21  2.66E-21  2.46E-21  2.03E-21  1.87E-21  1.74E-21
  1.65E-21  1.52E-21  1.28E-21  1.24E-21  1.08E-21  1.07E-21  9.92E-22  9.27E-22
  8.11E-22  7.27E-22  7.15E-22  6.50E-22  6.11E-22  5.75E-22  4.87E-22  4.59E-22
  4.41E-22  4.40E-22  4.02E-22  3.62E-22  3.20E-22  3.07E-22  3.06E-22  2.88E-22
  2.59E-22  2.31E-22  2.19E-22  2.10E-22  2.02E-22  1.94E-22  1.77E-22  1.58E-22
  1.53E-22  1.53E-22  1.45E-22  1.32E-22  1.23E-22  1.11E-22  1.05E-22  1.05E-22
  1.00E-22  9.40E-23  8.47E-23  7.99E-23  7.95E-23  7.75E-23  7.48E-23  6.73E-23
  6.11E-23  5.89E-23  5.90E-23  5.64E-23  5.29E-23  4.87E-23  4.45E-23  4.47E-23
  4.55E-23  4.24E-23  3.95E-23  3.60E-23  3.47E-23  3.42E-23  3.30E-23  3.18E-23
  2.87E-23  2.74E-23  2.65E-23  2.61E-23  2.58E-23  2.40E-23  2.24E-23  2.04E-23
  2.11E-23  2.06E-23  1.97E-23  1.78E-23  1.70E-23  1.63E-23  1.64E-23  1.61E-23
  1.53E-23  1.40E-23  1.36E-23  1.32E-23  1.32E-23  1.27E-23  1.20E-23  1.09E-23
  1.03E-23  1.05E-23  1.05E-23  9.96E-24  9.37E-24  8.77E-24  8.48E-24  8.64E-24
  8.49E-24  8.02E-24  7.30E-24  7.00E-24  6.92E-24  6.99E-24  6.79E-24  6.26E-24
  5.84E-24  5.68E-24  5.92E-24  5.77E-24  5.50E-24  5.07E-24  4.88E-24  4.67E-24
  4.80E-24  4.66E-24  4.41E-24  4.10E-24  3.95E-24  3.98E-24  3.94E-24  3.90E-24
  3.62E-24  3.36E-24  3.32E-24  3.34E-24  3.34E-24  3.14E-24  2.88E-24  2.77E-24
  2.77E-24  2.84E-24  2.76E-24  2.59E-24  2.44E-24  2.36E-24  2.39E-24  2.36E-24
  2.30E-24  2.12E-24  2.01E-24  1.99E-24  2.01E-24  2.00E-24  1.87E-24  1.79E-24
  1.70E-24  1.73E-24  1.74E-24  1.68E-24  1.58E-24  1.48E-24  1.44E-24  1.47E-24
  1.48E-24  1.42E-24  1.29E-24  1.26E-24  1.27E-24  1.29E-24  1.26E-24  1.19E-24
  1.10E-24  1.08E-24  1.10E-24  1.10E-24  1.05E-24  1.00E-24  9.40E-25  9.32E-25
  9.53E-25  9.60E-25  9.13E-25  8.37E-25  8.18E-25  8.23E-25  8.30E-25  8.21E-25
  7.58E-25  7.19E-25  7.01E-25  7.27E-25  7.25E-25  7.00E-25  6.54E-25  6.17E-25
  6.29E-25  6.33E-25  6.31E-25  5.87E-25  5.52E-25  5.48E-25  5.46E-25  5.55E-25
  5.43E-25  5.09E-25  4.81E-25  4.84E-25  4.90E-25  4.88E-25  4.70E-25  4.37E-25
  4.15E-25  4.23E-25  4.29E-25  4.29E-25  3.97E-25  3.81E-25  3.72E-25  3.79E-25
  3.86E-25  3.70E-25  3.46E-25  3.25E-25  3.30E-25  3.39E-25  3.32E-25  3.17E-25
  3.00E-25  2.90E-25  2.96E-25  3.01E-25  2.95E-25  2.78E-25  2.60E-25  2.60E-25
  2.64E-25  2.67E-25  2.55E-25  2.39E-25  2.29E-25  2.32E-25  2.38E-25  2.35E-25
  2.25E-25  2.09E-25  2.04E-25  2.10E-25  2.13E-25  2.05E-25  1.92E-25  1.84E-25
  1.84E-25  1.89E-25  1.90E-25  1.80E-25  1.69E-25  1.66E-25  1.68E-25  1.70E-25
  1.67E-25  1.57E-25  1.49E-25  1.46E-25  1.51E-25  1.52E-25  1.47E-25  1.36E-25
  1.32E-25  1.34E-25  1.37E-25  1.37E-25  1.29E-25  1.20E-25  1.19E-25  1.21E-25
  1.23E-25  1.20E-25  1.13E-25  1.07E-25  1.07E-25  1.11E-25  1.11E-25  1.06E-25
  9.99E-26  9.61E-26  9.80E-26  9.94E-26  9.84E-26  9.30E-26  8.81E-26  8.66E-26
  8.89E-26  9.12E-26  8.78E-26  8.22E-26  7.81E-26  7.96E-26  8.17E-26  8.04E-26
  7.72E-26  7.21E-26  7.09E-26  7.21E-26  7.40E-26  7.25E-26  6.76E-26  6.51E-26
  6.48E-26  6.62E-26  6.70E-26  6.42E-26  6.00E-26  5.80E-26  5.90E-26  6.03E-26
  5.99E-26  5.72E-26  5.35E-26  5.26E-26  5.42E-26  5.52E-26  5.36E-26  4.98E-26
  4.80E-26  4.81E-26  4.95E-26  4.97E-26  4.73E-26  4.46E-26  4.35E-26  4.47E-26
  4.54E-26  4.46E-26  4.22E-26  3.96E-26  3.97E-26  4.06E-26  4.10E-26  3.95E-26
  3.73E-26  3.60E-26  3.61E-26  3.74E-26  3.72E-26  3.55E-26  3.30E-26  3.25E-26
  3.35E-26  3.41E-26  3.31E-26  3.11E-26  2.97E-26  3.00E-26  3.08E-26  3.10E-26
  2.96E-26  2.78E-26  2.71E-26  2.74E-26  2.84E-26  2.77E-26  2.62E-26  2.48E-26
  2.46E-26  2.53E-26  2.56E-26  2.51E-26  2.33E-26  2.25E-26  2.27E-26  2.34E-26
  2.33E-26  2.22E-26  2.07E-26  2.04E-26  2.08E-26  2.15E-26  2.09E-26  1.97E-26
  1.87E-26  1.89E-26  1.94E-26  1.95E-26  1.87E-26  1.75E-26  1.70E-26  1.72E-26
  1.76E-26  1.76E-26  1.66E-26  1.58E-26  1.55E-26  1.60E-26  1.63E-26  1.58E-26
  1.48E-26  1.42E-26  1.43E-26  1.47E-26  1.47E-26  1.40E-26  1.32E-26  1.28E-26
  1.33E-26  1.35E-26  1.33E-26  1.25E-26  1.19E-26  1.19E-26  1.22E-26  1.23E-26
  1.18E-26  1.11E-26  1.07E-26  1.09E-26  1.13E-26  1.12E-26  1.06E-26  9.99E-27
  9.87E-27  1.01E-26  1.03E-26  1.00E-26  9.38E-27  8.97E-27  8.98E-27  9.36E-27
  9.35E-27  8.89E-27  8.46E-27  8.19E-27  8.35E-27  8.61E-27  8.42E-27  7.93E-27
  7.51E-27  7.49E-27  7.70E-27  7.77E-27  7.57E-27  7.09E-27  6.86E-27  6.87E-27
  7.12E-27  7.12E-27  6.73E-27  6.31E-27  6.23E-27  6.36E-27  6.51E-27  6.33E-27
  5.96E-27  5.73E-27  5.74E-27  5.88E-27  5.96E-27  5.70E-27  5.32E-27  5.18E-27
  5.28E-27  5.42E-27  5.34E-27  5.03E-27  4.79E-27  4.73E-27  4.89E-27  4.95E-27
  4.79E-27  4.53E-27  4.33E-27  4.37E-27  4.48E-27  4.49E-27  4.26E-27  4.00E-27
  3.93E-27  4.04E-27  4.13E-27  4.04E-27  3.82E-27  3.62E-27  3.61E-27  3.72E-27
  3.75E-27  3.59E-27  3.38E-27  3.26E-27  3.32E-27  3.42E-27  3.39E-27  3.20E-27
  3.03E-27  3.00E-27  3.07E-27  3.12E-27  3.04E-27  2.84E-27  2.73E-27  2.73E-27
  2.83E-27  2.82E-27  2.70E-27  2.53E-27  2.47E-27  2.53E-27  2.59E-27  2.56E-27
  2.38E-27  2.28E-27  2.27E-27  2.32E-27  2.35E-27  2.26E-27  2.13E-27  2.04E-27
  2.09E-27  2.14E-27  2.12E-27  2.02E-27  1.90E-27  1.87E-27  1.91E-27  1.95E-27
   1.1300736827995839     
  0.00E+00  2.58E-16  4.15E-16  9.70E-17  1.69E-16  1.43E-16  8.28E-17  7.56E-17
  5.17E-17  4.76E-17  3.28E-17  1.96E-17  1.60E-17  1.04E-17  7.13E-18  4.57E-18
  3.86E-18  2.51E-18  1.85E-18  1.41E-18  1.08E-18  8.67E-19  6.74E-19  5.20E-19
  4.14E-19  3.10E-19  2.53E-19  2.14E-19  1.90E-19  1.48E-19  1.20E-19  9.68E-20
  8.21E-20  6.99E-20  6.32E-20  5.06E-20  4.28E-20  3.91E-20  3.01E-20  2.72E-20
  2.32E-20  2.16E-20  1.88E-20  1.57E-20  1.36E-20  1.21E-20  1.03E-20  9.25E-21
  8.48E-21  7.64E-21  6.94E-21  5.81E-21  5.44E-21  4.54E-21  4.12E-21  3.88E-21
  3.39E-21  3.33E-21  2.82E-21  2.51E-21  2.25E-21  2.07E-21  1.96E-21  1.71E-21
  1.63E-21  1.51E-21  1.28E-21  1.17E-21  1.08E-21  1.03E-21  9.61E-22  8.69E-22
  8.21E-22  7.36E-22  6.68E-22  6.12E-22  5.68E-22  5.63E-22  5.08E-22  4.73E-22
  4.48E-22  3.96E-22  3.82E-22  3.46E-22  3.32E-22  3.22E-22  2.90E-22  2.70E-22
  2.47E-22  2.35E-22  2.21E-22  2.13E-22  2.03E-22  1.92E-22  1.73E-22  1.60E-22
  1.47E-22  1.46E-22  1.41E-22  1.31E-22  1.29E-22  1.16E-22  1.09E-22  9.96E-23
  9.48E-23  9.33E-23  8.85E-23  8.49E-23  7.93E-23  7.38E-23  6.90E-23  6.51E-23
  6.32E-23  6.13E-23  5.89E-23  5.46E-23  5.09E-23  4.75E-23  4.53E-23  4.40E-23
  4.41E-23  4.19E-23  3.96E-23  3.60E-23  3.34E-23  3.28E-23  3.10E-23  3.09E-23
  2.96E-23  2.87E-23  2.65E-23  2.44E-23  2.37E-23  2.27E-23  2.28E-23  2.16E-23
  2.10E-23  1.96E-23  1.83E-23  1.75E-23  1.73E-23  1.68E-23  1.67E-23  1.56E-23
  1.47E-23  1.40E-23  1.31E-23  1.29E-23  1.29E-23  1.26E-23  1.20E-23  1.12E-23
  1.07E-23  1.01E-23  9.83E-24  9.72E-24  9.57E-24  9.43E-24  8.78E-24  8.30E-24
  7.86E-24  7.68E-24  7.52E-24  7.46E-24  7.12E-24  6.89E-24  6.45E-24  6.07E-24
  5.96E-24  5.79E-24  5.98E-24  5.59E-24  5.41E-24  5.03E-24  4.77E-24  4.70E-24
  4.55E-24  4.63E-24  4.48E-24  4.29E-24  4.04E-24  3.81E-24  3.65E-24  3.65E-24
  3.63E-24  3.57E-24  3.39E-24  3.25E-24  3.12E-24  2.94E-24  2.93E-24  2.88E-24
  2.86E-24  2.78E-24  2.62E-24  2.50E-24  2.39E-24  2.38E-24  2.39E-24  2.32E-24
  2.28E-24  2.15E-24  2.04E-24  1.96E-24  1.92E-24  1.94E-24  1.90E-24  1.88E-24
  1.78E-24  1.68E-24  1.61E-24  1.59E-24  1.58E-24  1.58E-24  1.53E-24  1.47E-24
  1.40E-24  1.35E-24  1.32E-24  1.30E-24  1.31E-24  1.27E-24  1.21E-24  1.16E-24
  1.11E-24  1.09E-24  1.09E-24  1.08E-24  1.07E-24  1.03E-24  9.72E-25  9.24E-25
  8.98E-25  9.05E-25  9.02E-25  8.85E-25  8.60E-25  8.16E-25  7.82E-25  7.62E-25
  7.53E-25  7.53E-25  7.46E-25  7.21E-25  6.90E-25  6.58E-25  6.38E-25  6.35E-25
  6.43E-25  6.33E-25  6.14E-25  5.80E-25  5.59E-25  5.42E-25  5.36E-25  5.33E-25
  5.44E-25  5.24E-25  5.04E-25  4.76E-25  4.63E-25  4.59E-25  4.57E-25  4.61E-25
  4.46E-25  4.33E-25  4.07E-25  3.97E-25  3.92E-25  3.94E-25  3.94E-25  3.83E-25
  3.71E-25  3.53E-25  3.39E-25  3.37E-25  3.36E-25  3.39E-25  3.31E-25  3.17E-25
  3.06E-25  2.93E-25  2.86E-25  2.87E-25  2.89E-25  2.89E-25  2.75E-25  2.62E-25
  2.53E-25  2.46E-25  2.49E-25  2.48E-25  2.46E-25  2.40E-25  2.27E-25  2.19E-25
  2.14E-25  2.15E-25  2.15E-25  2.14E-25  2.06E-25  1.99E-25  1.89E-25  1.85E-25
  1.85E-25  1.87E-25  1.87E-25  1.80E-25  1.74E-25  1.65E-25  1.61E-25  1.61E-25
  1.62E-25  1.62E-25  1.59E-25  1.52E-25  1.45E-25  1.42E-25  1.41E-25  1.40E-25
  1.41E-25  1.40E-25  1.33E-25  1.28E-25  1.23E-25  1.23E-25  1.25E-25  1.24E-25
  1.22E-25  1.18E-25  1.13E-25  1.09E-25  1.07E-25  1.09E-25  1.08E-25  1.08E-25
  1.04E-25  9.90E-26  9.59E-26  9.34E-26  9.50E-26  9.54E-26  9.44E-26  9.11E-26
  8.78E-26  8.45E-26  8.22E-26  8.28E-26  8.33E-26  8.34E-26  8.04E-26  7.65E-26
  7.37E-26  7.32E-26  7.29E-26  7.36E-26  7.32E-26  7.11E-26  6.81E-26  6.54E-26
  6.39E-26  6.38E-26  6.49E-26  6.47E-26  6.30E-26  6.07E-26  5.81E-26  5.63E-26
  5.65E-26  5.72E-26  5.70E-26  5.59E-26  5.39E-26  5.16E-26  5.00E-26  5.00E-26
  5.06E-26  5.07E-26  4.98E-26  4.76E-26  4.58E-26  4.46E-26  4.40E-26  4.48E-26
  4.46E-26  4.47E-26  4.29E-26  4.07E-26  3.95E-26  3.91E-26  3.96E-26  3.97E-26
  3.94E-26  3.82E-26  3.64E-26  3.51E-26  3.47E-26  3.49E-26  3.52E-26  3.48E-26
  3.41E-26  3.26E-26  3.11E-26  3.09E-26  3.10E-26  3.13E-26  3.09E-26  3.02E-26
  2.90E-26  2.76E-26  2.72E-26  2.74E-26  2.79E-26  2.77E-26  2.69E-26  2.58E-26
  2.47E-26  2.41E-26  2.43E-26  2.45E-26  2.45E-26  2.40E-26  2.30E-26  2.22E-26
  2.16E-26  2.15E-26  2.19E-26  2.18E-26  2.14E-26  2.06E-26  1.97E-26  1.93E-26
  1.91E-26  1.95E-26  1.95E-26  1.92E-26  1.84E-26  1.77E-26  1.71E-26  1.70E-26
  1.71E-26  1.75E-26  1.70E-26  1.66E-26  1.58E-26  1.53E-26  1.52E-26  1.52E-26
  1.55E-26  1.53E-26  1.49E-26  1.41E-26  1.37E-26  1.36E-26  1.36E-26  1.37E-26
  1.37E-26  1.32E-26  1.27E-26  1.22E-26  1.20E-26  1.21E-26  1.23E-26  1.22E-26
  1.18E-26  1.13E-26  1.09E-26  1.07E-26  1.08E-26  1.09E-26  1.08E-26  1.06E-26
  1.02E-26  9.77E-27  9.54E-27  9.53E-27  9.66E-27  9.68E-27  9.46E-27  9.06E-27
  8.73E-27  8.49E-27  8.54E-27  8.60E-27  8.63E-27  8.47E-27  8.14E-27  7.78E-27
  7.57E-27  7.59E-27  7.66E-27  7.71E-27  7.60E-27  7.31E-27  6.99E-27  6.77E-27
  6.75E-27  6.83E-27  6.87E-27  6.76E-27  6.56E-27  6.31E-27  6.04E-27  6.00E-27
  6.09E-27  6.13E-27  6.08E-27  5.83E-27  5.62E-27  5.42E-27  5.35E-27  5.42E-27
  5.41E-27  5.45E-27  5.26E-27  4.99E-27  4.85E-27  4.75E-27  4.80E-27  4.86E-27
  4.80E-27  4.72E-27  4.47E-27  4.32E-27  4.23E-27  4.24E-27  4.29E-27  4.29E-27
  4.19E-27  4.02E-27  3.85E-27  3.78E-27  3.79E-27  3.83E-27  3.83E-27  3.71E-27
  3.59E-27  3.43E-27  3.36E-27  3.36E-27  3.38E-27  3.42E-27  3.35E-27  3.20E-27
  3.07E-27  2.98E-27  3.00E-27  3.01E-27  3.04E-27  2.98E-27  2.88E-27  2.75E-27
  2.66E-27  2.65E-27  2.68E-27  2.69E-27  2.66E-27  2.56E-27  2.45E-27  2.39E-27
  2.35E-27  2.38E-27  2.40E-27  2.35E-27  2.31E-27  2.18E-27  2.12E-27  2.08E-27
  2.12E-27  2.13E-27  2.10E-27  2.04E-27  1.95E-27  1.88E-27  1.85E-27  1.86E-27
