   1.0000455712685010     
 -4.65E-26  8.16E-09  6.93E-08  1.78E-07  5.10E-07  7.53E-07  8.61E-07  7.92E-07
  5.66E-07  5.07E-07  3.56E-07  2.67E-07  2.14E-07  1.84E-07  1.49E-07  1.14E-07
  1.07E-07  8.88E-08  7.60E-08  6.19E-08  5.69E-08  5.07E-08  4.28E-08  3.87E-08
  3.45E-08  3.15E-08  2.85E-08  2.50E-08  2.29E-08  2.06E-08  1.91E-08  1.78E-08
  1.55E-08  1.48E-08  1.36E-08  1.24E-08  1.19E-08  1.09E-08  1.03E-08  9.39E-09
  8.82E-09  8.37E-09  7.83E-09  7.38E-09  6.79E-09  6.69E-09  6.05E-09  5.74E-09
  5.43E-09  5.27E-09  4.93E-09  4.60E-09  4.45E-09  4.21E-09  3.96E-09  3.75E-09
  3.55E-09  3.49E-09  3.28E-09  3.14E-09  3.03E-09  2.88E-09  2.77E-09  2.57E-09
  2.55E-09  2.48E-09  2.31E-09  2.25E-09  2.11E-09  2.10E-09  1.97E-09  1.91E-09
  1.84E-09  1.77E-09  1.74E-09  1.65E-09  1.60E-09  1.54E-09  1.48E-09  1.44E-09
  1.39E-09  1.37E-09  1.29E-09  1.26E-09  1.21E-09  1.20E-09  1.16E-09  1.11E-09
  1.08E-09  1.04E-09  1.02E-09  9.92E-10  9.54E-10  9.33E-10  9.06E-10  8.73E-10
  8.59E-10  8.37E-10  8.21E-10  7.87E-10  7.72E-10  7.47E-10  7.30E-10  7.14E-10
  6.82E-10  6.85E-10  6.59E-10  6.43E-10  6.26E-10  6.16E-10  5.95E-10  5.73E-10
  5.71E-10  5.62E-10  5.39E-10  5.28E-10  5.16E-10  5.13E-10  4.90E-10  4.80E-10
  4.75E-10  4.65E-10  4.55E-10  4.47E-10  4.32E-10  4.28E-10  4.12E-10  4.05E-10
  3.96E-10  3.92E-10  3.81E-10  3.70E-10  3.69E-10  3.58E-10  3.53E-10  3.42E-10
  3.39E-10  3.35E-10  3.22E-10  3.17E-10  3.14E-10  3.08E-10  3.03E-10  2.94E-10
  2.88E-10  2.86E-10  2.83E-10  2.74E-10  2.69E-10  2.67E-10  2.61E-10  2.54E-10
  2.51E-10  2.47E-10  2.43E-10  2.37E-10  2.34E-10  2.31E-10  2.26E-10  2.21E-10
  2.19E-10  2.18E-10  2.10E-10  2.10E-10  2.04E-10  2.03E-10  1.97E-10  1.96E-10
  1.92E-10  1.89E-10  1.87E-10  1.83E-10  1.80E-10  1.78E-10  1.76E-10  1.71E-10
  1.70E-10  1.67E-10  1.65E-10  1.62E-10  1.60E-10  1.58E-10  1.55E-10  1.53E-10
  1.51E-10  1.49E-10  1.46E-10  1.45E-10  1.42E-10  1.40E-10  1.37E-10  1.36E-10
  1.34E-10  1.32E-10  1.31E-10  1.28E-10  1.27E-10  1.25E-10  1.24E-10  1.22E-10
  1.20E-10  1.19E-10  1.18E-10  1.15E-10  1.14E-10  1.13E-10  1.10E-10  1.10E-10
  1.08E-10  1.07E-10  1.05E-10  1.04E-10  1.03E-10  1.02E-10  1.00E-10  9.86E-11
  9.76E-11  9.67E-11  9.48E-11  9.42E-11  9.29E-11  9.25E-11  9.04E-11  9.00E-11
  8.83E-11  8.80E-11  8.66E-11  8.54E-11  8.41E-11  8.35E-11  8.23E-11  8.10E-11
  8.08E-11  7.98E-11  7.90E-11  7.68E-11  7.68E-11  7.59E-11  7.47E-11  7.42E-11
  7.31E-11  7.28E-11  7.22E-11  7.10E-11  7.05E-11  6.97E-11  6.86E-11  6.78E-11
  6.73E-11  6.64E-11  6.56E-11  6.49E-11  6.42E-11  6.34E-11  6.27E-11  6.18E-11
  6.20E-11  6.08E-11  6.02E-11  5.96E-11  5.89E-11  5.85E-11  5.76E-11  5.70E-11
  5.65E-11  5.61E-11  5.53E-11  5.48E-11  5.43E-11  5.37E-11  5.29E-11  5.25E-11
  5.20E-11  5.15E-11  5.10E-11  5.02E-11  5.00E-11  4.95E-11  4.88E-11  4.83E-11
  4.82E-11  4.74E-11  4.70E-11  4.65E-11  4.61E-11  4.56E-11  4.50E-11  4.46E-11
  4.43E-11  4.41E-11  4.34E-11  4.30E-11  4.27E-11  4.22E-11  4.19E-11  4.13E-11
  4.10E-11  4.06E-11  4.02E-11  3.98E-11  3.93E-11  3.92E-11  3.88E-11  3.84E-11
  3.79E-11  3.77E-11  3.73E-11  3.68E-11  3.66E-11  3.62E-11  3.60E-11  3.56E-11
  3.53E-11  3.48E-11  3.47E-11  3.42E-11  3.39E-11  3.35E-11  3.35E-11  3.29E-11
  3.27E-11  3.26E-11  3.22E-11  3.19E-11  3.16E-11  3.14E-11  3.11E-11  3.07E-11
  3.04E-11  3.02E-11  3.00E-11  2.96E-11  2.94E-11  2.91E-11  2.88E-11  2.87E-11
  2.84E-11  2.82E-11  2.79E-11  2.76E-11  2.74E-11  2.71E-11  2.70E-11  2.67E-11
  2.64E-11  2.63E-11  2.59E-11  2.58E-11  2.55E-11  2.54E-11  2.52E-11  2.47E-11
  2.48E-11  2.44E-11  2.43E-11  2.40E-11  2.38E-11  2.36E-11  2.34E-11  2.33E-11
  2.30E-11  2.30E-11  2.26E-11  2.25E-11  2.22E-11  2.21E-11  2.19E-11  2.16E-11
  2.14E-11  2.15E-11  2.11E-11  2.10E-11  2.08E-11  2.07E-11  2.04E-11  2.03E-11
  2.01E-11  2.00E-11  1.97E-11  1.96E-11  1.94E-11  1.93E-11  1.91E-11  1.89E-11
  1.87E-11  1.87E-11  1.85E-11  1.83E-11  1.82E-11  1.80E-11  1.79E-11  1.77E-11
  1.76E-11  1.74E-11  1.73E-11  1.71E-11  1.70E-11  1.69E-11  1.67E-11  1.65E-11
  1.65E-11  1.63E-11  1.62E-11  1.60E-11  1.59E-11  1.58E-11  1.56E-11  1.55E-11
  1.54E-11  1.52E-11  1.52E-11  1.50E-11  1.49E-11  1.47E-11  1.47E-11  1.45E-11
  1.44E-11  1.43E-11  1.41E-11  1.40E-11  1.39E-11  1.39E-11  1.37E-11  1.36E-11
  1.35E-11  1.34E-11  1.33E-11  1.32E-11  1.30E-11  1.30E-11  1.28E-11  1.27E-11
  1.26E-11  1.25E-11  1.24E-11  1.23E-11  1.22E-11  1.21E-11  1.20E-11  1.19E-11
  1.18E-11  1.18E-11  1.16E-11  1.15E-11  1.14E-11  1.13E-11  1.12E-11  1.11E-11
  1.10E-11  1.10E-11  1.09E-11  1.08E-11  1.07E-11  1.06E-11  1.05E-11  1.04E-11
  1.03E-11  1.02E-11  1.02E-11  1.00E-11  9.98E-12  9.90E-12  9.83E-12  9.73E-12
  9.64E-12  9.61E-12  9.50E-12  9.43E-12  9.32E-12  9.26E-12  9.18E-12  9.12E-12
  9.05E-12  8.95E-12  8.88E-12  8.80E-12  8.70E-12  8.67E-12  8.56E-12  8.49E-12
  8.44E-12  8.36E-12  8.31E-12  8.21E-12  8.15E-12  8.10E-12  8.01E-12  7.95E-12
  7.87E-12  7.82E-12  7.75E-12  7.65E-12  7.62E-12  7.55E-12  7.49E-12  7.39E-12
  7.37E-12  7.30E-12  7.22E-12  7.16E-12  7.10E-12  7.06E-12  6.97E-12  6.90E-12
  6.87E-12  6.81E-12  6.73E-12  6.67E-12  6.62E-12  6.56E-12  6.51E-12  6.44E-12
  6.38E-12  6.35E-12  6.29E-12  6.21E-12  6.16E-12  6.11E-12  6.06E-12  6.01E-12
  5.94E-12  5.92E-12  5.83E-12  5.81E-12  5.74E-12  5.70E-12  5.63E-12  5.59E-12
  5.55E-12  5.49E-12  5.45E-12  5.39E-12  5.34E-12  5.30E-12  5.25E-12  5.20E-12
  5.15E-12  5.10E-12  5.06E-12  5.01E-12  4.96E-12  4.92E-12  4.88E-12  4.83E-12
  4.79E-12  4.76E-12  4.69E-12  4.65E-12  4.61E-12  4.56E-12  4.53E-12  4.48E-12
  4.44E-12  4.39E-12  4.36E-12  4.31E-12  4.27E-12  4.24E-12  4.19E-12  4.16E-12
  4.11E-12  4.08E-12  4.04E-12  3.98E-12  3.96E-12  3.93E-12  3.88E-12  3.83E-12
  3.81E-12  3.77E-12  3.73E-12  3.70E-12  3.66E-12  3.63E-12  3.58E-12  3.55E-12
   1.0100581481324296     
 -6.61E-27  8.39E-09  7.27E-08  1.90E-07  5.50E-07  8.21E-07  9.45E-07  8.67E-07
  6.13E-07  5.40E-07  3.75E-07  2.75E-07  2.15E-07  1.78E-07  1.41E-07  1.03E-07
  9.35E-08  7.34E-08  6.00E-08  4.76E-08  4.14E-08  3.58E-08  2.90E-08  2.54E-08
  2.17E-08  1.88E-08  1.66E-08  1.38E-08  1.26E-08  1.06E-08  9.72E-09  8.70E-09
  7.73E-09  7.15E-09  6.74E-09  5.99E-09  5.55E-09  4.95E-09  4.81E-09  4.30E-09
  4.02E-09  3.83E-09  3.50E-09  3.28E-09  3.01E-09  2.94E-09  2.73E-09  2.58E-09
  2.44E-09  2.33E-09  2.19E-09  2.01E-09  1.96E-09  1.87E-09  1.71E-09  1.62E-09
  1.55E-09  1.52E-09  1.41E-09  1.33E-09  1.30E-09  1.22E-09  1.18E-09  1.11E-09
  1.06E-09  1.04E-09  9.84E-10  9.52E-10  9.03E-10  8.78E-10  8.34E-10  7.91E-10
  7.79E-10  7.37E-10  7.18E-10  6.88E-10  6.69E-10  6.41E-10  6.10E-10  5.92E-10
  5.64E-10  5.59E-10  5.35E-10  5.12E-10  4.93E-10  4.85E-10  4.61E-10  4.52E-10
  4.39E-10  4.26E-10  4.16E-10  3.97E-10  3.86E-10  3.75E-10  3.63E-10  3.52E-10
  3.43E-10  3.33E-10  3.27E-10  3.12E-10  3.05E-10  2.96E-10  2.92E-10  2.82E-10
  2.68E-10  2.71E-10  2.57E-10  2.51E-10  2.46E-10  2.40E-10  2.30E-10  2.25E-10
  2.20E-10  2.14E-10  2.09E-10  2.04E-10  2.01E-10  1.96E-10  1.89E-10  1.85E-10
  1.80E-10  1.77E-10  1.71E-10  1.69E-10  1.64E-10  1.63E-10  1.57E-10  1.53E-10
  1.50E-10  1.47E-10  1.43E-10  1.39E-10  1.38E-10  1.34E-10  1.32E-10  1.28E-10
  1.27E-10  1.24E-10  1.20E-10  1.17E-10  1.16E-10  1.13E-10  1.12E-10  1.07E-10
  1.07E-10  1.04E-10  1.03E-10  9.97E-11  9.80E-11  9.68E-11  9.43E-11  9.19E-11
  9.07E-11  8.83E-11  8.69E-11  8.43E-11  8.34E-11  8.19E-11  7.99E-11  7.85E-11
  7.77E-11  7.67E-11  7.41E-11  7.36E-11  7.15E-11  7.11E-11  6.85E-11  6.78E-11
  6.64E-11  6.52E-11  6.45E-11  6.26E-11  6.18E-11  6.05E-11  5.99E-11  5.80E-11
  5.75E-11  5.66E-11  5.59E-11  5.45E-11  5.37E-11  5.27E-11  5.19E-11  5.10E-11
  5.00E-11  4.90E-11  4.82E-11  4.74E-11  4.66E-11  4.59E-11  4.48E-11  4.45E-11
  4.34E-11  4.25E-11  4.22E-11  4.12E-11  4.09E-11  4.00E-11  3.93E-11  3.84E-11
  3.77E-11  3.71E-11  3.69E-11  3.58E-11  3.55E-11  3.51E-11  3.42E-11  3.37E-11
  3.32E-11  3.27E-11  3.21E-11  3.15E-11  3.09E-11  3.05E-11  2.99E-11  2.94E-11
  2.91E-11  2.87E-11  2.80E-11  2.76E-11  2.71E-11  2.68E-11  2.62E-11  2.59E-11
  2.53E-11  2.53E-11  2.47E-11  2.42E-11  2.39E-11  2.36E-11  2.30E-11  2.25E-11
  2.24E-11  2.20E-11  2.17E-11  2.11E-11  2.10E-11  2.06E-11  2.02E-11  2.01E-11
  1.97E-11  1.94E-11  1.91E-11  1.88E-11  1.85E-11  1.81E-11  1.79E-11  1.76E-11
  1.73E-11  1.70E-11  1.67E-11  1.64E-11  1.63E-11  1.60E-11  1.56E-11  1.54E-11
  1.54E-11  1.49E-11  1.47E-11  1.45E-11  1.42E-11  1.40E-11  1.38E-11  1.36E-11
  1.34E-11  1.32E-11  1.29E-11  1.27E-11  1.26E-11  1.24E-11  1.21E-11  1.20E-11
  1.18E-11  1.16E-11  1.14E-11  1.12E-11  1.10E-11  1.09E-11  1.07E-11  1.05E-11
  1.04E-11  1.02E-11  1.00E-11  9.87E-12  9.72E-12  9.59E-12  9.38E-12  9.27E-12
  9.11E-12  8.99E-12  8.82E-12  8.68E-12  8.55E-12  8.40E-12  8.29E-12  8.11E-12
  8.02E-12  7.87E-12  7.77E-12  7.64E-12  7.50E-12  7.41E-12  7.24E-12  7.13E-12
  7.04E-12  6.93E-12  6.81E-12  6.73E-12  6.60E-12  6.49E-12  6.39E-12  6.29E-12
  6.22E-12  6.07E-12  6.02E-12  5.87E-12  5.80E-12  5.66E-12  5.65E-12  5.50E-12
  5.42E-12  5.37E-12  5.27E-12  5.19E-12  5.09E-12  5.00E-12  4.92E-12  4.86E-12
  4.76E-12  4.72E-12  4.62E-12  4.56E-12  4.46E-12  4.40E-12  4.32E-12  4.27E-12
  4.19E-12  4.14E-12  4.07E-12  3.98E-12  3.94E-12  3.87E-12  3.80E-12  3.73E-12
  3.69E-12  3.63E-12  3.56E-12  3.50E-12  3.45E-12  3.41E-12  3.35E-12  3.26E-12
  3.25E-12  3.16E-12  3.14E-12  3.08E-12  3.04E-12  2.99E-12  2.93E-12  2.89E-12
  2.85E-12  2.81E-12  2.75E-12  2.70E-12  2.67E-12  2.63E-12  2.59E-12  2.53E-12
  2.49E-12  2.46E-12  2.43E-12  2.38E-12  2.34E-12  2.31E-12  2.27E-12  2.22E-12
  2.20E-12  2.16E-12  2.13E-12  2.09E-12  2.06E-12  2.04E-12  1.99E-12  1.96E-12
  1.93E-12  1.91E-12  1.87E-12  1.84E-12  1.80E-12  1.78E-12  1.76E-12  1.73E-12
  1.70E-12  1.67E-12  1.65E-12  1.62E-12  1.60E-12  1.58E-12  1.54E-12  1.52E-12
  1.50E-12  1.48E-12  1.45E-12  1.43E-12  1.40E-12  1.39E-12  1.36E-12  1.34E-12
  1.32E-12  1.30E-12  1.28E-12  1.25E-12  1.24E-12  1.22E-12  1.20E-12  1.18E-12
  1.16E-12  1.15E-12  1.13E-12  1.11E-12  1.09E-12  1.08E-12  1.06E-12  1.04E-12
  1.03E-12  1.01E-12  9.90E-13  9.78E-13  9.64E-13  9.50E-13  9.37E-13  9.23E-13
  9.09E-13  8.89E-13  8.86E-13  8.68E-13  8.51E-13  8.41E-13  8.26E-13  8.14E-13
  7.96E-13  7.94E-13  7.74E-13  7.70E-13  7.54E-13  7.42E-13  7.32E-13  7.18E-13
  7.12E-13  6.98E-13  6.92E-13  6.79E-13  6.69E-13  6.57E-13  6.48E-13  6.36E-13
  6.28E-13  6.19E-13  6.10E-13  6.00E-13  5.92E-13  5.83E-13  5.73E-13  5.65E-13
  5.59E-13  5.51E-13  5.40E-13  5.31E-13  5.23E-13  5.15E-13  5.08E-13  4.99E-13
  4.94E-13  4.87E-13  4.79E-13  4.71E-13  4.63E-13  4.57E-13  4.51E-13  4.43E-13
  4.37E-13  4.30E-13  4.26E-13  4.17E-13  4.11E-13  4.06E-13  3.99E-13  3.94E-13
  3.87E-13  3.83E-13  3.78E-13  3.71E-13  3.66E-13  3.61E-13  3.55E-13  3.47E-13
  3.43E-13  3.39E-13  3.34E-13  3.29E-13  3.24E-13  3.19E-13  3.14E-13  3.09E-13
  3.06E-13  3.02E-13  2.95E-13  2.91E-13  2.88E-13  2.83E-13  2.78E-13  2.75E-13
  2.69E-13  2.67E-13  2.63E-13  2.59E-13  2.54E-13  2.51E-13  2.47E-13  2.44E-13
  2.40E-13  2.37E-13  2.32E-13  2.29E-13  2.25E-13  2.23E-13  2.18E-13  2.17E-13
  2.13E-13  2.09E-13  2.07E-13  2.04E-13  2.00E-13  1.97E-13  1.95E-13  1.91E-13
  1.89E-13  1.86E-13  1.83E-13  1.80E-13  1.77E-13  1.74E-13  1.73E-13  1.69E-13
  1.67E-13  1.65E-13  1.62E-13  1.60E-13  1.57E-13  1.55E-13  1.53E-13  1.50E-13
  1.48E-13  1.46E-13  1.43E-13  1.41E-13  1.40E-13  1.37E-13  1.35E-13  1.33E-13
  1.30E-13  1.30E-13  1.28E-13  1.25E-13  1.24E-13  1.22E-13  1.20E-13  1.18E-13
  1.17E-13  1.14E-13  1.13E-13  1.11E-13  1.09E-13  1.08E-13  1.07E-13  1.05E-13
   1.0200393282956317     
 -8.68E-27  8.77E-09  7.84E-08  2.11E-07  6.10E-07  9.14E-07  1.05E-06  9.39E-07
  6.37E-07  5.37E-07  3.54E-07  2.44E-07  1.79E-07  1.40E-07  1.05E-07  7.07E-08
  6.28E-08  4.71E-08  3.74E-08  3.11E-08  2.63E-08  2.28E-08  1.97E-08  1.72E-08
  1.49E-08  1.35E-08  1.23E-08  1.08E-08  9.55E-09  8.75E-09  7.74E-09  7.05E-09
  6.31E-09  6.03E-09  5.45E-09  5.13E-09  4.68E-09  4.26E-09  4.04E-09  3.62E-09
  3.48E-09  3.29E-09  2.97E-09  2.92E-09  2.56E-09  2.54E-09  2.29E-09  2.19E-09
  2.08E-09  1.93E-09  1.83E-09  1.67E-09  1.64E-09  1.53E-09  1.50E-09  1.36E-09
  1.33E-09  1.28E-09  1.19E-09  1.12E-09  1.10E-09  1.04E-09  1.00E-09  9.27E-10
  9.12E-10  8.83E-10  8.22E-10  7.98E-10  7.48E-10  7.39E-10  7.03E-10  6.65E-10
  6.49E-10  6.16E-10  6.09E-10  5.73E-10  5.54E-10  5.37E-10  5.15E-10  4.99E-10
  4.70E-10  4.74E-10  4.46E-10  4.32E-10  4.20E-10  4.11E-10  3.94E-10  3.75E-10
  3.67E-10  3.55E-10  3.43E-10  3.32E-10  3.22E-10  3.12E-10  3.03E-10  2.88E-10
  2.85E-10  2.78E-10  2.73E-10  2.59E-10  2.52E-10  2.47E-10  2.41E-10  2.34E-10
  2.23E-10  2.23E-10  2.12E-10  2.07E-10  2.01E-10  1.99E-10  1.92E-10  1.85E-10
  1.83E-10  1.77E-10  1.73E-10  1.67E-10  1.65E-10  1.62E-10  1.55E-10  1.51E-10
  1.49E-10  1.46E-10  1.42E-10  1.39E-10  1.34E-10  1.34E-10  1.28E-10  1.26E-10
  1.22E-10  1.20E-10  1.17E-10  1.13E-10  1.13E-10  1.09E-10  1.07E-10  1.03E-10
  1.03E-10  1.01E-10  9.77E-11  9.46E-11  9.34E-11  9.13E-11  9.01E-11  8.71E-11
  8.56E-11  8.35E-11  8.23E-11  8.04E-11  7.89E-11  7.74E-11  7.57E-11  7.31E-11
  7.17E-11  7.11E-11  6.97E-11  6.77E-11  6.68E-11  6.57E-11  6.39E-11  6.28E-11
  6.14E-11  6.05E-11  5.87E-11  5.80E-11  5.62E-11  5.63E-11  5.40E-11  5.38E-11
  5.21E-11  5.15E-11  5.08E-11  4.93E-11  4.89E-11  4.76E-11  4.66E-11  4.56E-11
  4.51E-11  4.42E-11  4.31E-11  4.25E-11  4.14E-11  4.10E-11  4.00E-11  3.95E-11
  3.86E-11  3.78E-11  3.71E-11  3.66E-11  3.58E-11  3.53E-11  3.43E-11  3.41E-11
  3.34E-11  3.26E-11  3.25E-11  3.16E-11  3.12E-11  3.05E-11  3.00E-11  2.93E-11
  2.86E-11  2.85E-11  2.79E-11  2.73E-11  2.67E-11  2.64E-11  2.58E-11  2.54E-11
  2.51E-11  2.46E-11  2.41E-11  2.36E-11  2.32E-11  2.28E-11  2.25E-11  2.20E-11
  2.16E-11  2.14E-11  2.07E-11  2.05E-11  2.01E-11  1.99E-11  1.94E-11  1.92E-11
  1.87E-11  1.85E-11  1.81E-11  1.78E-11  1.75E-11  1.72E-11  1.69E-11  1.65E-11
  1.64E-11  1.61E-11  1.59E-11  1.54E-11  1.53E-11  1.50E-11  1.47E-11  1.45E-11
  1.42E-11  1.40E-11  1.38E-11  1.35E-11  1.32E-11  1.30E-11  1.28E-11  1.26E-11
  1.24E-11  1.21E-11  1.19E-11  1.17E-11  1.16E-11  1.14E-11  1.12E-11  1.09E-11
  1.09E-11  1.06E-11  1.04E-11  1.02E-11  1.01E-11  9.96E-12  9.74E-12  9.55E-12
  9.36E-12  9.31E-12  9.07E-12  8.94E-12  8.82E-12  8.67E-12  8.48E-12  8.31E-12
  8.22E-12  8.10E-12  7.95E-12  7.75E-12  7.69E-12  7.59E-12  7.40E-12  7.27E-12
  7.17E-12  7.05E-12  6.95E-12  6.77E-12  6.69E-12  6.60E-12  6.45E-12  6.36E-12
  6.23E-12  6.17E-12  6.04E-12  5.96E-12  5.85E-12  5.76E-12  5.68E-12  5.53E-12
  5.47E-12  5.39E-12  5.27E-12  5.20E-12  5.10E-12  5.04E-12  4.93E-12  4.84E-12
  4.78E-12  4.70E-12  4.63E-12  4.55E-12  4.46E-12  4.40E-12  4.34E-12  4.25E-12
  4.18E-12  4.09E-12  4.04E-12  3.98E-12  3.90E-12  3.84E-12  3.79E-12  3.70E-12
  3.66E-12  3.61E-12  3.54E-12  3.50E-12  3.43E-12  3.37E-12  3.32E-12  3.25E-12
  3.21E-12  3.16E-12  3.10E-12  3.04E-12  3.00E-12  2.95E-12  2.89E-12  2.86E-12
  2.81E-12  2.76E-12  2.72E-12  2.67E-12  2.64E-12  2.59E-12  2.55E-12  2.50E-12
  2.46E-12  2.43E-12  2.39E-12  2.35E-12  2.30E-12  2.27E-12  2.24E-12  2.19E-12
  2.18E-12  2.14E-12  2.09E-12  2.06E-12  2.03E-12  1.99E-12  1.96E-12  1.95E-12
  1.90E-12  1.88E-12  1.85E-12  1.82E-12  1.78E-12  1.75E-12  1.74E-12  1.70E-12
  1.68E-12  1.66E-12  1.62E-12  1.60E-12  1.57E-12  1.55E-12  1.52E-12  1.50E-12
  1.47E-12  1.45E-12  1.42E-12  1.41E-12  1.38E-12  1.37E-12  1.34E-12  1.32E-12
  1.29E-12  1.29E-12  1.26E-12  1.24E-12  1.22E-12  1.20E-12  1.19E-12  1.16E-12
  1.14E-12  1.13E-12  1.11E-12  1.09E-12  1.08E-12  1.07E-12  1.04E-12  1.03E-12
  1.02E-12  9.94E-13  9.84E-13  9.64E-13  9.50E-13  9.35E-13  9.22E-13  9.10E-13
  8.97E-13  8.81E-13  8.73E-13  8.51E-13  8.41E-13  8.30E-13  8.13E-13  8.00E-13
  7.92E-13  7.82E-13  7.68E-13  7.54E-13  7.44E-13  7.33E-13  7.22E-13  7.08E-13
  6.99E-13  6.89E-13  6.77E-13  6.70E-13  6.56E-13  6.49E-13  6.36E-13  6.29E-13
  6.19E-13  6.09E-13  6.03E-13  5.91E-13  5.80E-13  5.72E-13  5.64E-13  5.56E-13
  5.47E-13  5.41E-13  5.31E-13  5.25E-13  5.14E-13  5.10E-13  4.99E-13  4.92E-13
  4.87E-13  4.78E-13  4.72E-13  4.61E-13  4.56E-13  4.46E-13  4.44E-13  4.34E-13
  4.28E-13  4.21E-13  4.17E-13  4.08E-13  4.02E-13  3.96E-13  3.90E-13  3.86E-13
  3.79E-13  3.74E-13  3.67E-13  3.61E-13  3.55E-13  3.52E-13  3.46E-13  3.39E-13
  3.35E-13  3.30E-13  3.25E-13  3.18E-13  3.14E-13  3.11E-13  3.05E-13  2.99E-13
  2.97E-13  2.90E-13  2.88E-13  2.82E-13  2.77E-13  2.73E-13  2.69E-13  2.64E-13
  2.60E-13  2.56E-13  2.53E-13  2.49E-13  2.45E-13  2.41E-13  2.38E-13  2.32E-13
  2.31E-13  2.26E-13  2.23E-13  2.19E-13  2.16E-13  2.13E-13  2.08E-13  2.06E-13
  2.03E-13  2.00E-13  1.96E-13  1.92E-13  1.90E-13  1.87E-13  1.83E-13  1.80E-13
  1.77E-13  1.76E-13  1.72E-13  1.69E-13  1.66E-13  1.63E-13  1.61E-13  1.58E-13
  1.56E-13  1.54E-13  1.51E-13  1.48E-13  1.45E-13  1.44E-13  1.40E-13  1.39E-13
  1.36E-13  1.35E-13  1.32E-13  1.30E-13  1.28E-13  1.26E-13  1.23E-13  1.22E-13
  1.20E-13  1.17E-13  1.15E-13  1.14E-13  1.12E-13  1.09E-13  1.08E-13  1.06E-13
  1.04E-13  1.03E-13  1.00E-13  9.94E-14  9.74E-14  9.56E-14  9.44E-14  9.20E-14
  9.12E-14  8.91E-14  8.78E-14  8.59E-14  8.48E-14  8.30E-14  8.16E-14  8.06E-14
  7.91E-14  7.82E-14  7.66E-14  7.54E-14  7.40E-14  7.30E-14  7.16E-14  7.03E-14
  6.90E-14  6.81E-14  6.69E-14  6.59E-14  6.50E-14  6.37E-14  6.23E-14  6.15E-14
   1.0300719312288009     
 -2.23E-26  9.32E-09  8.56E-08  2.36E-07  6.78E-07  1.01E-06  1.13E-06  9.80E-07
  6.25E-07  4.99E-07  3.07E-07  1.97E-07  1.38E-07  1.06E-07  7.70E-08  5.20E-08
  4.81E-08  3.73E-08  3.09E-08  2.71E-08  2.27E-08  2.03E-08  1.78E-08  1.53E-08
  1.32E-08  1.22E-08  1.09E-08  9.74E-09  8.42E-09  7.68E-09  6.94E-09  6.32E-09
  5.50E-09  5.43E-09  4.78E-09  4.44E-09  4.15E-09  3.68E-09  3.47E-09  3.18E-09
  3.08E-09  2.84E-09  2.60E-09  2.47E-09  2.24E-09  2.19E-09  1.99E-09  1.89E-09
  1.78E-09  1.68E-09  1.61E-09  1.47E-09  1.41E-09  1.31E-09  1.25E-09  1.18E-09
  1.15E-09  1.09E-09  1.04E-09  9.68E-10  9.32E-10  8.84E-10  8.62E-10  7.93E-10
  7.72E-10  7.58E-10  6.95E-10  6.78E-10  6.33E-10  6.24E-10  5.93E-10  5.65E-10
  5.47E-10  5.25E-10  5.14E-10  4.86E-10  4.69E-10  4.56E-10  4.32E-10  4.21E-10
  4.09E-10  3.97E-10  3.81E-10  3.70E-10  3.48E-10  3.41E-10  3.29E-10  3.15E-10
  3.08E-10  2.95E-10  2.91E-10  2.78E-10  2.71E-10  2.62E-10  2.52E-10  2.45E-10
  2.39E-10  2.33E-10  2.29E-10  2.19E-10  2.13E-10  2.04E-10  2.01E-10  1.96E-10
  1.86E-10  1.86E-10  1.78E-10  1.73E-10  1.69E-10  1.66E-10  1.60E-10  1.53E-10
  1.54E-10  1.48E-10  1.44E-10  1.38E-10  1.37E-10  1.33E-10  1.29E-10  1.25E-10
  1.24E-10  1.20E-10  1.17E-10  1.13E-10  1.11E-10  1.10E-10  1.05E-10  1.04E-10
  1.00E-10  9.98E-11  9.66E-11  9.34E-11  9.25E-11  8.91E-11  8.83E-11  8.44E-11
  8.39E-11  8.24E-11  7.96E-11  7.76E-11  7.62E-11  7.46E-11  7.30E-11  7.06E-11
  6.98E-11  6.88E-11  6.61E-11  6.51E-11  6.35E-11  6.26E-11  6.11E-11  5.91E-11
  5.87E-11  5.67E-11  5.65E-11  5.46E-11  5.32E-11  5.27E-11  5.13E-11  5.02E-11
  4.97E-11  4.91E-11  4.72E-11  4.64E-11  4.53E-11  4.50E-11  4.35E-11  4.30E-11
  4.18E-11  4.10E-11  4.09E-11  3.92E-11  3.88E-11  3.80E-11  3.71E-11  3.62E-11
  3.58E-11  3.52E-11  3.45E-11  3.34E-11  3.31E-11  3.23E-11  3.17E-11  3.13E-11
  3.05E-11  2.99E-11  2.93E-11  2.87E-11  2.82E-11  2.77E-11  2.70E-11  2.68E-11
  2.63E-11  2.57E-11  2.51E-11  2.47E-11  2.43E-11  2.37E-11  2.35E-11  2.27E-11
  2.25E-11  2.21E-11  2.17E-11  2.11E-11  2.08E-11  2.05E-11  1.99E-11  1.98E-11
  1.93E-11  1.91E-11  1.86E-11  1.83E-11  1.79E-11  1.77E-11  1.74E-11  1.70E-11
  1.67E-11  1.66E-11  1.61E-11  1.57E-11  1.55E-11  1.53E-11  1.49E-11  1.48E-11
  1.43E-11  1.42E-11  1.40E-11  1.38E-11  1.34E-11  1.32E-11  1.30E-11  1.27E-11
  1.25E-11  1.23E-11  1.21E-11  1.18E-11  1.16E-11  1.14E-11  1.12E-11  1.10E-11
  1.08E-11  1.07E-11  1.04E-11  1.02E-11  1.01E-11  9.87E-12  9.73E-12  9.49E-12
  9.43E-12  9.21E-12  9.06E-12  8.93E-12  8.77E-12  8.60E-12  8.40E-12  8.21E-12
  8.18E-12  7.97E-12  7.93E-12  7.74E-12  7.58E-12  7.45E-12  7.33E-12  7.20E-12
  7.05E-12  7.01E-12  6.83E-12  6.69E-12  6.61E-12  6.52E-12  6.42E-12  6.28E-12
  6.18E-12  6.07E-12  5.96E-12  5.85E-12  5.75E-12  5.67E-12  5.55E-12  5.45E-12
  5.38E-12  5.27E-12  5.18E-12  5.10E-12  5.05E-12  4.91E-12  4.83E-12  4.78E-12
  4.68E-12  4.62E-12  4.52E-12  4.46E-12  4.37E-12  4.30E-12  4.23E-12  4.15E-12
  4.09E-12  4.03E-12  3.93E-12  3.92E-12  3.79E-12  3.78E-12  3.69E-12  3.64E-12
  3.57E-12  3.52E-12  3.46E-12  3.39E-12  3.34E-12  3.27E-12  3.23E-12  3.17E-12
  3.13E-12  3.07E-12  3.03E-12  2.96E-12  2.92E-12  2.85E-12  2.84E-12  2.77E-12
  2.73E-12  2.71E-12  2.65E-12  2.61E-12  2.56E-12  2.52E-12  2.48E-12  2.43E-12
  2.41E-12  2.36E-12  2.32E-12  2.28E-12  2.25E-12  2.22E-12  2.16E-12  2.13E-12
  2.09E-12  2.07E-12  2.04E-12  1.99E-12  1.97E-12  1.94E-12  1.92E-12  1.88E-12
  1.84E-12  1.83E-12  1.78E-12  1.76E-12  1.72E-12  1.71E-12  1.69E-12  1.63E-12
  1.63E-12  1.59E-12  1.58E-12  1.54E-12  1.52E-12  1.49E-12  1.47E-12  1.46E-12
  1.42E-12  1.41E-12  1.38E-12  1.36E-12  1.33E-12  1.32E-12  1.29E-12  1.27E-12
  1.26E-12  1.24E-12  1.21E-12  1.20E-12  1.18E-12  1.16E-12  1.15E-12  1.13E-12
  1.10E-12  1.09E-12  1.07E-12  1.05E-12  1.04E-12  1.02E-12  1.00E-12  9.93E-13
  9.77E-13  9.68E-13  9.52E-13  9.30E-13  9.17E-13  9.01E-13  8.91E-13  8.74E-13
  8.56E-13  8.49E-13  8.36E-13  8.23E-13  8.13E-13  8.02E-13  7.83E-13  7.71E-13
  7.63E-13  7.52E-13  7.42E-13  7.29E-13  7.16E-13  7.08E-13  6.92E-13  6.82E-13
  6.72E-13  6.59E-13  6.50E-13  6.41E-13  6.34E-13  6.22E-13  6.10E-13  6.02E-13
  5.93E-13  5.86E-13  5.71E-13  5.67E-13  5.59E-13  5.49E-13  5.40E-13  5.31E-13
  5.25E-13  5.15E-13  5.06E-13  5.00E-13  4.90E-13  4.85E-13  4.78E-13  4.69E-13
  4.62E-13  4.54E-13  4.48E-13  4.39E-13  4.33E-13  4.24E-13  4.18E-13  4.14E-13
  4.07E-13  4.01E-13  3.95E-13  3.87E-13  3.80E-13  3.76E-13  3.70E-13  3.63E-13
  3.58E-13  3.54E-13  3.49E-13  3.41E-13  3.37E-13  3.30E-13  3.27E-13  3.21E-13
  3.15E-13  3.11E-13  3.06E-13  3.00E-13  2.97E-13  2.91E-13  2.86E-13  2.83E-13
  2.78E-13  2.74E-13  2.69E-13  2.65E-13  2.60E-13  2.56E-13  2.52E-13  2.47E-13
  2.45E-13  2.40E-13  2.36E-13  2.32E-13  2.28E-13  2.25E-13  2.21E-13  2.17E-13
  2.14E-13  2.11E-13  2.08E-13  2.03E-13  2.00E-13  1.97E-13  1.94E-13  1.90E-13
  1.86E-13  1.84E-13  1.80E-13  1.78E-13  1.75E-13  1.72E-13  1.69E-13  1.66E-13
  1.64E-13  1.61E-13  1.58E-13  1.55E-13  1.52E-13  1.51E-13  1.48E-13  1.44E-13
  1.43E-13  1.40E-13  1.38E-13  1.35E-13  1.33E-13  1.31E-13  1.28E-13  1.26E-13
  1.23E-13  1.23E-13  1.19E-13  1.17E-13  1.15E-13  1.14E-13  1.10E-13  1.09E-13
  1.07E-13  1.06E-13  1.03E-13  1.02E-13  9.97E-14  9.82E-14  9.62E-14  9.42E-14
  9.29E-14  9.10E-14  8.94E-14  8.79E-14  8.63E-14  8.50E-14  8.34E-14  8.18E-14
  8.02E-14  7.86E-14  7.67E-14  7.57E-14  7.37E-14  7.31E-14  7.20E-14  7.04E-14
  6.95E-14  6.81E-14  6.63E-14  6.54E-14  6.44E-14  6.32E-14  6.14E-14  6.01E-14
  5.92E-14  5.81E-14  5.73E-14  5.61E-14  5.52E-14  5.43E-14  5.25E-14  5.21E-14
  5.12E-14  5.02E-14  4.95E-14  4.80E-14  4.74E-14  4.65E-14  4.59E-14  4.45E-14
  4.40E-14  4.30E-14  4.22E-14  4.17E-14  4.10E-14  3.99E-14  3.91E-14  3.88E-14
   1.0400722929491280     
  1.77E-26  1.00E-08  9.37E-08  2.64E-07  7.50E-07  1.10E-06  1.20E-06  9.88E-07
  5.88E-07  4.45E-07  2.57E-07  1.58E-07  1.08E-07  8.68E-08  6.49E-08  4.62E-08
  4.36E-08  3.51E-08  2.96E-08  2.46E-08  2.07E-08  1.91E-08  1.57E-08  1.40E-08
  1.19E-08  1.13E-08  9.64E-09  8.72E-09  7.55E-09  6.76E-09  6.05E-09  5.59E-09
  4.89E-09  4.87E-09  4.29E-09  3.76E-09  3.63E-09  3.24E-09  3.11E-09  2.80E-09
  2.68E-09  2.54E-09  2.32E-09  2.18E-09  1.98E-09  1.91E-09  1.69E-09  1.66E-09
  1.58E-09  1.46E-09  1.42E-09  1.26E-09  1.23E-09  1.15E-09  1.08E-09  1.03E-09
  9.83E-10  9.37E-10  8.95E-10  8.30E-10  8.04E-10  7.61E-10  7.32E-10  6.82E-10
  6.62E-10  6.49E-10  6.05E-10  5.86E-10  5.54E-10  5.39E-10  5.18E-10  4.80E-10
  4.71E-10  4.55E-10  4.42E-10  4.09E-10  4.01E-10  3.88E-10  3.62E-10  3.62E-10
  3.49E-10  3.37E-10  3.21E-10  3.04E-10  2.95E-10  2.92E-10  2.80E-10  2.68E-10
  2.59E-10  2.52E-10  2.42E-10  2.35E-10  2.25E-10  2.23E-10  2.13E-10  2.03E-10
  2.01E-10  1.95E-10  1.89E-10  1.82E-10  1.76E-10  1.74E-10  1.68E-10  1.60E-10
  1.55E-10  1.56E-10  1.50E-10  1.43E-10  1.40E-10  1.39E-10  1.34E-10  1.28E-10
  1.25E-10  1.22E-10  1.20E-10  1.14E-10  1.14E-10  1.11E-10  1.07E-10  1.04E-10
  1.02E-10  1.01E-10  9.69E-11  9.34E-11  9.16E-11  9.01E-11  8.65E-11  8.40E-11
  8.22E-11  8.16E-11  7.90E-11  7.60E-11  7.60E-11  7.35E-11  7.24E-11  6.98E-11
  6.88E-11  6.75E-11  6.43E-11  6.31E-11  6.17E-11  6.14E-11  5.94E-11  5.70E-11
  5.65E-11  5.55E-11  5.45E-11  5.31E-11  5.21E-11  5.06E-11  4.95E-11  4.86E-11
  4.74E-11  4.65E-11  4.53E-11  4.42E-11  4.37E-11  4.25E-11  4.16E-11  4.06E-11
  4.01E-11  3.94E-11  3.83E-11  3.72E-11  3.64E-11  3.62E-11  3.49E-11  3.44E-11
  3.36E-11  3.26E-11  3.23E-11  3.15E-11  3.09E-11  3.06E-11  2.98E-11  2.90E-11
  2.85E-11  2.80E-11  2.75E-11  2.68E-11  2.64E-11  2.56E-11  2.53E-11  2.47E-11
  2.42E-11  2.41E-11  2.33E-11  2.28E-11  2.24E-11  2.19E-11  2.15E-11  2.12E-11
  2.06E-11  2.03E-11  1.99E-11  1.94E-11  1.92E-11  1.87E-11  1.85E-11  1.82E-11
  1.78E-11  1.74E-11  1.71E-11  1.67E-11  1.64E-11  1.61E-11  1.57E-11  1.55E-11
  1.52E-11  1.50E-11  1.47E-11  1.44E-11  1.41E-11  1.38E-11  1.36E-11  1.33E-11
  1.30E-11  1.30E-11  1.25E-11  1.24E-11  1.21E-11  1.21E-11  1.17E-11  1.15E-11
  1.12E-11  1.11E-11  1.09E-11  1.06E-11  1.04E-11  1.03E-11  1.01E-11  9.86E-12
  9.82E-12  9.59E-12  9.42E-12  9.16E-12  9.04E-12  8.86E-12  8.69E-12  8.60E-12
  8.43E-12  8.27E-12  8.18E-12  7.97E-12  7.80E-12  7.69E-12  7.53E-12  7.37E-12
  7.30E-12  7.17E-12  7.02E-12  6.87E-12  6.75E-12  6.68E-12  6.56E-12  6.37E-12
  6.34E-12  6.18E-12  6.14E-12  5.97E-12  5.89E-12  5.80E-12  5.69E-12  5.55E-12
  5.43E-12  5.44E-12  5.26E-12  5.23E-12  5.11E-12  5.02E-12  4.91E-12  4.85E-12
  4.74E-12  4.66E-12  4.59E-12  4.51E-12  4.41E-12  4.37E-12  4.26E-12  4.21E-12
  4.13E-12  4.07E-12  3.99E-12  3.93E-12  3.87E-12  3.80E-12  3.71E-12  3.65E-12
  3.58E-12  3.55E-12  3.45E-12  3.42E-12  3.37E-12  3.29E-12  3.25E-12  3.18E-12
  3.16E-12  3.09E-12  3.02E-12  2.98E-12  2.93E-12  2.90E-12  2.82E-12  2.79E-12
  2.73E-12  2.70E-12  2.66E-12  2.60E-12  2.55E-12  2.53E-12  2.48E-12  2.42E-12
  2.39E-12  2.35E-12  2.32E-12  2.27E-12  2.24E-12  2.18E-12  2.17E-12  2.13E-12
  2.10E-12  2.07E-12  2.03E-12  2.00E-12  1.97E-12  1.93E-12  1.89E-12  1.86E-12
  1.84E-12  1.81E-12  1.77E-12  1.74E-12  1.72E-12  1.70E-12  1.66E-12  1.63E-12
  1.61E-12  1.59E-12  1.57E-12  1.53E-12  1.51E-12  1.49E-12  1.47E-12  1.43E-12
  1.41E-12  1.39E-12  1.36E-12  1.34E-12  1.32E-12  1.31E-12  1.28E-12  1.25E-12
  1.24E-12  1.21E-12  1.21E-12  1.18E-12  1.16E-12  1.14E-12  1.12E-12  1.11E-12
  1.09E-12  1.08E-12  1.05E-12  1.04E-12  1.02E-12  1.00E-12  9.87E-13  9.73E-13
  9.57E-13  9.50E-13  9.30E-13  9.12E-13  9.02E-13  8.85E-13  8.72E-13  8.55E-13
  8.48E-13  8.33E-13  8.16E-13  8.02E-13  7.90E-13  7.80E-13  7.72E-13  7.54E-13
  7.41E-13  7.33E-13  7.20E-13  7.04E-13  6.97E-13  6.84E-13  6.72E-13  6.64E-13
  6.50E-13  6.44E-13  6.32E-13  6.21E-13  6.13E-13  6.02E-13  5.92E-13  5.86E-13
  5.76E-13  5.67E-13  5.62E-13  5.50E-13  5.41E-13  5.33E-13  5.22E-13  5.15E-13
  5.09E-13  4.99E-13  4.93E-13  4.84E-13  4.77E-13  4.66E-13  4.57E-13  4.53E-13
  4.45E-13  4.40E-13  4.31E-13  4.23E-13  4.18E-13  4.13E-13  4.02E-13  3.98E-13
  3.92E-13  3.86E-13  3.79E-13  3.74E-13  3.66E-13  3.64E-13  3.55E-13  3.49E-13
  3.45E-13  3.37E-13  3.33E-13  3.28E-13  3.24E-13  3.17E-13  3.12E-13  3.08E-13
  3.01E-13  3.00E-13  2.93E-13  2.88E-13  2.83E-13  2.78E-13  2.73E-13  2.69E-13
  2.66E-13  2.61E-13  2.57E-13  2.52E-13  2.48E-13  2.42E-13  2.41E-13  2.35E-13
  2.32E-13  2.28E-13  2.26E-13  2.20E-13  2.17E-13  2.13E-13  2.10E-13  2.07E-13
  2.03E-13  2.01E-13  1.96E-13  1.92E-13  1.89E-13  1.87E-13  1.83E-13  1.81E-13
  1.77E-13  1.74E-13  1.71E-13  1.68E-13  1.65E-13  1.62E-13  1.58E-13  1.56E-13
  1.55E-13  1.51E-13  1.49E-13  1.47E-13  1.44E-13  1.42E-13  1.38E-13  1.37E-13
  1.34E-13  1.31E-13  1.29E-13  1.27E-13  1.25E-13  1.22E-13  1.20E-13  1.17E-13
  1.16E-13  1.14E-13  1.12E-13  1.09E-13  1.08E-13  1.06E-13  1.04E-13  1.01E-13
  1.01E-13  9.89E-14  9.63E-14  9.46E-14  9.28E-14  9.18E-14  8.96E-14  8.77E-14
  8.58E-14  8.44E-14  8.38E-14  8.14E-14  8.01E-14  7.82E-14  7.73E-14  7.56E-14
  7.41E-14  7.30E-14  7.09E-14  6.99E-14  6.80E-14  6.70E-14  6.55E-14  6.43E-14
  6.30E-14  6.20E-14  6.11E-14  6.04E-14  5.86E-14  5.75E-14  5.66E-14  5.50E-14
  5.43E-14  5.31E-14  5.28E-14  5.10E-14  4.99E-14  4.91E-14  4.83E-14  4.72E-14
  4.58E-14  4.54E-14  4.43E-14  4.32E-14  4.25E-14  4.20E-14  4.10E-14  4.00E-14
  3.92E-14  3.81E-14  3.75E-14  3.67E-14  3.59E-14  3.50E-14  3.47E-14  3.42E-14
  3.33E-14  3.24E-14  3.20E-14  3.14E-14  3.09E-14  3.02E-14  2.94E-14  2.82E-14
  2.80E-14  2.79E-14  2.68E-14  2.63E-14  2.61E-14  2.55E-14  2.49E-14  2.42E-14
   1.0500731736836599     
 -1.17E-26  1.09E-08  1.03E-07  2.96E-07  8.23E-07  1.19E-06  1.24E-06  9.69E-07
  5.40E-07  3.90E-07  2.16E-07  1.33E-07  9.14E-08  7.86E-08  6.13E-08  4.44E-08
  4.15E-08  3.31E-08  2.82E-08  2.23E-08  1.92E-08  1.76E-08  1.43E-08  1.29E-08
  1.08E-08  1.03E-08  8.76E-09  7.62E-09  6.80E-09  6.08E-09  5.29E-09  5.00E-09
  4.36E-09  4.25E-09  3.90E-09  3.40E-09  3.29E-09  2.87E-09  2.70E-09  2.43E-09
  2.35E-09  2.19E-09  2.03E-09  1.94E-09  1.78E-09  1.68E-09  1.49E-09  1.42E-09
  1.38E-09  1.30E-09  1.22E-09  1.14E-09  1.10E-09  1.02E-09  9.33E-10  9.14E-10
  8.64E-10  8.26E-10  7.72E-10  7.22E-10  7.21E-10  6.55E-10  6.36E-10  6.14E-10
  5.84E-10  5.62E-10  5.21E-10  5.14E-10  4.76E-10  4.56E-10  4.30E-10  4.16E-10
  4.05E-10  3.84E-10  3.81E-10  3.52E-10  3.52E-10  3.25E-10  3.20E-10  3.06E-10
  2.88E-10  2.86E-10  2.72E-10  2.69E-10  2.52E-10  2.49E-10  2.38E-10  2.28E-10
  2.23E-10  2.15E-10  2.10E-10  1.98E-10  1.91E-10  1.87E-10  1.82E-10  1.75E-10
  1.67E-10  1.64E-10  1.62E-10  1.53E-10  1.52E-10  1.46E-10  1.41E-10  1.36E-10
  1.31E-10  1.31E-10  1.24E-10  1.21E-10  1.18E-10  1.16E-10  1.11E-10  1.07E-10
  1.06E-10  1.02E-10  9.94E-11  9.54E-11  9.56E-11  9.21E-11  8.87E-11  8.61E-11
  8.45E-11  8.37E-11  7.95E-11  7.81E-11  7.55E-11  7.47E-11  7.24E-11  6.98E-11
  6.78E-11  6.68E-11  6.51E-11  6.33E-11  6.24E-11  6.00E-11  5.96E-11  5.72E-11
  5.65E-11  5.58E-11  5.40E-11  5.22E-11  5.15E-11  5.04E-11  4.88E-11  4.73E-11
  4.65E-11  4.58E-11  4.46E-11  4.32E-11  4.24E-11  4.18E-11  4.06E-11  3.91E-11
  3.89E-11  3.73E-11  3.71E-11  3.59E-11  3.53E-11  3.47E-11  3.37E-11  3.31E-11
  3.25E-11  3.18E-11  3.07E-11  3.03E-11  2.94E-11  2.93E-11  2.83E-11  2.77E-11
  2.70E-11  2.66E-11  2.62E-11  2.54E-11  2.49E-11  2.44E-11  2.39E-11  2.31E-11
  2.28E-11  2.26E-11  2.21E-11  2.16E-11  2.11E-11  2.07E-11  2.01E-11  1.97E-11
  1.94E-11  1.89E-11  1.88E-11  1.83E-11  1.81E-11  1.75E-11  1.71E-11  1.70E-11
  1.64E-11  1.63E-11  1.59E-11  1.55E-11  1.54E-11  1.49E-11  1.47E-11  1.43E-11
  1.42E-11  1.39E-11  1.37E-11  1.32E-11  1.30E-11  1.28E-11  1.25E-11  1.24E-11
  1.21E-11  1.19E-11  1.15E-11  1.14E-11  1.11E-11  1.10E-11  1.08E-11  1.05E-11
  1.03E-11  1.01E-11  9.89E-12  9.74E-12  9.53E-12  9.49E-12  9.13E-12  9.04E-12
  8.87E-12  8.79E-12  8.58E-12  8.27E-12  8.26E-12  8.08E-12  7.97E-12  7.77E-12
  7.68E-12  7.49E-12  7.47E-12  7.18E-12  7.07E-12  6.98E-12  6.86E-12  6.68E-12
  6.59E-12  6.45E-12  6.37E-12  6.23E-12  6.08E-12  6.04E-12  5.88E-12  5.82E-12
  5.72E-12  5.60E-12  5.46E-12  5.38E-12  5.26E-12  5.19E-12  5.11E-12  5.02E-12
  4.94E-12  4.82E-12  4.76E-12  4.66E-12  4.60E-12  4.53E-12  4.41E-12  4.36E-12
  4.26E-12  4.19E-12  4.13E-12  4.04E-12  3.97E-12  3.92E-12  3.81E-12  3.77E-12
  3.71E-12  3.64E-12  3.59E-12  3.50E-12  3.45E-12  3.41E-12  3.35E-12  3.26E-12
  3.26E-12  3.18E-12  3.10E-12  3.05E-12  3.00E-12  2.96E-12  2.90E-12  2.87E-12
  2.81E-12  2.76E-12  2.72E-12  2.67E-12  2.63E-12  2.56E-12  2.55E-12  2.47E-12
  2.46E-12  2.41E-12  2.36E-12  2.33E-12  2.27E-12  2.25E-12  2.21E-12  2.17E-12
  2.14E-12  2.09E-12  2.06E-12  2.03E-12  2.00E-12  1.96E-12  1.93E-12  1.91E-12
  1.88E-12  1.83E-12  1.80E-12  1.77E-12  1.74E-12  1.70E-12  1.70E-12  1.65E-12
  1.63E-12  1.60E-12  1.57E-12  1.54E-12  1.53E-12  1.50E-12  1.47E-12  1.44E-12
  1.42E-12  1.39E-12  1.38E-12  1.36E-12  1.33E-12  1.31E-12  1.28E-12  1.28E-12
  1.25E-12  1.23E-12  1.20E-12  1.18E-12  1.16E-12  1.15E-12  1.13E-12  1.11E-12
  1.09E-12  1.08E-12  1.05E-12  1.03E-12  1.02E-12  1.01E-12  9.87E-13  9.65E-13
  9.56E-13  9.38E-13  9.27E-13  9.09E-13  8.97E-13  8.81E-13  8.53E-13  8.52E-13
  8.36E-13  8.33E-13  8.11E-13  7.93E-13  7.82E-13  7.75E-13  7.65E-13  7.48E-13
  7.32E-13  7.31E-13  7.15E-13  7.03E-13  6.92E-13  6.78E-13  6.65E-13  6.60E-13
  6.45E-13  6.40E-13  6.30E-13  6.17E-13  6.04E-13  6.01E-13  5.87E-13  5.76E-13
  5.68E-13  5.65E-13  5.53E-13  5.41E-13  5.34E-13  5.27E-13  5.17E-13  5.07E-13
  4.94E-13  4.91E-13  4.82E-13  4.72E-13  4.66E-13  4.62E-13  4.53E-13  4.48E-13
  4.44E-13  4.30E-13  4.23E-13  4.17E-13  4.08E-13  4.08E-13  3.98E-13  3.92E-13
  3.84E-13  3.77E-13  3.72E-13  3.64E-13  3.60E-13  3.51E-13  3.45E-13  3.43E-13
  3.37E-13  3.33E-13  3.24E-13  3.21E-13  3.15E-13  3.14E-13  3.05E-13  2.97E-13
  2.96E-13  2.92E-13  2.86E-13  2.80E-13  2.76E-13  2.72E-13  2.67E-13  2.62E-13
  2.58E-13  2.55E-13  2.52E-13  2.44E-13  2.42E-13  2.38E-13  2.33E-13  2.28E-13
  2.25E-13  2.24E-13  2.17E-13  2.12E-13  2.09E-13  2.08E-13  2.02E-13  2.00E-13
  1.98E-13  1.92E-13  1.90E-13  1.86E-13  1.84E-13  1.80E-13  1.78E-13  1.74E-13
  1.71E-13  1.67E-13  1.65E-13  1.60E-13  1.60E-13  1.56E-13  1.54E-13  1.51E-13
  1.48E-13  1.47E-13  1.42E-13  1.40E-13  1.39E-13  1.36E-13  1.34E-13  1.31E-13
  1.29E-13  1.26E-13  1.24E-13  1.21E-13  1.19E-13  1.18E-13  1.15E-13  1.13E-13
  1.11E-13  1.09E-13  1.07E-13  1.06E-13  1.04E-13  1.01E-13  9.97E-14  9.74E-14
  9.58E-14  9.32E-14  9.21E-14  9.02E-14  8.91E-14  8.71E-14  8.54E-14  8.32E-14
  8.20E-14  8.03E-14  7.87E-14  7.64E-14  7.56E-14  7.49E-14  7.33E-14  7.12E-14
  7.00E-14  6.86E-14  6.77E-14  6.61E-14  6.49E-14  6.30E-14  6.22E-14  6.10E-14
  5.92E-14  5.80E-14  5.74E-14  5.64E-14  5.52E-14  5.33E-14  5.24E-14  5.11E-14
  5.02E-14  4.95E-14  4.84E-14  4.77E-14  4.64E-14  4.50E-14  4.47E-14  4.37E-14
  4.29E-14  4.17E-14  4.13E-14  4.03E-14  3.95E-14  3.85E-14  3.77E-14  3.66E-14
  3.61E-14  3.54E-14  3.47E-14  3.38E-14  3.29E-14  3.22E-14  3.21E-14  3.08E-14
  3.03E-14  3.01E-14  2.88E-14  2.86E-14  2.77E-14  2.71E-14  2.65E-14  2.61E-14
  2.54E-14  2.47E-14  2.42E-14  2.37E-14  2.30E-14  2.25E-14  2.20E-14  2.15E-14
  2.11E-14  2.08E-14  2.03E-14  1.96E-14  1.92E-14  1.89E-14  1.84E-14  1.78E-14
  1.77E-14  1.72E-14  1.69E-14  1.65E-14  1.60E-14  1.56E-14  1.52E-14  1.47E-14
   1.0600516195420226     
  2.80E-27  1.19E-08  1.12E-07  3.30E-07  8.95E-07  1.26E-06  1.27E-06  9.32E-07
  4.89E-07  3.41E-07  1.87E-07  1.19E-07  8.39E-08  7.49E-08  5.93E-08  4.28E-08
  3.97E-08  3.10E-08  2.64E-08  2.07E-08  1.82E-08  1.64E-08  1.34E-08  1.19E-08
  1.00E-08  9.22E-09  7.86E-09  6.83E-09  6.14E-09  5.71E-09  4.87E-09  4.57E-09
  4.02E-09  3.80E-09  3.45E-09  3.12E-09  2.95E-09  2.59E-09  2.42E-09  2.16E-09
  2.06E-09  1.94E-09  1.77E-09  1.73E-09  1.56E-09  1.52E-09  1.33E-09  1.25E-09
  1.21E-09  1.16E-09  1.08E-09  9.99E-10  9.57E-10  9.06E-10  8.42E-10  7.84E-10
  7.55E-10  7.38E-10  6.76E-10  6.36E-10  6.17E-10  5.86E-10  5.55E-10  5.22E-10
  5.09E-10  5.01E-10  4.52E-10  4.40E-10  4.17E-10  4.08E-10  3.82E-10  3.63E-10
  3.53E-10  3.36E-10  3.24E-10  3.09E-10  2.97E-10  2.87E-10  2.79E-10  2.67E-10
  2.56E-10  2.49E-10  2.37E-10  2.27E-10  2.16E-10  2.13E-10  2.01E-10  1.97E-10
  1.91E-10  1.81E-10  1.78E-10  1.70E-10  1.66E-10  1.58E-10  1.55E-10  1.48E-10
  1.46E-10  1.40E-10  1.37E-10  1.31E-10  1.28E-10  1.23E-10  1.21E-10  1.18E-10
  1.12E-10  1.10E-10  1.05E-10  1.02E-10  9.93E-11  9.79E-11  9.33E-11  9.02E-11
  8.78E-11  8.74E-11  8.41E-11  8.24E-11  8.06E-11  7.66E-11  7.43E-11  7.27E-11
  7.01E-11  6.90E-11  6.79E-11  6.46E-11  6.26E-11  6.22E-11  5.91E-11  5.91E-11
  5.75E-11  5.58E-11  5.39E-11  5.28E-11  5.20E-11  5.04E-11  4.84E-11  4.79E-11
  4.66E-11  4.49E-11  4.41E-11  4.28E-11  4.22E-11  4.12E-11  4.02E-11  3.85E-11
  3.82E-11  3.76E-11  3.67E-11  3.56E-11  3.47E-11  3.38E-11  3.31E-11  3.29E-11
  3.19E-11  3.14E-11  3.05E-11  2.91E-11  2.89E-11  2.82E-11  2.75E-11  2.72E-11
  2.64E-11  2.59E-11  2.53E-11  2.48E-11  2.38E-11  2.40E-11  2.29E-11  2.27E-11
  2.23E-11  2.17E-11  2.14E-11  2.07E-11  2.01E-11  1.97E-11  1.95E-11  1.90E-11
  1.87E-11  1.82E-11  1.79E-11  1.75E-11  1.70E-11  1.68E-11  1.64E-11  1.61E-11
  1.56E-11  1.56E-11  1.50E-11  1.47E-11  1.47E-11  1.41E-11  1.39E-11  1.37E-11
  1.34E-11  1.30E-11  1.28E-11  1.24E-11  1.24E-11  1.21E-11  1.18E-11  1.16E-11
  1.14E-11  1.13E-11  1.10E-11  1.06E-11  1.05E-11  1.04E-11  1.00E-11  9.92E-12
  9.64E-12  9.49E-12  9.24E-12  9.18E-12  8.91E-12  8.75E-12  8.59E-12  8.34E-12
  8.30E-12  8.13E-12  7.94E-12  7.78E-12  7.66E-12  7.60E-12  7.36E-12  7.27E-12
  7.08E-12  6.91E-12  6.81E-12  6.68E-12  6.62E-12  6.52E-12  6.29E-12  6.17E-12
  6.09E-12  5.98E-12  5.84E-12  5.71E-12  5.66E-12  5.56E-12  5.37E-12  5.31E-12
  5.24E-12  5.14E-12  5.00E-12  4.91E-12  4.87E-12  4.80E-12  4.70E-12  4.64E-12
  4.54E-12  4.44E-12  4.32E-12  4.27E-12  4.21E-12  4.12E-12  4.06E-12  3.95E-12
  3.93E-12  3.82E-12  3.76E-12  3.66E-12  3.63E-12  3.58E-12  3.53E-12  3.44E-12
  3.36E-12  3.32E-12  3.26E-12  3.18E-12  3.12E-12  3.10E-12  3.03E-12  2.97E-12
  2.95E-12  2.87E-12  2.80E-12  2.76E-12  2.71E-12  2.68E-12  2.60E-12  2.57E-12
  2.56E-12  2.47E-12  2.46E-12  2.40E-12  2.35E-12  2.32E-12  2.26E-12  2.23E-12
  2.18E-12  2.17E-12  2.12E-12  2.10E-12  2.05E-12  2.01E-12  1.98E-12  1.95E-12
  1.91E-12  1.89E-12  1.85E-12  1.81E-12  1.79E-12  1.77E-12  1.74E-12  1.71E-12
  1.66E-12  1.64E-12  1.60E-12  1.57E-12  1.54E-12  1.53E-12  1.51E-12  1.48E-12
  1.46E-12  1.42E-12  1.40E-12  1.37E-12  1.35E-12  1.33E-12  1.32E-12  1.28E-12
  1.26E-12  1.25E-12  1.23E-12  1.20E-12  1.19E-12  1.17E-12  1.15E-12  1.12E-12
  1.11E-12  1.10E-12  1.06E-12  1.05E-12  1.04E-12  1.03E-12  9.99E-13  9.90E-13
  9.69E-13  9.56E-13  9.46E-13  9.15E-13  9.07E-13  8.89E-13  8.81E-13  8.61E-13
  8.53E-13  8.41E-13  8.20E-13  8.09E-13  7.99E-13  7.85E-13  7.70E-13  7.47E-13
  7.44E-13  7.27E-13  7.21E-13  7.00E-13  6.97E-13  6.85E-13  6.70E-13  6.68E-13
  6.54E-13  6.45E-13  6.26E-13  6.16E-13  6.12E-13  6.00E-13  5.85E-13  5.78E-13
  5.70E-13  5.68E-13  5.52E-13  5.40E-13  5.32E-13  5.27E-13  5.19E-13  5.06E-13
  5.01E-13  4.94E-13  4.79E-13  4.70E-13  4.68E-13  4.63E-13  4.51E-13  4.40E-13
  4.36E-13  4.31E-13  4.21E-13  4.17E-13  4.11E-13  4.01E-13  3.98E-13  3.89E-13
  3.80E-13  3.76E-13  3.69E-13  3.62E-13  3.58E-13  3.55E-13  3.45E-13  3.42E-13
  3.39E-13  3.30E-13  3.23E-13  3.20E-13  3.11E-13  3.08E-13  3.03E-13  2.98E-13
  2.91E-13  2.87E-13  2.85E-13  2.78E-13  2.75E-13  2.69E-13  2.64E-13  2.60E-13
  2.54E-13  2.51E-13  2.48E-13  2.43E-13  2.39E-13  2.34E-13  2.30E-13  2.27E-13
  2.24E-13  2.18E-13  2.16E-13  2.13E-13  2.08E-13  2.05E-13  2.02E-13  1.96E-13
  1.95E-13  1.91E-13  1.90E-13  1.84E-13  1.81E-13  1.79E-13  1.75E-13  1.71E-13
  1.68E-13  1.67E-13  1.60E-13  1.60E-13  1.57E-13  1.55E-13  1.51E-13  1.49E-13
  1.47E-13  1.45E-13  1.41E-13  1.38E-13  1.37E-13  1.35E-13  1.31E-13  1.28E-13
  1.27E-13  1.24E-13  1.22E-13  1.21E-13  1.19E-13  1.16E-13  1.14E-13  1.12E-13
  1.10E-13  1.07E-13  1.05E-13  1.03E-13  1.02E-13  9.97E-14  9.73E-14  9.54E-14
  9.51E-14  9.23E-14  9.10E-14  8.82E-14  8.66E-14  8.52E-14  8.36E-14  8.15E-14
  8.07E-14  7.87E-14  7.70E-14  7.58E-14  7.46E-14  7.37E-14  7.15E-14  7.03E-14
  6.82E-14  6.80E-14  6.64E-14  6.38E-14  6.40E-14  6.21E-14  6.12E-14  5.91E-14
  5.84E-14  5.81E-14  5.61E-14  5.49E-14  5.40E-14  5.25E-14  5.18E-14  5.03E-14
  4.95E-14  4.87E-14  4.70E-14  4.59E-14  4.53E-14  4.40E-14  4.32E-14  4.23E-14
  4.14E-14  4.06E-14  3.99E-14  3.91E-14  3.81E-14  3.77E-14  3.68E-14  3.52E-14
  3.49E-14  3.42E-14  3.31E-14  3.26E-14  3.17E-14  3.12E-14  3.04E-14  2.93E-14
  2.92E-14  2.87E-14  2.76E-14  2.73E-14  2.63E-14  2.56E-14  2.53E-14  2.43E-14
  2.38E-14  2.34E-14  2.29E-14  2.20E-14  2.17E-14  2.14E-14  2.05E-14  2.02E-14
  1.99E-14  1.93E-14  1.87E-14  1.81E-14  1.80E-14  1.74E-14  1.68E-14  1.64E-14
  1.60E-14  1.59E-14  1.51E-14  1.48E-14  1.44E-14  1.42E-14  1.38E-14  1.32E-14
  1.32E-14  1.30E-14  1.27E-14  1.20E-14  1.20E-14  1.14E-14  1.09E-14  1.07E-14
  1.08E-14  1.02E-14  9.82E-15  9.42E-15  9.48E-15  9.08E-15  9.13E-15  8.62E-15
   1.0700513796631765     
 -3.36E-27  1.28E-08  1.23E-07  3.67E-07  9.66E-07  1.32E-06  1.27E-06  8.84E-07
  4.42E-07  3.03E-07  1.69E-07  1.10E-07  8.16E-08  7.22E-08  5.66E-08  4.08E-08
  3.76E-08  2.90E-08  2.41E-08  1.94E-08  1.72E-08  1.52E-08  1.27E-08  1.08E-08
  9.33E-09  8.45E-09  7.21E-09  6.36E-09  5.66E-09  5.20E-09  4.54E-09  4.15E-09
  3.63E-09  3.48E-09  3.14E-09  2.83E-09  2.69E-09  2.38E-09  2.16E-09  1.93E-09
  1.93E-09  1.80E-09  1.62E-09  1.52E-09  1.40E-09  1.32E-09  1.20E-09  1.12E-09
  1.08E-09  1.04E-09  9.54E-10  8.84E-10  8.26E-10  8.13E-10  7.45E-10  6.84E-10
  6.68E-10  6.41E-10  5.93E-10  5.84E-10  5.47E-10  5.15E-10  4.91E-10  4.57E-10
  4.47E-10  4.32E-10  4.01E-10  3.98E-10  3.58E-10  3.53E-10  3.34E-10  3.18E-10
  3.15E-10  2.91E-10  2.85E-10  2.73E-10  2.61E-10  2.53E-10  2.42E-10  2.29E-10
  2.22E-10  2.18E-10  2.07E-10  1.98E-10  1.92E-10  1.84E-10  1.74E-10  1.69E-10
  1.65E-10  1.61E-10  1.54E-10  1.49E-10  1.44E-10  1.38E-10  1.35E-10  1.28E-10
  1.23E-10  1.21E-10  1.18E-10  1.09E-10  1.10E-10  1.06E-10  1.03E-10  9.79E-11
  9.43E-11  9.43E-11  9.06E-11  8.77E-11  8.49E-11  8.35E-11  7.91E-11  7.59E-11
  7.56E-11  7.31E-11  7.08E-11  6.89E-11  6.56E-11  6.55E-11  6.18E-11  6.07E-11
  6.02E-11  5.94E-11  5.59E-11  5.53E-11  5.32E-11  5.27E-11  4.95E-11  4.94E-11
  4.83E-11  4.66E-11  4.59E-11  4.39E-11  4.34E-11  4.22E-11  4.15E-11  3.98E-11
  3.94E-11  3.86E-11  3.71E-11  3.61E-11  3.55E-11  3.45E-11  3.43E-11  3.22E-11
  3.20E-11  3.14E-11  3.07E-11  3.03E-11  2.91E-11  2.84E-11  2.77E-11  2.69E-11
  2.63E-11  2.57E-11  2.50E-11  2.42E-11  2.44E-11  2.35E-11  2.30E-11  2.25E-11
  2.18E-11  2.18E-11  2.09E-11  2.06E-11  1.97E-11  1.96E-11  1.87E-11  1.86E-11
  1.83E-11  1.78E-11  1.75E-11  1.69E-11  1.66E-11  1.62E-11  1.60E-11  1.56E-11
  1.54E-11  1.48E-11  1.47E-11  1.44E-11  1.40E-11  1.37E-11  1.33E-11  1.31E-11
  1.28E-11  1.26E-11  1.22E-11  1.21E-11  1.18E-11  1.15E-11  1.13E-11  1.11E-11
  1.09E-11  1.06E-11  1.04E-11  1.02E-11  1.01E-11  9.76E-12  9.52E-12  9.43E-12
  9.13E-12  9.03E-12  8.89E-12  8.68E-12  8.53E-12  8.43E-12  8.04E-12  7.95E-12
  7.90E-12  7.67E-12  7.51E-12  7.38E-12  7.21E-12  7.17E-12  6.97E-12  6.73E-12
  6.77E-12  6.56E-12  6.44E-12  6.29E-12  6.21E-12  6.08E-12  5.86E-12  5.82E-12
  5.61E-12  5.63E-12  5.47E-12  5.35E-12  5.33E-12  5.22E-12  5.08E-12  4.98E-12
  4.91E-12  4.82E-12  4.69E-12  4.63E-12  4.51E-12  4.48E-12  4.31E-12  4.30E-12
  4.20E-12  4.15E-12  4.05E-12  3.92E-12  3.88E-12  3.80E-12  3.73E-12  3.62E-12
  3.59E-12  3.56E-12  3.46E-12  3.43E-12  3.37E-12  3.29E-12  3.21E-12  3.17E-12
  3.11E-12  3.06E-12  3.00E-12  2.95E-12  2.89E-12  2.85E-12  2.81E-12  2.70E-12
  2.67E-12  2.64E-12  2.61E-12  2.53E-12  2.52E-12  2.47E-12  2.40E-12  2.36E-12
  2.33E-12  2.29E-12  2.24E-12  2.20E-12  2.17E-12  2.13E-12  2.10E-12  2.03E-12
  2.03E-12  1.99E-12  1.94E-12  1.91E-12  1.87E-12  1.84E-12  1.82E-12  1.78E-12
  1.76E-12  1.74E-12  1.69E-12  1.67E-12  1.63E-12  1.61E-12  1.58E-12  1.54E-12
  1.53E-12  1.51E-12  1.47E-12  1.45E-12  1.41E-12  1.41E-12  1.38E-12  1.34E-12
  1.32E-12  1.30E-12  1.28E-12  1.24E-12  1.23E-12  1.21E-12  1.19E-12  1.17E-12
  1.15E-12  1.12E-12  1.12E-12  1.09E-12  1.08E-12  1.06E-12  1.05E-12  1.01E-12
  1.00E-12  9.92E-13  9.65E-13  9.49E-13  9.32E-13  9.24E-13  9.06E-13  8.92E-13
  8.67E-13  8.57E-13  8.49E-13  8.34E-13  8.12E-13  8.06E-13  7.89E-13  7.77E-13
  7.60E-13  7.48E-13  7.31E-13  7.18E-13  7.24E-13  7.03E-13  6.87E-13  6.75E-13
  6.68E-13  6.59E-13  6.44E-13  6.34E-13  6.21E-13  6.08E-13  6.00E-13  5.86E-13
  5.85E-13  5.67E-13  5.61E-13  5.52E-13  5.42E-13  5.30E-13  5.22E-13  5.15E-13
  5.07E-13  4.98E-13  4.86E-13  4.82E-13  4.73E-13  4.65E-13  4.61E-13  4.48E-13
  4.41E-13  4.35E-13  4.29E-13  4.16E-13  4.13E-13  4.06E-13  4.03E-13  3.90E-13
  3.85E-13  3.79E-13  3.75E-13  3.68E-13  3.65E-13  3.56E-13  3.50E-13  3.44E-13
  3.36E-13  3.33E-13  3.27E-13  3.16E-13  3.17E-13  3.08E-13  3.04E-13  2.96E-13
  2.93E-13  2.91E-13  2.84E-13  2.79E-13  2.76E-13  2.69E-13  2.65E-13  2.59E-13
  2.57E-13  2.51E-13  2.49E-13  2.43E-13  2.39E-13  2.36E-13  2.30E-13  2.26E-13
  2.23E-13  2.19E-13  2.17E-13  2.10E-13  2.08E-13  2.05E-13  2.01E-13  1.97E-13
  1.93E-13  1.91E-13  1.88E-13  1.86E-13  1.82E-13  1.77E-13  1.75E-13  1.71E-13
  1.69E-13  1.66E-13  1.61E-13  1.61E-13  1.57E-13  1.56E-13  1.52E-13  1.49E-13
  1.47E-13  1.43E-13  1.41E-13  1.38E-13  1.36E-13  1.34E-13  1.31E-13  1.29E-13
  1.26E-13  1.25E-13  1.22E-13  1.19E-13  1.17E-13  1.16E-13  1.12E-13  1.12E-13
  1.09E-13  1.08E-13  1.06E-13  1.01E-13  9.97E-14  9.84E-14  9.73E-14  9.50E-14
  9.41E-14  9.21E-14  8.93E-14  8.84E-14  8.67E-14  8.49E-14  8.39E-14  8.20E-14
  7.99E-14  7.83E-14  7.63E-14  7.54E-14  7.36E-14  7.21E-14  7.08E-14  7.02E-14
  6.87E-14  6.70E-14  6.63E-14  6.38E-14  6.35E-14  6.14E-14  5.98E-14  5.92E-14
  5.73E-14  5.67E-14  5.59E-14  5.39E-14  5.36E-14  5.15E-14  5.07E-14  4.98E-14
  4.86E-14  4.79E-14  4.69E-14  4.58E-14  4.44E-14  4.46E-14  4.30E-14  4.17E-14
  4.08E-14  4.04E-14  3.93E-14  3.83E-14  3.76E-14  3.66E-14  3.58E-14  3.47E-14
  3.45E-14  3.34E-14  3.28E-14  3.24E-14  3.14E-14  3.05E-14  2.99E-14  2.84E-14
  2.85E-14  2.76E-14  2.67E-14  2.61E-14  2.57E-14  2.53E-14  2.43E-14  2.41E-14
  2.29E-14  2.28E-14  2.22E-14  2.18E-14  2.10E-14  2.06E-14  2.01E-14  1.97E-14
  1.92E-14  1.85E-14  1.82E-14  1.77E-14  1.74E-14  1.64E-14  1.63E-14  1.60E-14
  1.54E-14  1.51E-14  1.47E-14  1.43E-14  1.41E-14  1.31E-14  1.30E-14  1.26E-14
  1.22E-14  1.20E-14  1.19E-14  1.12E-14  1.13E-14  1.06E-14  1.03E-14  9.95E-15
  9.94E-15  9.14E-15  9.29E-15  8.85E-15  8.51E-15  8.27E-15  8.01E-15  7.99E-15
  7.54E-15  7.29E-15  7.13E-15  6.68E-15  6.52E-15  6.32E-15  6.17E-15  5.97E-15
  5.81E-15  5.44E-15  5.42E-15  5.07E-15  4.81E-15  4.77E-15  4.36E-15  4.20E-15
   1.0800455397719206     
  1.21E-26  1.39E-08  1.34E-07  4.05E-07  1.04E-06  1.37E-06  1.26E-06  8.31E-07
  4.03E-07  2.74E-07  1.56E-07  1.04E-07  8.10E-08  6.91E-08  5.33E-08  3.86E-08
  3.54E-08  2.71E-08  2.23E-08  1.81E-08  1.61E-08  1.41E-08  1.20E-08  9.73E-09
  8.70E-09  7.94E-09  6.78E-09  5.91E-09  5.15E-09  4.84E-09  4.22E-09  3.81E-09
  3.41E-09  3.21E-09  2.87E-09  2.62E-09  2.42E-09  2.24E-09  1.99E-09  1.81E-09
  1.74E-09  1.63E-09  1.48E-09  1.38E-09  1.27E-09  1.20E-09  1.10E-09  1.03E-09
  9.75E-10  9.44E-10  8.61E-10  7.84E-10  7.51E-10  7.11E-10  6.68E-10  6.11E-10
  6.02E-10  5.83E-10  5.41E-10  5.13E-10  4.83E-10  4.52E-10  4.36E-10  4.07E-10
  3.90E-10  3.79E-10  3.54E-10  3.49E-10  3.28E-10  3.09E-10  2.95E-10  2.77E-10
  2.76E-10  2.58E-10  2.54E-10  2.35E-10  2.31E-10  2.19E-10  2.12E-10  1.98E-10
  1.95E-10  1.91E-10  1.80E-10  1.71E-10  1.66E-10  1.62E-10  1.49E-10  1.46E-10
  1.44E-10  1.38E-10  1.32E-10  1.27E-10  1.23E-10  1.19E-10  1.13E-10  1.10E-10
  1.09E-10  1.05E-10  9.96E-11  9.73E-11  9.35E-11  9.27E-11  8.80E-11  8.57E-11
  8.16E-11  8.11E-11  7.70E-11  7.59E-11  7.23E-11  7.12E-11  6.85E-11  6.56E-11
  6.40E-11  6.33E-11  6.06E-11  5.79E-11  5.72E-11  5.57E-11  5.39E-11  5.17E-11
  5.22E-11  4.97E-11  4.87E-11  4.72E-11  4.48E-11  4.46E-11  4.20E-11  4.16E-11
  4.02E-11  4.00E-11  3.85E-11  3.72E-11  3.68E-11  3.55E-11  3.45E-11  3.37E-11
  3.31E-11  3.21E-11  3.13E-11  3.01E-11  3.00E-11  2.91E-11  2.82E-11  2.71E-11
  2.69E-11  2.59E-11  2.58E-11  2.47E-11  2.42E-11  2.40E-11  2.32E-11  2.22E-11
  2.19E-11  2.16E-11  2.09E-11  2.03E-11  2.02E-11  1.98E-11  1.92E-11  1.84E-11
  1.83E-11  1.78E-11  1.72E-11  1.70E-11  1.63E-11  1.63E-11  1.59E-11  1.55E-11
  1.49E-11  1.48E-11  1.45E-11  1.41E-11  1.39E-11  1.33E-11  1.30E-11  1.28E-11
  1.25E-11  1.24E-11  1.20E-11  1.18E-11  1.16E-11  1.13E-11  1.11E-11  1.09E-11
  1.05E-11  1.04E-11  1.03E-11  9.89E-12  9.70E-12  9.31E-12  9.15E-12  9.17E-12
  8.86E-12  8.77E-12  8.46E-12  8.30E-12  8.19E-12  8.00E-12  7.80E-12  7.61E-12
  7.49E-12  7.28E-12  7.19E-12  6.99E-12  6.88E-12  6.79E-12  6.60E-12  6.58E-12
  6.31E-12  6.27E-12  6.24E-12  6.01E-12  5.85E-12  5.75E-12  5.67E-12  5.50E-12
  5.45E-12  5.29E-12  5.19E-12  5.16E-12  4.99E-12  4.98E-12  4.80E-12  4.73E-12
  4.54E-12  4.54E-12  4.43E-12  4.36E-12  4.36E-12  4.21E-12  4.15E-12  4.03E-12
  4.01E-12  3.92E-12  3.82E-12  3.69E-12  3.63E-12  3.66E-12  3.49E-12  3.45E-12
  3.37E-12  3.31E-12  3.26E-12  3.21E-12  3.11E-12  3.07E-12  3.05E-12  2.96E-12
  2.90E-12  2.86E-12  2.81E-12  2.78E-12  2.71E-12  2.63E-12  2.62E-12  2.56E-12
  2.53E-12  2.48E-12  2.42E-12  2.41E-12  2.34E-12  2.29E-12  2.24E-12  2.23E-12
  2.19E-12  2.13E-12  2.07E-12  2.07E-12  2.02E-12  1.97E-12  1.92E-12  1.92E-12
  1.88E-12  1.83E-12  1.80E-12  1.77E-12  1.72E-12  1.72E-12  1.68E-12  1.63E-12
  1.62E-12  1.60E-12  1.56E-12  1.54E-12  1.49E-12  1.50E-12  1.45E-12  1.44E-12
  1.41E-12  1.39E-12  1.37E-12  1.34E-12  1.31E-12  1.29E-12  1.27E-12  1.23E-12
  1.22E-12  1.18E-12  1.18E-12  1.16E-12  1.14E-12  1.11E-12  1.10E-12  1.07E-12
  1.05E-12  1.04E-12  1.02E-12  9.98E-13  9.83E-13  9.74E-13  9.59E-13  9.35E-13
  9.11E-13  9.05E-13  8.83E-13  8.72E-13  8.57E-13  8.34E-13  8.33E-13  8.12E-13
  7.89E-13  7.84E-13  7.67E-13  7.48E-13  7.50E-13  7.29E-13  7.21E-13  7.06E-13
  6.87E-13  6.72E-13  6.65E-13  6.55E-13  6.37E-13  6.38E-13  6.18E-13  6.15E-13
  6.04E-13  5.93E-13  5.87E-13  5.66E-13  5.68E-13  5.60E-13  5.45E-13  5.34E-13
  5.26E-13  5.25E-13  5.11E-13  5.02E-13  4.90E-13  4.88E-13  4.75E-13  4.62E-13
  4.67E-13  4.55E-13  4.41E-13  4.35E-13  4.29E-13  4.24E-13  4.12E-13  4.11E-13
  3.96E-13  3.91E-13  3.82E-13  3.80E-13  3.75E-13  3.70E-13  3.63E-13  3.55E-13
  3.53E-13  3.45E-13  3.38E-13  3.31E-13  3.22E-13  3.21E-13  3.14E-13  3.08E-13
  3.03E-13  2.98E-13  2.92E-13  2.89E-13  2.83E-13  2.83E-13  2.74E-13  2.69E-13
  2.63E-13  2.57E-13  2.56E-13  2.52E-13  2.46E-13  2.42E-13  2.38E-13  2.34E-13
  2.26E-13  2.27E-13  2.22E-13  2.17E-13  2.15E-13  2.07E-13  2.05E-13  2.03E-13
  2.01E-13  1.96E-13  1.92E-13  1.88E-13  1.84E-13  1.83E-13  1.77E-13  1.76E-13
  1.74E-13  1.72E-13  1.69E-13  1.64E-13  1.61E-13  1.56E-13  1.55E-13  1.54E-13
  1.50E-13  1.47E-13  1.44E-13  1.41E-13  1.38E-13  1.35E-13  1.34E-13  1.30E-13
  1.26E-13  1.27E-13  1.25E-13  1.22E-13  1.21E-13  1.17E-13  1.15E-13  1.13E-13
  1.11E-13  1.09E-13  1.07E-13  1.04E-13  1.03E-13  1.00E-13  9.91E-14  9.74E-14
  9.46E-14  9.37E-14  9.20E-14  8.98E-14  8.78E-14  8.63E-14  8.53E-14  8.25E-14
  8.24E-14  7.89E-14  7.88E-14  7.68E-14  7.51E-14  7.35E-14  7.18E-14  7.06E-14
  6.87E-14  6.78E-14  6.66E-14  6.54E-14  6.39E-14  6.19E-14  6.04E-14  6.05E-14
  5.86E-14  5.72E-14  5.59E-14  5.50E-14  5.41E-14  5.31E-14  5.15E-14  5.04E-14
  5.02E-14  4.88E-14  4.79E-14  4.64E-14  4.57E-14  4.45E-14  4.36E-14  4.28E-14
  4.18E-14  4.06E-14  4.04E-14  3.92E-14  3.83E-14  3.73E-14  3.65E-14  3.65E-14
  3.52E-14  3.40E-14  3.31E-14  3.19E-14  3.15E-14  3.12E-14  3.04E-14  2.92E-14
  2.88E-14  2.85E-14  2.74E-14  2.66E-14  2.64E-14  2.57E-14  2.45E-14  2.40E-14
  2.35E-14  2.26E-14  2.24E-14  2.17E-14  2.15E-14  2.07E-14  2.00E-14  1.98E-14
  1.97E-14  1.86E-14  1.78E-14  1.78E-14  1.74E-14  1.68E-14  1.60E-14  1.60E-14
  1.53E-14  1.46E-14  1.43E-14  1.43E-14  1.36E-14  1.31E-14  1.28E-14  1.24E-14
  1.23E-14  1.11E-14  1.13E-14  1.09E-14  1.06E-14  1.01E-14  9.97E-15  9.68E-15
  8.97E-15  9.00E-15  8.75E-15  8.26E-15  8.37E-15  7.81E-15  7.70E-15  7.11E-15
  6.57E-15  6.83E-15  6.27E-15  6.28E-15  5.98E-15  5.84E-15  5.44E-15  5.49E-15
  5.15E-15  4.91E-15  4.87E-15  4.34E-15  4.34E-15  3.97E-15  3.93E-15  3.54E-15
  3.51E-15  3.24E-15  3.24E-15  2.99E-15  2.68E-15  2.55E-15  2.63E-15  2.17E-15
  2.12E-15  2.28E-15  1.95E-15  1.81E-15  1.52E-15  1.62E-15  1.34E-15  1.32E-15
   1.0900758100531984     
 -1.23E-26  1.49E-08  1.45E-07  4.44E-07  1.10E-06  1.41E-06  1.25E-06  7.76E-07
  3.70E-07  2.54E-07  1.48E-07  9.92E-08  8.02E-08  6.52E-08  5.02E-08  3.65E-08
  3.35E-08  2.55E-08  2.11E-08  1.71E-08  1.49E-08  1.31E-08  1.12E-08  8.79E-09
  8.17E-09  7.43E-09  6.34E-09  5.54E-09  4.75E-09  4.53E-09  3.96E-09  3.51E-09
  3.18E-09  3.06E-09  2.62E-09  2.41E-09  2.22E-09  2.07E-09  1.86E-09  1.72E-09
  1.56E-09  1.49E-09  1.35E-09  1.32E-09  1.18E-09  1.13E-09  1.02E-09  9.27E-10
  9.09E-10  8.42E-10  7.83E-10  7.19E-10  6.94E-10  6.51E-10  6.05E-10  5.58E-10
  5.46E-10  5.26E-10  4.90E-10  4.48E-10  4.36E-10  4.10E-10  3.86E-10  3.62E-10
  3.49E-10  3.37E-10  3.22E-10  3.06E-10  2.90E-10  2.74E-10  2.60E-10  2.43E-10
  2.46E-10  2.30E-10  2.23E-10  2.07E-10  2.01E-10  1.97E-10  1.83E-10  1.78E-10
  1.72E-10  1.67E-10  1.61E-10  1.52E-10  1.42E-10  1.41E-10  1.36E-10  1.30E-10
  1.26E-10  1.20E-10  1.16E-10  1.12E-10  1.09E-10  1.05E-10  9.93E-11  9.57E-11
  9.51E-11  9.03E-11  8.71E-11  8.37E-11  8.22E-11  7.74E-11  7.64E-11  7.45E-11
  7.10E-11  7.09E-11  6.63E-11  6.37E-11  6.30E-11  6.24E-11  6.15E-11  5.62E-11
  5.45E-11  5.35E-11  5.24E-11  5.07E-11  4.97E-11  4.85E-11  4.67E-11  4.48E-11
  4.45E-11  4.27E-11  4.15E-11  4.03E-11  3.91E-11  3.86E-11  3.60E-11  3.54E-11
  3.48E-11  3.51E-11  3.24E-11  3.19E-11  3.18E-11  3.03E-11  2.93E-11  2.85E-11
  2.84E-11  2.72E-11  2.61E-11  2.58E-11  2.55E-11  2.45E-11  2.37E-11  2.29E-11
  2.27E-11  2.22E-11  2.14E-11  2.11E-11  2.04E-11  1.99E-11  1.93E-11  1.88E-11
  1.85E-11  1.83E-11  1.75E-11  1.73E-11  1.69E-11  1.65E-11  1.60E-11  1.54E-11
  1.53E-11  1.52E-11  1.47E-11  1.45E-11  1.38E-11  1.36E-11  1.31E-11  1.30E-11
  1.29E-11  1.22E-11  1.23E-11  1.17E-11  1.16E-11  1.15E-11  1.11E-11  1.08E-11
  1.08E-11  1.03E-11  1.01E-11  9.95E-12  9.68E-12  9.51E-12  9.29E-12  8.90E-12
  8.79E-12  8.59E-12  8.42E-12  8.34E-12  8.10E-12  7.82E-12  7.66E-12  7.56E-12
  7.49E-12  7.21E-12  7.19E-12  6.88E-12  6.80E-12  6.68E-12  6.55E-12  6.32E-12
  6.20E-12  6.19E-12  6.02E-12  5.85E-12  5.81E-12  5.58E-12  5.42E-12  5.42E-12
  5.26E-12  5.24E-12  5.13E-12  4.93E-12  4.87E-12  4.74E-12  4.72E-12  4.51E-12
  4.50E-12  4.45E-12  4.32E-12  4.29E-12  4.16E-12  4.06E-12  3.96E-12  3.95E-12
  3.81E-12  3.79E-12  3.72E-12  3.62E-12  3.50E-12  3.44E-12  3.38E-12  3.30E-12
  3.28E-12  3.19E-12  3.17E-12  3.02E-12  3.03E-12  2.92E-12  2.88E-12  2.86E-12
  2.77E-12  2.76E-12  2.67E-12  2.63E-12  2.59E-12  2.54E-12  2.50E-12  2.42E-12
  2.39E-12  2.34E-12  2.30E-12  2.28E-12  2.22E-12  2.19E-12  2.15E-12  2.08E-12
  2.09E-12  1.99E-12  1.97E-12  1.95E-12  1.89E-12  1.87E-12  1.84E-12  1.80E-12
  1.75E-12  1.74E-12  1.69E-12  1.65E-12  1.65E-12  1.62E-12  1.57E-12  1.55E-12
  1.52E-12  1.50E-12  1.48E-12  1.44E-12  1.41E-12  1.39E-12  1.36E-12  1.35E-12
  1.33E-12  1.29E-12  1.27E-12  1.26E-12  1.21E-12  1.21E-12  1.18E-12  1.17E-12
  1.14E-12  1.11E-12  1.10E-12  1.07E-12  1.07E-12  1.04E-12  1.03E-12  1.01E-12
  9.93E-13  9.77E-13  9.50E-13  9.43E-13  9.14E-13  9.16E-13  8.88E-13  8.80E-13
  8.45E-13  8.41E-13  8.37E-13  8.00E-13  8.04E-13  7.81E-13  7.70E-13  7.49E-13
  7.39E-13  7.20E-13  7.19E-13  7.09E-13  6.98E-13  6.76E-13  6.72E-13  6.50E-13
  6.42E-13  6.38E-13  6.20E-13  6.16E-13  6.01E-13  5.96E-13  5.85E-13  5.71E-13
  5.62E-13  5.51E-13  5.44E-13  5.28E-13  5.19E-13  5.05E-13  4.99E-13  4.88E-13
  4.81E-13  4.78E-13  4.75E-13  4.58E-13  4.51E-13  4.48E-13  4.38E-13  4.30E-13
  4.20E-13  4.15E-13  4.12E-13  4.01E-13  3.93E-13  3.90E-13  3.85E-13  3.69E-13
  3.72E-13  3.58E-13  3.50E-13  3.46E-13  3.40E-13  3.41E-13  3.25E-13  3.27E-13
  3.21E-13  3.17E-13  3.08E-13  3.03E-13  2.96E-13  2.94E-13  2.88E-13  2.84E-13
  2.76E-13  2.77E-13  2.68E-13  2.61E-13  2.58E-13  2.51E-13  2.49E-13  2.45E-13
  2.42E-13  2.40E-13  2.32E-13  2.29E-13  2.26E-13  2.21E-13  2.15E-13  2.12E-13
  2.08E-13  2.06E-13  2.00E-13  1.99E-13  1.96E-13  1.92E-13  1.86E-13  1.83E-13
  1.80E-13  1.76E-13  1.76E-13  1.70E-13  1.69E-13  1.63E-13  1.62E-13  1.57E-13
  1.55E-13  1.53E-13  1.48E-13  1.46E-13  1.45E-13  1.44E-13  1.41E-13  1.37E-13
  1.34E-13  1.33E-13  1.31E-13  1.28E-13  1.25E-13  1.22E-13  1.19E-13  1.17E-13
  1.14E-13  1.12E-13  1.11E-13  1.10E-13  1.08E-13  1.04E-13  1.03E-13  1.02E-13
  1.00E-13  9.83E-14  9.66E-14  9.48E-14  9.10E-14  9.05E-14  8.80E-14  8.68E-14
  8.51E-14  8.21E-14  8.08E-14  7.90E-14  7.79E-14  7.78E-14  7.46E-14  7.36E-14
  7.21E-14  7.08E-14  6.84E-14  6.76E-14  6.63E-14  6.65E-14  6.43E-14  6.33E-14
  6.16E-14  6.03E-14  5.91E-14  5.79E-14  5.69E-14  5.56E-14  5.40E-14  5.21E-14
  5.22E-14  5.12E-14  4.88E-14  4.78E-14  4.76E-14  4.65E-14  4.46E-14  4.48E-14
  4.38E-14  4.23E-14  4.15E-14  4.03E-14  3.98E-14  3.85E-14  3.70E-14  3.67E-14
  3.66E-14  3.50E-14  3.45E-14  3.30E-14  3.29E-14  3.20E-14  3.15E-14  3.12E-14
  3.03E-14  2.90E-14  2.90E-14  2.80E-14  2.68E-14  2.63E-14  2.59E-14  2.51E-14
  2.47E-14  2.45E-14  2.27E-14  2.28E-14  2.25E-14  2.12E-14  2.13E-14  2.06E-14
  1.94E-14  1.96E-14  1.84E-14  1.83E-14  1.78E-14  1.71E-14  1.68E-14  1.66E-14
  1.60E-14  1.56E-14  1.47E-14  1.44E-14  1.34E-14  1.37E-14  1.31E-14  1.27E-14
  1.21E-14  1.20E-14  1.16E-14  1.13E-14  1.09E-14  1.07E-14  1.03E-14  9.67E-15
  9.45E-15  9.22E-15  9.17E-15  8.23E-15  8.49E-15  7.97E-15  7.78E-15  7.30E-15
  6.94E-15  7.15E-15  6.93E-15  6.40E-15  6.04E-15  5.87E-15  5.79E-15  5.30E-15
  4.84E-15  4.98E-15  4.41E-15  4.36E-15  4.16E-15  3.90E-15  3.90E-15  3.92E-15
  3.37E-15  3.11E-15  3.08E-15  2.88E-15  2.70E-15  2.44E-15  2.38E-15  1.99E-15
  2.00E-15  1.92E-15  1.64E-15  1.53E-15  1.22E-15  1.29E-15  1.05E-15  1.11E-15
  1.14E-15  9.04E-16  9.75E-16  5.81E-16  3.57E-16  1.64E-16  2.43E-16  1.47E-16
  1.16E-16 -1.29E-16  1.19E-17 -3.50E-16 -4.99E-16 -4.93E-16 -5.84E-16 -5.97E-16
   1.1000615380855796     
 -1.43E-26  1.60E-08  1.57E-07  4.84E-07  1.17E-06  1.45E-06  1.22E-06  7.25E-07
  3.45E-07  2.39E-07  1.40E-07  9.50E-08  7.84E-08  6.13E-08  4.73E-08  3.44E-08
  3.18E-08  2.43E-08  1.99E-08  1.61E-08  1.39E-08  1.24E-08  1.04E-08  8.28E-09
  7.71E-09  7.00E-09  6.05E-09  5.23E-09  4.55E-09  4.18E-09  3.74E-09  3.25E-09
  2.96E-09  2.81E-09  2.40E-09  2.20E-09  2.07E-09  1.89E-09  1.73E-09  1.63E-09
  1.46E-09  1.39E-09  1.26E-09  1.20E-09  1.06E-09  1.05E-09  9.36E-10  8.61E-10
  8.21E-10  7.61E-10  7.28E-10  6.55E-10  6.36E-10  5.93E-10  5.56E-10  5.22E-10
  4.80E-10  4.67E-10  4.48E-10  4.18E-10  3.91E-10  3.75E-10  3.62E-10  3.35E-10
  3.18E-10  3.04E-10  2.92E-10  2.77E-10  2.66E-10  2.53E-10  2.35E-10  2.22E-10
  2.21E-10  2.06E-10  1.98E-10  1.86E-10  1.79E-10  1.76E-10  1.66E-10  1.59E-10
  1.55E-10  1.47E-10  1.42E-10  1.35E-10  1.30E-10  1.25E-10  1.19E-10  1.16E-10
  1.14E-10  1.08E-10  1.06E-10  9.64E-11  9.56E-11  9.03E-11  8.70E-11  8.65E-11
  8.20E-11  8.01E-11  7.66E-11  7.39E-11  7.20E-11  6.90E-11  6.83E-11  6.55E-11
  6.21E-11  6.13E-11  5.84E-11  5.82E-11  5.47E-11  5.45E-11  5.26E-11  4.98E-11
  4.88E-11  4.73E-11  4.56E-11  4.47E-11  4.33E-11  4.20E-11  4.02E-11  3.93E-11
  3.83E-11  3.70E-11  3.60E-11  3.41E-11  3.44E-11  3.34E-11  3.18E-11  3.11E-11
  2.99E-11  2.98E-11  2.83E-11  2.77E-11  2.72E-11  2.62E-11  2.57E-11  2.44E-11
  2.35E-11  2.36E-11  2.30E-11  2.18E-11  2.13E-11  2.13E-11  2.08E-11  1.99E-11
  1.96E-11  1.90E-11  1.89E-11  1.84E-11  1.77E-11  1.72E-11  1.67E-11  1.64E-11
  1.57E-11  1.54E-11  1.53E-11  1.47E-11  1.44E-11  1.41E-11  1.37E-11  1.33E-11
  1.32E-11  1.30E-11  1.25E-11  1.24E-11  1.17E-11  1.15E-11  1.11E-11  1.11E-11
  1.07E-11  1.06E-11  1.04E-11  1.01E-11  9.76E-12  9.65E-12  9.35E-12  9.08E-12
  8.97E-12  8.82E-12  8.50E-12  8.29E-12  8.14E-12  7.99E-12  7.83E-12  7.73E-12
  7.41E-12  7.37E-12  7.10E-12  7.06E-12  6.86E-12  6.63E-12  6.48E-12  6.40E-12
  6.27E-12  6.09E-12  6.00E-12  5.93E-12  5.69E-12  5.63E-12  5.58E-12  5.22E-12
  5.30E-12  5.20E-12  5.10E-12  4.94E-12  4.83E-12  4.75E-12  4.57E-12  4.57E-12
  4.43E-12  4.32E-12  4.25E-12  4.12E-12  4.08E-12  3.97E-12  3.91E-12  3.80E-12
  3.71E-12  3.69E-12  3.63E-12  3.49E-12  3.47E-12  3.40E-12  3.32E-12  3.26E-12
  3.18E-12  3.16E-12  3.05E-12  2.98E-12  2.99E-12  2.89E-12  2.81E-12  2.76E-12
  2.74E-12  2.67E-12  2.61E-12  2.50E-12  2.50E-12  2.48E-12  2.40E-12  2.37E-12
  2.28E-12  2.27E-12  2.24E-12  2.17E-12  2.16E-12  2.12E-12  2.08E-12  2.03E-12
  1.99E-12  1.99E-12  1.89E-12  1.83E-12  1.87E-12  1.79E-12  1.79E-12  1.71E-12
  1.72E-12  1.66E-12  1.66E-12  1.61E-12  1.57E-12  1.59E-12  1.54E-12  1.49E-12
  1.49E-12  1.46E-12  1.42E-12  1.37E-12  1.35E-12  1.32E-12  1.33E-12  1.28E-12
  1.25E-12  1.26E-12  1.22E-12  1.19E-12  1.18E-12  1.16E-12  1.13E-12  1.12E-12
  1.11E-12  1.06E-12  1.07E-12  1.02E-12  1.02E-12  1.01E-12  9.76E-13  9.57E-13
  9.55E-13  9.33E-13  9.13E-13  8.89E-13  8.70E-13  8.68E-13  8.42E-13  8.35E-13
  8.16E-13  7.98E-13  7.82E-13  7.69E-13  7.58E-13  7.47E-13  7.35E-13  7.16E-13
  7.05E-13  6.86E-13  6.87E-13  6.60E-13  6.56E-13  6.49E-13  6.30E-13  6.23E-13
  6.16E-13  5.99E-13  5.88E-13  5.74E-13  5.76E-13  5.60E-13  5.53E-13  5.38E-13
  5.24E-13  5.20E-13  5.12E-13  4.94E-13  4.91E-13  4.89E-13  4.74E-13  4.67E-13
  4.50E-13  4.50E-13  4.44E-13  4.38E-13  4.30E-13  4.22E-13  4.15E-13  3.99E-13
  3.97E-13  3.88E-13  3.88E-13  3.80E-13  3.68E-13  3.64E-13  3.65E-13  3.53E-13
  3.45E-13  3.41E-13  3.29E-13  3.29E-13  3.21E-13  3.14E-13  3.11E-13  2.98E-13
  2.96E-13  2.91E-13  2.89E-13  2.87E-13  2.79E-13  2.77E-13  2.70E-13  2.64E-13
  2.55E-13  2.57E-13  2.52E-13  2.47E-13  2.45E-13  2.38E-13  2.38E-13  2.27E-13
  2.25E-13  2.22E-13  2.19E-13  2.15E-13  2.10E-13  2.05E-13  2.01E-13  1.99E-13
  1.93E-13  1.89E-13  1.84E-13  1.82E-13  1.80E-13  1.76E-13  1.72E-13  1.70E-13
  1.70E-13  1.63E-13  1.61E-13  1.58E-13  1.57E-13  1.56E-13  1.49E-13  1.45E-13
  1.43E-13  1.40E-13  1.39E-13  1.35E-13  1.36E-13  1.31E-13  1.29E-13  1.27E-13
  1.27E-13  1.23E-13  1.19E-13  1.19E-13  1.17E-13  1.15E-13  1.10E-13  1.08E-13
  1.06E-13  1.03E-13  1.02E-13  1.02E-13  9.84E-14  9.70E-14  9.32E-14  9.34E-14
  8.96E-14  8.82E-14  8.77E-14  8.51E-14  8.37E-14  8.22E-14  8.06E-14  7.89E-14
  7.82E-14  7.64E-14  7.43E-14  7.38E-14  7.31E-14  7.07E-14  6.92E-14  6.67E-14
  6.58E-14  6.53E-14  6.38E-14  6.22E-14  6.12E-14  5.92E-14  5.78E-14  5.64E-14
  5.64E-14  5.47E-14  5.37E-14  5.22E-14  5.17E-14  5.02E-14  4.98E-14  4.82E-14
  4.71E-14  4.59E-14  4.51E-14  4.37E-14  4.32E-14  4.11E-14  4.08E-14  4.04E-14
  3.92E-14  3.83E-14  3.67E-14  3.58E-14  3.61E-14  3.43E-14  3.44E-14  3.34E-14
  3.24E-14  3.20E-14  3.03E-14  2.99E-14  2.97E-14  2.90E-14  2.80E-14  2.70E-14
  2.67E-14  2.59E-14  2.54E-14  2.48E-14  2.43E-14  2.33E-14  2.32E-14  2.23E-14
  2.21E-14  2.08E-14  2.05E-14  1.98E-14  1.87E-14  1.89E-14  1.79E-14  1.79E-14
  1.74E-14  1.69E-14  1.62E-14  1.56E-14  1.54E-14  1.46E-14  1.44E-14  1.43E-14
  1.36E-14  1.35E-14  1.29E-14  1.25E-14  1.19E-14  1.18E-14  1.11E-14  1.08E-14
  1.06E-14  1.03E-14  1.01E-14  9.73E-15  9.03E-15  8.91E-15  8.52E-15  8.32E-15
  7.91E-15  7.74E-15  7.17E-15  7.06E-15  6.66E-15  6.61E-15  6.19E-15  6.09E-15
  5.36E-15  5.76E-15  5.02E-15  5.24E-15  4.95E-15  4.45E-15  4.31E-15  3.94E-15
  3.81E-15  3.80E-15  3.71E-15  3.25E-15  2.99E-15  2.94E-15  2.72E-15  2.40E-15
  2.44E-15  2.01E-15  1.98E-15  1.66E-15  1.61E-15  1.69E-15  1.26E-15  1.19E-15
  1.02E-15  1.10E-15  6.87E-16  5.43E-16  4.37E-16  4.85E-16  3.44E-16  1.26E-17
 -2.07E-17 -1.52E-16 -2.19E-16 -5.20E-16 -5.62E-16 -4.85E-16 -6.68E-16 -8.57E-16
 -9.01E-16 -8.08E-16 -1.05E-15 -9.72E-16 -1.24E-15 -1.32E-15 -1.50E-15 -1.58E-15
 -1.72E-15 -1.60E-15 -1.72E-15 -1.80E-15 -2.10E-15 -1.99E-15 -1.91E-15 -2.15E-15
   1.1100688837787216     
 -1.63E-27  1.70E-08  1.69E-07  5.26E-07  1.23E-06  1.47E-06  1.19E-06  6.76E-07
  3.24E-07  2.28E-07  1.33E-07  9.11E-08  7.57E-08  5.79E-08  4.46E-08  3.24E-08
  3.02E-08  2.33E-08  1.87E-08  1.50E-08  1.31E-08  1.21E-08  9.63E-09  8.00E-09
  7.26E-09  6.65E-09  5.77E-09  4.96E-09  4.39E-09  3.88E-09  3.54E-09  3.09E-09
  2.78E-09  2.60E-09  2.22E-09  2.10E-09  1.96E-09  1.73E-09  1.62E-09  1.51E-09
  1.38E-09  1.28E-09  1.17E-09  1.12E-09  9.76E-10  9.71E-10  8.60E-10  7.97E-10
  7.40E-10  7.13E-10  6.77E-10  6.06E-10  5.79E-10  5.41E-10  5.05E-10  4.70E-10
  4.45E-10  4.33E-10  4.07E-10  3.78E-10  3.69E-10  3.48E-10  3.33E-10  3.08E-10
  2.93E-10  2.80E-10  2.62E-10  2.47E-10  2.42E-10  2.33E-10  2.11E-10  1.99E-10
  1.99E-10  1.87E-10  1.81E-10  1.69E-10  1.62E-10  1.59E-10  1.51E-10  1.47E-10
  1.36E-10  1.34E-10  1.30E-10  1.20E-10  1.16E-10  1.12E-10  1.09E-10  1.03E-10
  1.01E-10  9.64E-11  9.38E-11  8.82E-11  8.56E-11  8.25E-11  7.84E-11  7.48E-11
  7.42E-11  7.14E-11  6.83E-11  6.50E-11  6.35E-11  6.14E-11  6.07E-11  5.75E-11
  5.40E-11  5.35E-11  5.14E-11  5.01E-11  4.81E-11  4.68E-11  4.44E-11  4.46E-11
  4.28E-11  4.12E-11  3.95E-11  3.86E-11  3.83E-11  3.74E-11  3.52E-11  3.29E-11
  3.38E-11  3.24E-11  3.09E-11  3.02E-11  3.00E-11  2.93E-11  2.72E-11  2.69E-11
  2.60E-11  2.58E-11  2.50E-11  2.42E-11  2.38E-11  2.30E-11  2.23E-11  2.18E-11
  2.12E-11  2.09E-11  1.97E-11  1.92E-11  1.89E-11  1.88E-11  1.80E-11  1.74E-11
  1.65E-11  1.66E-11  1.60E-11  1.61E-11  1.55E-11  1.49E-11  1.48E-11  1.42E-11
  1.36E-11  1.34E-11  1.32E-11  1.29E-11  1.25E-11  1.21E-11  1.18E-11  1.15E-11
  1.16E-11  1.12E-11  1.06E-11  1.06E-11  1.03E-11  1.00E-11  9.72E-12  9.51E-12
  9.34E-12  9.11E-12  8.98E-12  8.65E-12  8.59E-12  8.36E-12  8.17E-12  7.90E-12
  7.64E-12  7.52E-12  7.27E-12  7.17E-12  6.97E-12  6.99E-12  6.71E-12  6.49E-12
  6.49E-12  6.24E-12  6.08E-12  5.94E-12  5.81E-12  5.76E-12  5.53E-12  5.45E-12
  5.31E-12  5.28E-12  5.17E-12  4.95E-12  4.97E-12  4.95E-12  4.67E-12  4.57E-12
  4.52E-12  4.40E-12  4.32E-12  4.21E-12  4.07E-12  4.06E-12  3.86E-12  3.90E-12
  3.83E-12  3.71E-12  3.66E-12  3.56E-12  3.48E-12  3.38E-12  3.35E-12  3.26E-12
  3.22E-12  3.17E-12  3.12E-12  3.00E-12  2.96E-12  2.92E-12  2.87E-12  2.75E-12
  2.72E-12  2.70E-12  2.59E-12  2.55E-12  2.49E-12  2.46E-12  2.38E-12  2.38E-12
  2.37E-12  2.30E-12  2.25E-12  2.15E-12  2.12E-12  2.05E-12  2.06E-12  2.02E-12
  1.95E-12  1.96E-12  1.93E-12  1.81E-12  1.82E-12  1.79E-12  1.76E-12  1.72E-12
  1.70E-12  1.66E-12  1.63E-12  1.56E-12  1.58E-12  1.51E-12  1.47E-12  1.46E-12
  1.44E-12  1.40E-12  1.41E-12  1.35E-12  1.35E-12  1.31E-12  1.28E-12  1.26E-12
  1.24E-12  1.20E-12  1.20E-12  1.17E-12  1.14E-12  1.15E-12  1.10E-12  1.08E-12
  1.07E-12  1.04E-12  1.03E-12  1.01E-12  9.86E-13  9.79E-13  9.54E-13  9.02E-13
  8.98E-13  8.86E-13  8.77E-13  8.71E-13  8.49E-13  8.44E-13  8.05E-13  7.90E-13
  8.09E-13  7.75E-13  7.50E-13  7.43E-13  7.33E-13  7.11E-13  7.16E-13  6.98E-13
  6.78E-13  6.77E-13  6.48E-13  6.47E-13  6.35E-13  6.16E-13  6.09E-13  6.04E-13
  5.94E-13  5.85E-13  5.67E-13  5.48E-13  5.47E-13  5.27E-13  5.32E-13  5.18E-13
  5.11E-13  4.98E-13  4.96E-13  4.82E-13  4.84E-13  4.64E-13  4.61E-13  4.42E-13
  4.35E-13  4.35E-13  4.24E-13  4.14E-13  4.00E-13  4.02E-13  3.93E-13  3.91E-13
  3.80E-13  3.68E-13  3.63E-13  3.61E-13  3.51E-13  3.46E-13  3.39E-13  3.35E-13
  3.24E-13  3.28E-13  3.16E-13  3.10E-13  2.99E-13  3.04E-13  2.92E-13  2.83E-13
  2.85E-13  2.73E-13  2.76E-13  2.68E-13  2.63E-13  2.58E-13  2.56E-13  2.45E-13
  2.48E-13  2.42E-13  2.35E-13  2.30E-13  2.27E-13  2.29E-13  2.20E-13  2.18E-13
  2.13E-13  2.08E-13  2.06E-13  2.01E-13  1.95E-13  1.94E-13  1.89E-13  1.85E-13
  1.83E-13  1.80E-13  1.76E-13  1.72E-13  1.71E-13  1.66E-13  1.64E-13  1.61E-13
  1.57E-13  1.53E-13  1.55E-13  1.47E-13  1.48E-13  1.43E-13  1.39E-13  1.38E-13
  1.34E-13  1.30E-13  1.30E-13  1.29E-13  1.25E-13  1.24E-13  1.21E-13  1.16E-13
  1.17E-13  1.14E-13  1.12E-13  1.09E-13  1.10E-13  1.06E-13  1.03E-13  9.94E-14
  1.00E-13  9.65E-14  9.49E-14  9.34E-14  9.05E-14  8.99E-14  8.74E-14  8.49E-14
  8.59E-14  8.12E-14  8.16E-14  7.86E-14  7.78E-14  7.54E-14  7.62E-14  7.32E-14
  7.16E-14  7.07E-14  6.94E-14  6.76E-14  6.67E-14  6.53E-14  6.45E-14  6.20E-14
  6.21E-14  6.02E-14  5.69E-14  5.61E-14  5.52E-14  5.48E-14  5.36E-14  5.23E-14
  5.15E-14  4.98E-14  4.95E-14  4.78E-14  4.62E-14  4.62E-14  4.44E-14  4.41E-14
  4.27E-14  4.16E-14  4.05E-14  4.03E-14  3.95E-14  3.81E-14  3.79E-14  3.60E-14
  3.55E-14  3.47E-14  3.35E-14  3.25E-14  3.20E-14  3.13E-14  3.07E-14  2.94E-14
  2.89E-14  2.89E-14  2.73E-14  2.68E-14  2.66E-14  2.45E-14  2.51E-14  2.48E-14
  2.39E-14  2.32E-14  2.23E-14  2.17E-14  2.13E-14  2.04E-14  1.99E-14  1.96E-14
  1.88E-14  1.82E-14  1.84E-14  1.72E-14  1.72E-14  1.60E-14  1.63E-14  1.60E-14
  1.49E-14  1.49E-14  1.47E-14  1.40E-14  1.41E-14  1.30E-14  1.31E-14  1.26E-14
  1.20E-14  1.16E-14  1.10E-14  1.08E-14  1.00E-14  9.74E-15  9.18E-15  9.13E-15
  8.80E-15  8.90E-15  8.62E-15  7.76E-15  7.55E-15  7.04E-15  6.84E-15  6.71E-15
  6.62E-15  6.10E-15  5.82E-15  5.60E-15  5.03E-15  5.11E-15  5.08E-15  4.94E-15
  4.51E-15  3.97E-15  3.98E-15  3.86E-15  3.36E-15  3.56E-15  3.27E-15  2.91E-15
  2.58E-15  2.41E-15  2.32E-15  2.18E-15  1.97E-15  1.72E-15  1.67E-15  1.58E-15
  1.18E-15  1.24E-15  8.57E-16  7.79E-16  7.03E-16  4.31E-16  3.70E-16  2.42E-16
  2.19E-16  4.35E-17  1.03E-16 -4.10E-16 -4.02E-16 -4.34E-16 -5.38E-16 -6.07E-16
 -5.83E-16 -1.09E-15 -8.26E-16 -1.31E-15 -1.26E-15 -1.32E-15 -1.34E-15 -1.38E-15
 -1.60E-15 -1.60E-15 -1.57E-15 -1.65E-15 -1.96E-15 -1.97E-15 -1.94E-15 -2.10E-15
 -2.22E-15 -2.10E-15 -2.34E-15 -2.19E-15 -2.33E-15 -2.40E-15 -2.51E-15 -2.49E-15
 -2.73E-15 -2.75E-15 -2.76E-15 -2.71E-15 -2.71E-15 -2.83E-15 -2.95E-15 -2.86E-15
   1.1200662783654327     
  2.62E-26  1.81E-08  1.82E-07  5.68E-07  1.29E-06  1.48E-06  1.16E-06  6.32E-07
  3.06E-07  2.18E-07  1.26E-07  8.75E-08  7.26E-08  5.51E-08  4.21E-08  3.06E-08
  2.87E-08  2.27E-08  1.77E-08  1.40E-08  1.25E-08  1.16E-08  8.99E-09  7.68E-09
  6.96E-09  6.26E-09  5.42E-09  4.72E-09  4.27E-09  3.58E-09  3.36E-09  2.96E-09
  2.57E-09  2.48E-09  2.17E-09  2.03E-09  1.88E-09  1.63E-09  1.51E-09  1.38E-09
  1.32E-09  1.18E-09  1.08E-09  1.04E-09  9.30E-10  9.03E-10  8.04E-10  7.48E-10
  7.13E-10  6.63E-10  6.17E-10  5.59E-10  5.31E-10  5.04E-10  4.79E-10  4.32E-10
  4.21E-10  4.12E-10  3.71E-10  3.45E-10  3.36E-10  3.22E-10  3.05E-10  2.82E-10
  2.63E-10  2.54E-10  2.40E-10  2.27E-10  2.14E-10  2.07E-10  1.96E-10  1.89E-10
  1.78E-10  1.68E-10  1.65E-10  1.59E-10  1.50E-10  1.46E-10  1.38E-10  1.31E-10
  1.27E-10  1.20E-10  1.15E-10  1.10E-10  1.04E-10  1.01E-10  9.97E-11  9.45E-11
  8.93E-11  8.49E-11  8.38E-11  8.00E-11  7.64E-11  7.52E-11  7.14E-11  6.80E-11
  6.44E-11  6.47E-11  6.11E-11  5.85E-11  5.65E-11  5.46E-11  5.43E-11  5.08E-11
  4.91E-11  4.86E-11  4.70E-11  4.48E-11  4.33E-11  4.16E-11  3.98E-11  3.80E-11
  3.85E-11  3.73E-11  3.54E-11  3.37E-11  3.31E-11  3.30E-11  3.15E-11  3.00E-11
  2.93E-11  2.85E-11  2.74E-11  2.69E-11  2.58E-11  2.59E-11  2.46E-11  2.31E-11
  2.31E-11  2.28E-11  2.20E-11  2.14E-11  2.06E-11  1.96E-11  1.95E-11  1.88E-11
  1.86E-11  1.81E-11  1.75E-11  1.64E-11  1.64E-11  1.60E-11  1.59E-11  1.52E-11
  1.49E-11  1.47E-11  1.37E-11  1.38E-11  1.34E-11  1.29E-11  1.28E-11  1.26E-11
  1.18E-11  1.18E-11  1.13E-11  1.09E-11  1.10E-11  1.07E-11  1.03E-11  9.97E-12
  9.74E-12  9.79E-12  9.22E-12  9.09E-12  8.77E-12  8.73E-12  8.37E-12  8.31E-12
  8.05E-12  7.87E-12  7.65E-12  7.45E-12  7.29E-12  7.26E-12  7.01E-12  6.83E-12
  6.68E-12  6.61E-12  6.45E-12  6.15E-12  6.12E-12  5.96E-12  5.83E-12  5.68E-12
  5.57E-12  5.51E-12  5.22E-12  5.11E-12  4.94E-12  4.93E-12  4.70E-12  4.72E-12
  4.60E-12  4.58E-12  4.45E-12  4.30E-12  4.18E-12  4.13E-12  4.09E-12  3.92E-12
  3.89E-12  3.79E-12  3.69E-12  3.61E-12  3.55E-12  3.47E-12  3.33E-12  3.33E-12
  3.24E-12  3.22E-12  3.04E-12  3.05E-12  2.97E-12  2.93E-12  2.89E-12  2.79E-12
  2.72E-12  2.70E-12  2.65E-12  2.57E-12  2.53E-12  2.47E-12  2.39E-12  2.37E-12
  2.32E-12  2.33E-12  2.24E-12  2.20E-12  2.11E-12  2.11E-12  2.08E-12  2.01E-12
  1.94E-12  1.92E-12  1.89E-12  1.81E-12  1.83E-12  1.79E-12  1.75E-12  1.71E-12
  1.66E-12  1.63E-12  1.62E-12  1.59E-12  1.56E-12  1.52E-12  1.50E-12  1.45E-12
  1.44E-12  1.38E-12  1.36E-12  1.35E-12  1.33E-12  1.30E-12  1.26E-12  1.26E-12
  1.21E-12  1.21E-12  1.18E-12  1.15E-12  1.13E-12  1.10E-12  1.07E-12  1.08E-12
  1.04E-12  1.03E-12  9.94E-13  9.92E-13  9.63E-13  9.45E-13  9.28E-13  9.29E-13
  9.01E-13  8.76E-13  8.57E-13  8.56E-13  8.35E-13  8.18E-13  8.01E-13  7.87E-13
  7.78E-13  7.53E-13  7.49E-13  7.20E-13  7.26E-13  7.14E-13  6.97E-13  6.83E-13
  6.66E-13  6.61E-13  6.42E-13  6.21E-13  6.17E-13  6.00E-13  5.91E-13  5.73E-13
  5.75E-13  5.56E-13  5.54E-13  5.45E-13  5.29E-13  5.23E-13  5.04E-13  5.07E-13
  4.83E-13  4.90E-13  4.69E-13  4.61E-13  4.54E-13  4.44E-13  4.44E-13  4.29E-13
  4.25E-13  4.16E-13  4.19E-13  4.07E-13  4.03E-13  3.92E-13  3.81E-13  3.68E-13
  3.59E-13  3.64E-13  3.56E-13  3.50E-13  3.42E-13  3.30E-13  3.29E-13  3.25E-13
  3.13E-13  3.12E-13  3.05E-13  3.01E-13  2.96E-13  2.87E-13  2.83E-13  2.80E-13
  2.73E-13  2.72E-13  2.67E-13  2.56E-13  2.57E-13  2.51E-13  2.44E-13  2.40E-13
  2.40E-13  2.36E-13  2.30E-13  2.23E-13  2.19E-13  2.13E-13  2.10E-13  2.10E-13
  2.02E-13  2.02E-13  1.97E-13  1.91E-13  1.86E-13  1.82E-13  1.83E-13  1.79E-13
  1.74E-13  1.75E-13  1.66E-13  1.62E-13  1.62E-13  1.59E-13  1.56E-13  1.52E-13
  1.50E-13  1.48E-13  1.44E-13  1.41E-13  1.39E-13  1.34E-13  1.33E-13  1.27E-13
  1.29E-13  1.27E-13  1.26E-13  1.20E-13  1.20E-13  1.18E-13  1.14E-13  1.10E-13
  1.12E-13  1.08E-13  1.09E-13  1.04E-13  1.02E-13  1.01E-13  9.86E-14  9.76E-14
  9.19E-14  9.08E-14  9.01E-14  8.87E-14  8.61E-14  8.59E-14  8.52E-14  8.12E-14
  7.99E-14  7.86E-14  7.54E-14  7.48E-14  7.44E-14  7.30E-14  6.79E-14  6.96E-14
  6.78E-14  6.48E-14  6.55E-14  6.28E-14  6.20E-14  6.15E-14  6.06E-14  5.73E-14
  5.60E-14  5.52E-14  5.51E-14  5.29E-14  5.15E-14  5.22E-14  4.99E-14  5.00E-14
  4.81E-14  4.68E-14  4.61E-14  4.65E-14  4.49E-14  4.37E-14  4.22E-14  4.06E-14
  3.94E-14  3.98E-14  3.91E-14  3.74E-14  3.72E-14  3.53E-14  3.43E-14  3.40E-14
  3.30E-14  3.30E-14  3.21E-14  3.06E-14  3.03E-14  3.02E-14  2.84E-14  2.80E-14
  2.71E-14  2.73E-14  2.58E-14  2.58E-14  2.48E-14  2.35E-14  2.30E-14  2.28E-14
  2.24E-14  2.19E-14  2.13E-14  2.11E-14  1.98E-14  1.93E-14  1.93E-14  1.93E-14
  1.78E-14  1.77E-14  1.71E-14  1.67E-14  1.60E-14  1.57E-14  1.56E-14  1.49E-14
  1.42E-14  1.37E-14  1.36E-14  1.28E-14  1.25E-14  1.24E-14  1.13E-14  1.16E-14
  1.10E-14  1.09E-14  1.05E-14  1.02E-14  9.83E-15  9.03E-15  8.84E-15  8.53E-15
  8.38E-15  7.87E-15  7.59E-15  7.26E-15  7.03E-15  6.84E-15  6.29E-15  6.74E-15
  6.20E-15  5.90E-15  5.52E-15  5.27E-15  4.79E-15  4.98E-15  4.60E-15  4.15E-15
  4.23E-15  3.93E-15  3.72E-15  3.00E-15  3.22E-15  2.92E-15  2.90E-15  2.91E-15
  2.29E-15  2.31E-15  1.88E-15  1.79E-15  1.69E-15  1.69E-15  1.23E-15  1.23E-15
  8.80E-16  9.96E-16  8.12E-16  5.56E-16  5.05E-16  4.14E-16  5.50E-16  2.47E-16
  7.80E-17 -8.03E-17 -2.76E-16 -4.84E-16 -6.23E-16 -8.12E-16 -7.86E-16 -8.12E-16
 -8.55E-16 -9.72E-16 -9.85E-16 -1.14E-15 -1.35E-15 -1.53E-15 -1.32E-15 -1.39E-15
 -1.68E-15 -1.78E-15 -1.65E-15 -1.83E-15 -2.06E-15 -1.96E-15 -2.04E-15 -2.14E-15
 -2.12E-15 -2.20E-15 -2.29E-15 -2.31E-15 -2.31E-15 -2.46E-15 -2.46E-15 -2.56E-15
 -2.68E-15 -2.61E-15 -2.65E-15 -2.88E-15 -2.72E-15 -2.80E-15 -2.84E-15 -2.95E-15
 -3.13E-15 -3.10E-15 -3.03E-15 -2.96E-15 -3.21E-15 -3.09E-15 -3.19E-15 -3.10E-15
   1.1300736827995839     
 -4.90E-27  1.92E-08  1.95E-07  6.10E-07  1.34E-06  1.49E-06  1.13E-06  5.92E-07
  2.90E-07  2.10E-07  1.20E-07  8.44E-08  6.96E-08  5.27E-08  4.00E-08  2.91E-08
  2.75E-08  2.21E-08  1.69E-08  1.34E-08  1.18E-08  1.11E-08  8.56E-09  7.36E-09
  6.74E-09  5.88E-09  5.11E-09  4.44E-09  4.14E-09  3.32E-09  3.18E-09  2.84E-09
  2.40E-09  2.36E-09  2.10E-09  1.93E-09  1.78E-09  1.53E-09  1.45E-09  1.31E-09
  1.24E-09  1.13E-09  1.01E-09  9.60E-10  8.84E-10  8.38E-10  7.54E-10  7.16E-10
  6.64E-10  6.28E-10  5.73E-10  5.21E-10  4.99E-10  4.64E-10  4.47E-10  4.10E-10
  3.94E-10  3.77E-10  3.42E-10  3.28E-10  3.11E-10  2.95E-10  2.80E-10  2.66E-10
  2.46E-10  2.31E-10  2.19E-10  2.11E-10  2.03E-10  1.92E-10  1.82E-10  1.73E-10
  1.63E-10  1.56E-10  1.51E-10  1.45E-10  1.41E-10  1.31E-10  1.24E-10  1.21E-10
  1.15E-10  1.08E-10  1.07E-10  1.02E-10  9.70E-11  9.02E-11  8.87E-11  8.56E-11
  8.18E-11  7.80E-11  7.53E-11  7.29E-11  6.88E-11  6.61E-11  6.41E-11  6.06E-11
  5.85E-11  5.90E-11  5.53E-11  5.25E-11  5.19E-11  4.85E-11  4.98E-11  4.63E-11
  4.34E-11  4.36E-11  4.23E-11  4.09E-11  3.88E-11  3.79E-11  3.67E-11  3.51E-11
  3.33E-11  3.28E-11  3.19E-11  3.13E-11  3.03E-11  2.96E-11  2.76E-11  2.74E-11
  2.65E-11  2.58E-11  2.44E-11  2.39E-11  2.33E-11  2.31E-11  2.20E-11  2.06E-11
  2.08E-11  2.07E-11  1.97E-11  1.93E-11  1.86E-11  1.83E-11  1.75E-11  1.69E-11
  1.63E-11  1.60E-11  1.56E-11  1.47E-11  1.46E-11  1.42E-11  1.36E-11  1.35E-11
  1.30E-11  1.30E-11  1.25E-11  1.23E-11  1.18E-11  1.17E-11  1.13E-11  1.10E-11
  1.07E-11  1.05E-11  1.00E-11  9.66E-12  9.81E-12  9.49E-12  9.16E-12  8.89E-12
  8.75E-12  8.78E-12  8.30E-12  8.20E-12  7.85E-12  7.65E-12  7.42E-12  7.28E-12
  7.18E-12  6.80E-12  6.77E-12  6.71E-12  6.57E-12  6.37E-12  6.07E-12  6.06E-12
  5.89E-12  5.76E-12  5.59E-12  5.46E-12  5.31E-12  5.24E-12  5.05E-12  5.00E-12
  4.80E-12  4.83E-12  4.60E-12  4.57E-12  4.43E-12  4.24E-12  4.25E-12  4.15E-12
  3.98E-12  3.90E-12  3.88E-12  3.80E-12  3.64E-12  3.54E-12  3.51E-12  3.46E-12
  3.40E-12  3.29E-12  3.29E-12  3.12E-12  3.08E-12  3.04E-12  2.91E-12  2.90E-12
  2.89E-12  2.78E-12  2.74E-12  2.64E-12  2.61E-12  2.54E-12  2.49E-12  2.44E-12
  2.37E-12  2.31E-12  2.26E-12  2.22E-12  2.16E-12  2.11E-12  2.08E-12  2.01E-12
  2.02E-12  1.93E-12  1.92E-12  1.88E-12  1.86E-12  1.83E-12  1.79E-12  1.75E-12
  1.70E-12  1.68E-12  1.64E-12  1.58E-12  1.59E-12  1.53E-12  1.55E-12  1.48E-12
  1.48E-12  1.42E-12  1.40E-12  1.38E-12  1.38E-12  1.34E-12  1.31E-12  1.29E-12
  1.24E-12  1.21E-12  1.20E-12  1.17E-12  1.16E-12  1.12E-12  1.11E-12  1.08E-12
  1.07E-12  1.05E-12  1.03E-12  9.82E-13  9.64E-13  9.48E-13  9.47E-13  9.09E-13
  8.99E-13  8.92E-13  8.75E-13  8.51E-13  8.40E-13  8.18E-13  8.11E-13  7.95E-13
  7.74E-13  7.50E-13  7.47E-13  7.24E-13  7.20E-13  7.12E-13  6.99E-13  6.85E-13
  6.65E-13  6.63E-13  6.55E-13  6.34E-13  6.29E-13  6.01E-13  5.96E-13  5.86E-13
  5.76E-13  5.63E-13  5.46E-13  5.38E-13  5.24E-13  5.17E-13  5.10E-13  5.05E-13
  4.94E-13  4.85E-13  4.79E-13  4.69E-13  4.49E-13  4.52E-13  4.38E-13  4.31E-13
  4.27E-13  4.17E-13  4.05E-13  3.99E-13  3.86E-13  3.85E-13  3.81E-13  3.78E-13
  3.70E-13  3.50E-13  3.54E-13  3.42E-13  3.37E-13  3.30E-13  3.19E-13  3.12E-13
  3.12E-13  3.05E-13  3.02E-13  2.95E-13  2.91E-13  2.88E-13  2.84E-13  2.75E-13
  2.74E-13  2.67E-13  2.60E-13  2.52E-13  2.48E-13  2.45E-13  2.40E-13  2.34E-13
  2.32E-13  2.28E-13  2.20E-13  2.19E-13  2.13E-13  2.08E-13  2.05E-13  2.00E-13
  2.03E-13  1.96E-13  1.87E-13  1.85E-13  1.81E-13  1.80E-13  1.78E-13  1.74E-13
  1.69E-13  1.64E-13  1.59E-13  1.62E-13  1.58E-13  1.53E-13  1.49E-13  1.49E-13
  1.43E-13  1.43E-13  1.41E-13  1.39E-13  1.36E-13  1.33E-13  1.32E-13  1.26E-13
  1.25E-13  1.24E-13  1.21E-13  1.18E-13  1.16E-13  1.15E-13  1.13E-13  1.09E-13
  1.06E-13  1.06E-13  1.05E-13  1.00E-13  9.91E-14  9.83E-14  9.44E-14  9.30E-14
  8.98E-14  9.10E-14  8.92E-14  8.45E-14  8.39E-14  8.22E-14  7.94E-14  7.85E-14
  7.79E-14  7.53E-14  7.63E-14  7.26E-14  7.14E-14  7.17E-14  6.99E-14  6.89E-14
  6.65E-14  6.57E-14  6.26E-14  6.05E-14  6.12E-14  6.04E-14  5.68E-14  5.65E-14
  5.68E-14  5.43E-14  5.27E-14  5.26E-14  5.11E-14  4.88E-14  4.87E-14  4.81E-14
  4.72E-14  4.59E-14  4.41E-14  4.37E-14  4.26E-14  4.10E-14  4.02E-14  4.06E-14
  3.85E-14  3.69E-14  3.62E-14  3.64E-14  3.54E-14  3.44E-14  3.32E-14  3.30E-14
  3.25E-14  3.04E-14  3.08E-14  2.92E-14  2.97E-14  2.86E-14  2.73E-14  2.67E-14
  2.62E-14  2.58E-14  2.56E-14  2.43E-14  2.38E-14  2.37E-14  2.28E-14  2.18E-14
  2.16E-14  2.14E-14  2.00E-14  1.99E-14  1.90E-14  1.87E-14  1.87E-14  1.79E-14
  1.69E-14  1.67E-14  1.72E-14  1.56E-14  1.55E-14  1.50E-14  1.45E-14  1.37E-14
  1.41E-14  1.27E-14  1.30E-14  1.21E-14  1.21E-14  1.17E-14  1.12E-14  1.08E-14
  1.04E-14  1.02E-14  1.01E-14  9.23E-15  9.27E-15  8.67E-15  8.47E-15  7.99E-15
  7.78E-15  7.40E-15  7.39E-15  6.73E-15  6.20E-15  6.05E-15  5.82E-15  5.64E-15
  5.61E-15  5.34E-15  4.98E-15  4.79E-15  4.41E-15  4.31E-15  4.04E-15  4.04E-15
  3.58E-15  3.55E-15  3.42E-15  3.12E-15  2.88E-15  2.47E-15  2.35E-15  2.22E-15
  2.31E-15  1.93E-15  1.73E-15  1.89E-15  1.34E-15  1.29E-15  1.05E-15  1.07E-15
  6.75E-16  6.09E-16  7.25E-16  4.84E-16  4.87E-16  1.48E-16 -1.06E-16 -1.40E-16
 -3.50E-16 -4.17E-16 -2.75E-16 -5.05E-16 -6.15E-16 -6.31E-16 -8.25E-16 -1.02E-15
 -1.11E-15 -1.26E-15 -1.25E-15 -1.27E-15 -1.47E-15 -1.48E-15 -1.32E-15 -1.54E-15
 -1.91E-15 -1.88E-15 -1.98E-15 -1.83E-15 -1.93E-15 -1.86E-15 -2.21E-15 -2.15E-15
 -2.28E-15 -2.40E-15 -2.41E-15 -2.38E-15 -2.51E-15 -2.49E-15 -2.46E-15 -2.61E-15
 -2.67E-15 -2.64E-15 -2.66E-15 -2.72E-15 -2.74E-15 -2.80E-15 -2.94E-15 -3.01E-15
 -3.02E-15 -3.00E-15 -3.09E-15 -3.10E-15 -3.13E-15 -3.29E-15 -3.09E-15 -3.28E-15
 -3.34E-15 -3.24E-15 -3.32E-15 -3.36E-15 -3.32E-15 -3.37E-15 -3.51E-15 -3.34E-15
