#--it-----t--------dt-------EEK-------EEM-------EEGW------hrms------urms------brms------umax------bmax------o2m------divu2m----gg2m---
    0   1.0000  1.57E-02 0.000E+00 8.069E-03 0.000E+00 0.000E+00 0.000E+00 1.270E-01 0.000E+00 4.445E-01 0.000E+00 0.000E+00 0.00E+00
    1   1.0157  1.52E-02 1.201E-05 8.054E-03 1.061E-07 6.470E-06 4.902E-03 1.269E-01 4.019E-02 4.374E-01 5.679E-02 5.140E-02 6.37E-07
    2   1.0309  1.47E-02 3.823E-05 8.017E-03 3.158E-07 2.308E-05 8.751E-03 1.266E-01 6.634E-02 4.207E-01 2.111E-01 1.117E-01 1.89E-06
    3   1.0456  1.45E-02 6.669E-05 7.968E-03 5.349E-07 4.596E-05 1.156E-02 1.262E-01 8.156E-02 4.060E-01 4.324E-01 9.950E-02 3.21E-06
    4   1.0600  1.44E-02 9.707E-05 7.914E-03 7.323E-07 7.323E-05 1.395E-02 1.258E-01 9.239E-02 3.978E-01 6.978E-01 6.571E-02 4.39E-06
    5   1.0744  1.42E-02 1.322E-04 7.859E-03 8.934E-07 1.035E-04 1.628E-02 1.254E-01 1.081E-01 3.902E-01 9.871E-01 6.685E-02 5.36E-06
    6   1.0887  1.40E-02 1.707E-04 7.807E-03 1.014E-06 1.355E-04 1.850E-02 1.250E-01 1.159E-01 3.836E-01 1.282E+00 8.646E-02 6.08E-06
    7   1.1027  1.39E-02 2.092E-04 7.756E-03 1.096E-06 1.681E-04 2.049E-02 1.245E-01 1.228E-01 3.781E-01 1.568E+00 9.245E-02 6.58E-06
    8   1.1166  1.39E-02 2.463E-04 7.705E-03 1.146E-06 2.007E-04 2.223E-02 1.241E-01 1.306E-01 3.736E-01 1.837E+00 8.568E-02 6.88E-06
    9   1.1306  1.40E-02 2.822E-04 7.654E-03 1.172E-06 2.332E-04 2.380E-02 1.237E-01 1.348E-01 3.735E-01 2.084E+00 7.829E-02 7.03E-06
   10   1.1446  1.40E-02 3.171E-04 7.601E-03 1.180E-06 2.651E-04 2.523E-02 1.233E-01 1.366E-01 3.736E-01 2.307E+00 7.302E-02 7.08E-06
   11   1.1585  1.39E-02 3.505E-04 7.548E-03 1.175E-06 2.959E-04 2.653E-02 1.229E-01 1.370E-01 3.719E-01 2.502E+00 6.915E-02 7.05E-06
   12   1.1725  1.38E-02 3.827E-04 7.495E-03 1.163E-06 3.254E-04 2.772E-02 1.224E-01 1.370E-01 3.683E-01 2.670E+00 6.806E-02 6.98E-06
   13   1.1863  1.38E-02 4.135E-04 7.444E-03 1.149E-06 3.532E-04 2.881E-02 1.220E-01 1.364E-01 3.631E-01 2.815E+00 6.961E-02 6.89E-06
   14   1.2001  1.37E-02 4.428E-04 7.395E-03 1.135E-06 3.795E-04 2.981E-02 1.216E-01 1.372E-01 3.576E-01 2.940E+00 7.089E-02 6.81E-06
   15   1.2138  1.37E-02 4.707E-04 7.349E-03 1.123E-06 4.041E-04 3.073E-02 1.212E-01 1.395E-01 3.531E-01 3.049E+00 6.965E-02 6.74E-06
   16   1.2275  1.37E-02 4.974E-04 7.303E-03 1.114E-06 4.272E-04 3.159E-02 1.209E-01 1.419E-01 3.528E-01 3.144E+00 6.694E-02 6.69E-06
   17   1.2412  1.36E-02 5.234E-04 7.260E-03 1.110E-06 4.489E-04 3.241E-02 1.205E-01 1.441E-01 3.526E-01 3.228E+00 6.568E-02 6.66E-06
   18   1.2548  1.36E-02 5.487E-04 7.218E-03 1.109E-06 4.690E-04 3.318E-02 1.201E-01 1.485E-01 3.503E-01 3.301E+00 6.664E-02 6.66E-06
   19   1.2684  1.35E-02 5.730E-04 7.178E-03 1.112E-06 4.878E-04 3.390E-02 1.198E-01 1.506E-01 3.478E-01 3.366E+00 6.728E-02 6.67E-06
   20   1.2819  1.34E-02 5.963E-04 7.139E-03 1.118E-06 5.053E-04 3.459E-02 1.195E-01 1.528E-01 3.457E-01 3.424E+00 6.578E-02 6.71E-06
   21   1.2953  1.34E-02 6.187E-04 7.101E-03 1.126E-06 5.216E-04 3.523E-02 1.192E-01 1.566E-01 3.459E-01 3.475E+00 6.341E-02 6.76E-06
   22   1.3087  1.34E-02 6.405E-04 7.064E-03 1.135E-06 5.369E-04 3.584E-02 1.189E-01 1.600E-01 3.461E-01 3.521E+00 6.204E-02 6.81E-06
   23   1.3221  1.34E-02 6.618E-04 7.028E-03 1.145E-06 5.514E-04 3.643E-02 1.186E-01 1.631E-01 3.450E-01 3.563E+00 6.157E-02 6.87E-06
   24   1.3355  1.34E-02 6.827E-04 6.993E-03 1.154E-06 5.652E-04 3.700E-02 1.183E-01 1.659E-01 3.429E-01 3.600E+00 6.109E-02 6.92E-06
   25   1.3490  1.34E-02 7.029E-04 6.959E-03 1.163E-06 5.782E-04 3.754E-02 1.180E-01 1.693E-01 3.416E-01 3.635E+00 6.052E-02 6.98E-06
   26   1.3623  1.33E-02 7.225E-04 6.926E-03 1.171E-06 5.906E-04 3.805E-02 1.177E-01 1.705E-01 3.437E-01 3.665E+00 6.005E-02 7.02E-06
   27   1.3756  1.33E-02 7.415E-04 6.894E-03 1.177E-06 6.025E-04 3.855E-02 1.174E-01 1.705E-01 3.446E-01 3.693E+00 5.939E-02 7.06E-06
   28   1.3890  1.34E-02 7.599E-04 6.862E-03 1.182E-06 6.139E-04 3.902E-02 1.171E-01 1.702E-01 3.443E-01 3.719E+00 5.836E-02 7.09E-06
   29   1.4023  1.33E-02 7.780E-04 6.831E-03 1.186E-06 6.250E-04 3.948E-02 1.169E-01 1.702E-01 3.428E-01 3.743E+00 5.746E-02 7.12E-06
   30   1.4157  1.32E-02 7.957E-04 6.801E-03 1.189E-06 6.356E-04 3.992E-02 1.166E-01 1.703E-01 3.408E-01 3.764E+00 5.718E-02 7.14E-06
   31   1.4289  1.32E-02 8.128E-04 6.771E-03 1.191E-06 6.459E-04 4.035E-02 1.164E-01 1.703E-01 3.421E-01 3.784E+00 5.724E-02 7.15E-06
   32   1.4421  1.31E-02 8.294E-04 6.743E-03 1.192E-06 6.560E-04 4.076E-02 1.161E-01 1.699E-01 3.422E-01 3.803E+00 5.692E-02 7.15E-06
   33   1.4552  1.31E-02 8.455E-04 6.715E-03 1.192E-06 6.657E-04 4.115E-02 1.159E-01 1.709E-01 3.411E-01 3.820E+00 5.601E-02 7.15E-06
   34   1.4683  1.31E-02 8.612E-04 6.687E-03 1.192E-06 6.752E-04 4.153E-02 1.156E-01 1.737E-01 3.390E-01 3.836E+00 5.492E-02 7.15E-06
   35   1.4814  1.31E-02 8.765E-04 6.660E-03 1.191E-06 6.844E-04 4.189E-02 1.154E-01 1.747E-01 3.363E-01 3.851E+00 5.422E-02 7.15E-06
   36   1.4946  1.31E-02 8.915E-04 6.633E-03 1.191E-06 6.935E-04 4.225E-02 1.152E-01 1.743E-01 3.355E-01 3.865E+00 5.394E-02 7.14E-06
   37   1.5076  1.30E-02 9.061E-04 6.607E-03 1.190E-06 7.024E-04 4.259E-02 1.150E-01 1.778E-01 3.360E-01 3.878E+00 5.370E-02 7.14E-06
   38   1.5207  1.30E-02 9.204E-04 6.582E-03 1.190E-06 7.111E-04 4.292E-02 1.147E-01 1.811E-01 3.373E-01 3.890E+00 5.324E-02 7.14E-06
   39   1.5337  1.30E-02 9.342E-04 6.556E-03 1.189E-06 7.196E-04 4.324E-02 1.145E-01 1.836E-01 3.390E-01 3.901E+00 5.265E-02 7.14E-06
   40   1.5467  1.30E-02 9.477E-04 6.532E-03 1.189E-06 7.280E-04 4.355E-02 1.143E-01 1.856E-01 3.409E-01 3.912E+00 5.206E-02 7.14E-06
   41   1.5597  1.31E-02 9.610E-04 6.507E-03 1.190E-06 7.362E-04 4.385E-02 1.141E-01 1.870E-01 3.423E-01 3.922E+00 5.149E-02 7.14E-06
   42   1.5728  1.31E-02 9.739E-04 6.483E-03 1.190E-06 7.443E-04 4.414E-02 1.139E-01 1.896E-01 3.427E-01 3.931E+00 5.100E-02 7.14E-06
   43   1.5859  1.31E-02 9.867E-04 6.459E-03 1.190E-06 7.522E-04 4.443E-02 1.137E-01 1.956E-01 3.421E-01 3.940E+00 5.068E-02 7.14E-06
   44   1.5990  1.32E-02 9.991E-04 6.435E-03 1.191E-06 7.600E-04 4.471E-02 1.134E-01 2.003E-01 3.404E-01 3.949E+00 5.043E-02 7.15E-06
   45   1.6122  1.32E-02 1.011E-03 6.412E-03 1.191E-06 7.678E-04 4.498E-02 1.132E-01 2.041E-01 3.381E-01 3.957E+00 5.005E-02 7.15E-06
   46   1.6253  1.31E-02 1.023E-03 6.389E-03 1.192E-06 7.753E-04 4.524E-02 1.130E-01 2.071E-01 3.358E-01 3.965E+00 4.944E-02 7.15E-06
   47   1.6385  1.32E-02 1.035E-03 6.366E-03 1.193E-06 7.827E-04 4.549E-02 1.128E-01 2.094E-01 3.337E-01 3.972E+00 4.879E-02 7.16E-06
   48   1.6516  1.31E-02 1.046E-03 6.343E-03 1.193E-06 7.900E-04 4.574E-02 1.126E-01 2.108E-01 3.321E-01 3.979E+00 4.832E-02 7.16E-06
   49   1.6647  1.31E-02 1.057E-03 6.321E-03 1.194E-06 7.971E-04 4.598E-02 1.124E-01 2.114E-01 3.329E-01 3.985E+00 4.803E-02 7.16E-06
   50   1.6778  1.31E-02 1.068E-03 6.299E-03 1.194E-06 8.041E-04 4.621E-02 1.122E-01 2.109E-01 3.332E-01 3.991E+00 4.775E-02 7.16E-06
   51   1.6909  1.31E-02 1.079E-03 6.277E-03 1.194E-06 8.110E-04 4.644E-02 1.120E-01 2.094E-01 3.329E-01 3.997E+00 4.736E-02 7.17E-06
   52   1.7040  1.31E-02 1.089E-03 6.256E-03 1.195E-06 8.176E-04 4.666E-02 1.119E-01 2.073E-01 3.322E-01 4.002E+00 4.686E-02 7.17E-06
   53   1.7171  1.31E-02 1.099E-03 6.235E-03 1.195E-06 8.242E-04 4.688E-02 1.117E-01 2.058E-01 3.309E-01 4.008E+00 4.637E-02 7.17E-06
   54   1.7302  1.31E-02 1.109E-03 6.214E-03 1.195E-06 8.306E-04 4.708E-02 1.115E-01 2.051E-01 3.290E-01 4.013E+00 4.596E-02 7.17E-06
   55   1.7433  1.30E-02 1.119E-03 6.193E-03 1.195E-06 8.369E-04 4.729E-02 1.113E-01 2.033E-01 3.286E-01 4.017E+00 4.563E-02 7.17E-06
   56   1.7564  1.30E-02 1.128E-03 6.173E-03 1.195E-06 8.430E-04 4.749E-02 1.111E-01 2.006E-01 3.289E-01 4.022E+00 4.534E-02 7.17E-06
   57   1.7694  1.29E-02 1.137E-03 6.153E-03 1.195E-06 8.490E-04 4.768E-02 1.109E-01 1.975E-01 3.278E-01 4.026E+00 4.503E-02 7.17E-06
   58   1.7823  1.29E-02 1.146E-03 6.133E-03 1.195E-06 8.548E-04 4.787E-02 1.108E-01 1.987E-01 3.253E-01 4.030E+00 4.469E-02 7.17E-06
   59   1.7952  1.28E-02 1.155E-03 6.113E-03 1.196E-06 8.604E-04 4.805E-02 1.106E-01 2.014E-01 3.261E-01 4.033E+00 4.428E-02 7.17E-06
   60   1.8081  1.28E-02 1.164E-03 6.094E-03 1.196E-06 8.659E-04 4.822E-02 1.104E-01 2.032E-01 3.271E-01 4.037E+00 4.388E-02 7.18E-06
   61   1.8209  1.28E-02 1.172E-03 6.075E-03 1.197E-06 8.713E-04 4.839E-02 1.102E-01 2.042E-01 3.276E-01 4.040E+00 4.355E-02 7.18E-06
   62   1.8337  1.28E-02 1.180E-03 6.056E-03 1.198E-06 8.765E-04 4.856E-02 1.101E-01 2.046E-01 3.277E-01 4.043E+00 4.331E-02 7.19E-06
   63   1.8465  1.28E-02 1.188E-03 6.038E-03 1.199E-06 8.816E-04 4.872E-02 1.099E-01 2.045E-01 3.274E-01 4.046E+00 4.309E-02 7.19E-06
   64   1.8593  1.28E-02 1.196E-03 6.019E-03 1.199E-06 8.865E-04 4.888E-02 1.097E-01 2.039E-01 3.265E-01 4.049E+00 4.280E-02 7.20E-06
   65   1.8721  1.28E-02 1.204E-03 6.001E-03 1.200E-06 8.914E-04 4.904E-02 1.096E-01 2.029E-01 3.251E-01 4.051E+00 4.245E-02 7.20E-06
   66   1.8849  1.28E-02 1.211E-03 5.983E-03 1.201E-06 8.961E-04 4.919E-02 1.094E-01 2.045E-01 3.246E-01 4.054E+00 4.210E-02 7.21E-06
   67   1.8978  1.29E-02 1.218E-03 5.965E-03 1.202E-06 9.008E-04 4.933E-02 1.092E-01 2.070E-01 3.286E-01 4.056E+00 4.181E-02 7.21E-06
   68   1.9106  1.29E-02 1.225E-03 5.947E-03 1.203E-06 9.053E-04 4.948E-02 1.091E-01 2.084E-01 3.319E-01 4.058E+00 4.157E-02 7.22E-06
   69   1.9235  1.28E-02 1.232E-03 5.930E-03 1.204E-06 9.098E-04 4.962E-02 1.089E-01 2.091E-01 3.345E-01 4.060E+00 4.134E-02 7.22E-06
   70   1.9364  1.28E-02 1.239E-03 5.912E-03 1.205E-06 9.141E-04 4.976E-02 1.087E-01 2.091E-01 3.364E-01 4.062E+00 4.108E-02 7.23E-06
   71   1.9492  1.28E-02 1.246E-03 5.895E-03 1.205E-06 9.183E-04 4.989E-02 1.086E-01 2.092E-01 3.375E-01 4.064E+00 4.080E-02 7.23E-06
   72   1.9620  1.27E-02 1.253E-03 5.878E-03 1.206E-06 9.225E-04 5.002E-02 1.084E-01 2.096E-01 3.377E-01 4.065E+00 4.050E-02 7.23E-06
   73   1.9747  1.27E-02 1.259E-03 5.861E-03 1.206E-06 9.265E-04 5.015E-02 1.083E-01 2.095E-01 3.370E-01 4.067E+00 4.022E-02 7.24E-06
   74   1.9874  1.27E-02 1.265E-03 5.845E-03 1.206E-06 9.304E-04 5.027E-02 1.081E-01 2.118E-01 3.354E-01 4.068E+00 3.997E-02 7.24E-06
   75   2.0001  1.26E-02 1.271E-03 5.828E-03 1.206E-06 9.342E-04 5.039E-02 1.080E-01 2.135E-01 3.331E-01 4.070E+00 3.975E-02 7.24E-06
   76   2.0127  1.26E-02 1.277E-03 5.812E-03 1.207E-06 9.379E-04 5.050E-02 1.078E-01 2.146E-01 3.303E-01 4.071E+00 3.953E-02 7.24E-06
   77   2.0254  1.26E-02 1.283E-03 5.796E-03 1.207E-06 9.416E-04 5.062E-02 1.077E-01 2.151E-01 3.272E-01 4.072E+00 3.929E-02 7.24E-06
   78   2.0380  1.26E-02 1.288E-03 5.780E-03 1.207E-06 9.451E-04 5.073E-02 1.075E-01 2.153E-01 3.279E-01 4.073E+00 3.903E-02 7.24E-06
   79   2.0506  1.26E-02 1.294E-03 5.765E-03 1.207E-06 9.486E-04 5.083E-02 1.074E-01 2.155E-01 3.284E-01 4.074E+00 3.877E-02 7.24E-06
   80   2.0632  1.26E-02 1.299E-03 5.749E-03 1.208E-06 9.520E-04 5.094E-02 1.072E-01 2.156E-01 3.284E-01 4.075E+00 3.854E-02 7.25E-06
   81   2.0758  1.26E-02 1.304E-03 5.734E-03 1.208E-06 9.553E-04 5.104E-02 1.071E-01 2.157E-01 3.279E-01 4.075E+00 3.834E-02 7.25E-06
   82   2.0884  1.26E-02 1.310E-03 5.719E-03 1.208E-06 9.586E-04 5.114E-02 1.069E-01 2.155E-01 3.270E-01 4.076E+00 3.816E-02 7.25E-06
   83   2.1010  1.26E-02 1.315E-03 5.704E-03 1.208E-06 9.617E-04 5.124E-02 1.068E-01 2.147E-01 3.257E-01 4.076E+00 3.796E-02 7.25E-06
   84   2.1136  1.27E-02 1.319E-03 5.689E-03 1.209E-06 9.649E-04 5.133E-02 1.067E-01 2.129E-01 3.241E-01 4.077E+00 3.775E-02 7.25E-06
   85   2.1263  1.27E-02 1.324E-03 5.674E-03 1.209E-06 9.679E-04 5.142E-02 1.065E-01 2.149E-01 3.223E-01 4.077E+00 3.752E-02 7.26E-06
   86   2.1389  1.26E-02 1.329E-03 5.659E-03 1.210E-06 9.709E-04 5.152E-02 1.064E-01 2.172E-01 3.212E-01 4.077E+00 3.729E-02 7.26E-06
   87   2.1516  1.26E-02 1.334E-03 5.644E-03 1.210E-06 9.738E-04 5.160E-02 1.062E-01 2.195E-01 3.225E-01 4.078E+00 3.709E-02 7.26E-06
   88   2.1642  1.26E-02 1.338E-03 5.630E-03 1.210E-06 9.766E-04 5.169E-02 1.061E-01 2.215E-01 3.234E-01 4.078E+00 3.691E-02 7.26E-06
   89   2.1768  1.26E-02 1.342E-03 5.616E-03 1.210E-06 9.794E-04 5.177E-02 1.060E-01 2.227E-01 3.240E-01 4.078E+00 3.673E-02 7.26E-06
   90   2.1893  1.25E-02 1.347E-03 5.602E-03 1.210E-06 9.821E-04 5.185E-02 1.058E-01 2.229E-01 3.245E-01 4.078E+00 3.655E-02 7.26E-06
   91   2.2019  1.25E-02 1.351E-03 5.588E-03 1.210E-06 9.847E-04 5.193E-02 1.057E-01 2.219E-01 3.249E-01 4.077E+00 3.636E-02 7.26E-06
   92   2.2144  1.25E-02 1.355E-03 5.574E-03 1.210E-06 9.873E-04 5.201E-02 1.056E-01 2.198E-01 3.252E-01 4.077E+00 3.615E-02 7.26E-06
   93   2.2269  1.26E-02 1.358E-03 5.560E-03 1.209E-06 9.898E-04 5.208E-02 1.055E-01 2.168E-01 3.255E-01 4.077E+00 3.595E-02 7.26E-06
   94   2.2395  1.26E-02 1.362E-03 5.547E-03 1.209E-06 9.922E-04 5.215E-02 1.053E-01 2.130E-01 3.268E-01 4.077E+00 3.576E-02 7.25E-06
   95   2.2521  1.26E-02 1.366E-03 5.533E-03 1.209E-06 9.946E-04 5.222E-02 1.052E-01 2.141E-01 3.286E-01 4.076E+00 3.559E-02 7.25E-06
   96   2.2647  1.26E-02 1.370E-03 5.520E-03 1.209E-06 9.969E-04 5.229E-02 1.051E-01 2.153E-01 3.300E-01 4.076E+00 3.543E-02 7.25E-06
   97   2.2773  1.26E-02 1.373E-03 5.507E-03 1.209E-06 9.992E-04 5.236E-02 1.049E-01 2.159E-01 3.309E-01 4.075E+00 3.526E-02 7.25E-06
   98   2.2899  1.26E-02 1.377E-03 5.493E-03 1.209E-06 1.001E-03 5.242E-02 1.048E-01 2.159E-01 3.319E-01 4.075E+00 3.508E-02 7.25E-06
   99   2.3024  1.26E-02 1.380E-03 5.480E-03 1.209E-06 1.003E-03 5.249E-02 1.047E-01 2.166E-01 3.336E-01 4.074E+00 3.491E-02 7.26E-06
  100   2.3150  1.26E-02 1.383E-03 5.467E-03 1.210E-06 1.006E-03 5.255E-02 1.046E-01 2.187E-01 3.349E-01 4.074E+00 3.474E-02 7.26E-06
  101   2.3277  1.27E-02 1.386E-03 5.455E-03 1.210E-06 1.008E-03 5.261E-02 1.044E-01 2.202E-01 3.358E-01 4.073E+00 3.458E-02 7.26E-06
  102   2.3403  1.27E-02 1.389E-03 5.442E-03 1.211E-06 1.009E-03 5.267E-02 1.043E-01 2.210E-01 3.360E-01 4.072E+00 3.442E-02 7.26E-06
  103   2.3530  1.27E-02 1.392E-03 5.429E-03 1.211E-06 1.011E-03 5.272E-02 1.042E-01 2.212E-01 3.355E-01 4.071E+00 3.426E-02 7.27E-06
  104   2.3657  1.27E-02 1.395E-03 5.417E-03 1.212E-06 1.013E-03 5.278E-02 1.041E-01 2.216E-01 3.342E-01 4.070E+00 3.410E-02 7.27E-06
  105   2.3784  1.27E-02 1.398E-03 5.404E-03 1.212E-06 1.015E-03 5.283E-02 1.040E-01 2.218E-01 3.323E-01 4.070E+00 3.393E-02 7.27E-06
  106   2.3911  1.27E-02 1.401E-03 5.392E-03 1.213E-06 1.017E-03 5.288E-02 1.038E-01 2.219E-01 3.307E-01 4.069E+00 3.376E-02 7.28E-06
  107   2.4038  1.27E-02 1.404E-03 5.379E-03 1.213E-06 1.018E-03 5.293E-02 1.037E-01 2.218E-01 3.294E-01 4.068E+00 3.360E-02 7.28E-06
  108   2.4165  1.27E-02 1.406E-03 5.367E-03 1.214E-06 1.020E-03 5.298E-02 1.036E-01 2.216E-01 3.281E-01 4.067E+00 3.344E-02 7.28E-06
  109   2.4292  1.27E-02 1.409E-03 5.355E-03 1.215E-06 1.022E-03 5.303E-02 1.035E-01 2.213E-01 3.269E-01 4.066E+00 3.329E-02 7.29E-06
  110   2.4419  1.27E-02 1.411E-03 5.343E-03 1.215E-06 1.023E-03 5.307E-02 1.034E-01 2.207E-01 3.260E-01 4.064E+00 3.313E-02 7.29E-06
  111   2.4546  1.27E-02 1.413E-03 5.331E-03 1.216E-06 1.025E-03 5.312E-02 1.033E-01 2.199E-01 3.252E-01 4.063E+00 3.297E-02 7.30E-06
  112   2.4673  1.27E-02 1.416E-03 5.320E-03 1.217E-06 1.026E-03 5.316E-02 1.031E-01 2.217E-01 3.244E-01 4.062E+00 3.281E-02 7.30E-06
  113   2.4800  1.26E-02 1.418E-03 5.308E-03 1.218E-06 1.027E-03 5.320E-02 1.030E-01 2.238E-01 3.235E-01 4.061E+00 3.266E-02 7.31E-06
  114   2.4926  1.26E-02 1.420E-03 5.296E-03 1.219E-06 1.029E-03 5.324E-02 1.029E-01 2.257E-01 3.226E-01 4.060E+00 3.253E-02 7.31E-06
  115   2.5052  1.26E-02 1.422E-03 5.285E-03 1.219E-06 1.030E-03 5.328E-02 1.028E-01 2.275E-01 3.216E-01 4.058E+00 3.240E-02 7.32E-06
  116   2.5178  1.26E-02 1.424E-03 5.274E-03 1.220E-06 1.031E-03 5.332E-02 1.027E-01 2.289E-01 3.202E-01 4.057E+00 3.226E-02 7.32E-06
  117   2.5304  1.26E-02 1.426E-03 5.262E-03 1.221E-06 1.032E-03 5.335E-02 1.026E-01 2.301E-01 3.180E-01 4.056E+00 3.212E-02 7.32E-06
  118   2.5430  1.26E-02 1.428E-03 5.251E-03 1.221E-06 1.034E-03 5.338E-02 1.025E-01 2.310E-01 3.154E-01 4.054E+00 3.199E-02 7.33E-06
  119   2.5556  1.26E-02 1.429E-03 5.240E-03 1.222E-06 1.035E-03 5.342E-02 1.024E-01 2.316E-01 3.137E-01 4.053E+00 3.185E-02 7.33E-06
  120   2.5681  1.25E-02 1.431E-03 5.229E-03 1.222E-06 1.036E-03 5.345E-02 1.023E-01 2.320E-01 3.142E-01 4.051E+00 3.172E-02 7.33E-06
  121   2.5807  1.25E-02 1.433E-03 5.218E-03 1.223E-06 1.037E-03 5.348E-02 1.022E-01 2.322E-01 3.146E-01 4.050E+00 3.160E-02 7.34E-06
  122   2.5932  1.25E-02 1.434E-03 5.208E-03 1.223E-06 1.038E-03 5.351E-02 1.021E-01 2.324E-01 3.149E-01 4.048E+00 3.148E-02 7.34E-06
  123   2.6057  1.25E-02 1.436E-03 5.197E-03 1.224E-06 1.039E-03 5.353E-02 1.019E-01 2.325E-01 3.149E-01 4.047E+00 3.135E-02 7.34E-06
  124   2.6182  1.25E-02 1.437E-03 5.186E-03 1.224E-06 1.040E-03 5.356E-02 1.018E-01 2.326E-01 3.150E-01 4.045E+00 3.122E-02 7.35E-06
  125   2.6307  1.25E-02 1.439E-03 5.176E-03 1.225E-06 1.041E-03 5.359E-02 1.017E-01 2.328E-01 3.161E-01 4.043E+00 3.109E-02 7.35E-06
  126   2.6432  1.24E-02 1.440E-03 5.165E-03 1.226E-06 1.042E-03 5.361E-02 1.016E-01 2.343E-01 3.163E-01 4.042E+00 3.097E-02 7.35E-06
  127   2.6556  1.24E-02 1.441E-03 5.155E-03 1.226E-06 1.043E-03 5.363E-02 1.015E-01 2.367E-01 3.156E-01 4.040E+00 3.085E-02 7.36E-06
  128   2.6680  1.24E-02 1.442E-03 5.145E-03 1.227E-06 1.044E-03 5.365E-02 1.014E-01 2.387E-01 3.141E-01 4.038E+00 3.074E-02 7.36E-06
  129   2.6805  1.24E-02 1.443E-03 5.135E-03 1.228E-06 1.045E-03 5.367E-02 1.013E-01 2.404E-01 3.119E-01 4.036E+00 3.063E-02 7.37E-06
  130   2.6929  1.24E-02 1.444E-03 5.124E-03 1.228E-06 1.045E-03 5.369E-02 1.012E-01 2.418E-01 3.110E-01 4.035E+00 3.051E-02 7.37E-06
  131   2.7053  1.24E-02 1.445E-03 5.114E-03 1.229E-06 1.046E-03 5.371E-02 1.011E-01 2.429E-01 3.115E-01 4.033E+00 3.040E-02 7.37E-06
  132   2.7177  1.24E-02 1.446E-03 5.104E-03 1.229E-06 1.047E-03 5.373E-02 1.010E-01 2.438E-01 3.141E-01 4.031E+00 3.029E-02 7.38E-06
  133   2.7301  1.24E-02 1.447E-03 5.095E-03 1.230E-06 1.048E-03 5.375E-02 1.009E-01 2.443E-01 3.166E-01 4.029E+00 3.018E-02 7.38E-06
  134   2.7424  1.24E-02 1.448E-03 5.085E-03 1.230E-06 1.049E-03 5.376E-02 1.008E-01 2.445E-01 3.191E-01 4.027E+00 3.007E-02 7.38E-06
  135   2.7548  1.24E-02 1.449E-03 5.075E-03 1.231E-06 1.049E-03 5.377E-02 1.007E-01 2.445E-01 3.214E-01 4.025E+00 2.997E-02 7.39E-06
  136   2.7672  1.24E-02 1.450E-03 5.065E-03 1.231E-06 1.050E-03 5.379E-02 1.007E-01 2.442E-01 3.235E-01 4.023E+00 2.985E-02 7.39E-06
  137   2.7796  1.23E-02 1.450E-03 5.056E-03 1.232E-06 1.051E-03 5.380E-02 1.006E-01 2.436E-01 3.255E-01 4.022E+00 2.974E-02 7.39E-06
  138   2.7919  1.23E-02 1.451E-03 5.046E-03 1.232E-06 1.051E-03 5.381E-02 1.005E-01 2.427E-01 3.273E-01 4.020E+00 2.962E-02 7.39E-06
  139   2.8043  1.23E-02 1.451E-03 5.037E-03 1.233E-06 1.052E-03 5.382E-02 1.004E-01 2.417E-01 3.290E-01 4.018E+00 2.952E-02 7.40E-06
  140   2.8166  1.23E-02 1.452E-03 5.027E-03 1.233E-06 1.053E-03 5.383E-02 1.003E-01 2.406E-01 3.304E-01 4.015E+00 2.942E-02 7.40E-06
  141   2.8290  1.24E-02 1.452E-03 5.018E-03 1.234E-06 1.054E-03 5.384E-02 1.002E-01 2.394E-01 3.317E-01 4.013E+00 2.932E-02 7.40E-06
  142   2.8413  1.23E-02 1.453E-03 5.009E-03 1.234E-06 1.054E-03 5.385E-02 1.001E-01 2.412E-01 3.329E-01 4.011E+00 2.922E-02 7.40E-06
  143   2.8536  1.23E-02 1.453E-03 4.999E-03 1.234E-06 1.055E-03 5.385E-02 9.999E-02 2.437E-01 3.339E-01 4.009E+00 2.913E-02 7.41E-06
  144   2.8659  1.23E-02 1.454E-03 4.990E-03 1.235E-06 1.056E-03 5.386E-02 9.990E-02 2.459E-01 3.348E-01 4.007E+00 2.903E-02 7.41E-06
  145   2.8782  1.23E-02 1.454E-03 4.981E-03 1.235E-06 1.056E-03 5.387E-02 9.981E-02 2.477E-01 3.356E-01 4.005E+00 2.893E-02 7.41E-06
  146   2.8905  1.23E-02 1.454E-03 4.972E-03 1.236E-06 1.057E-03 5.387E-02 9.972E-02 2.491E-01 3.364E-01 4.003E+00 2.883E-02 7.41E-06
  147   2.9028  1.23E-02 1.454E-03 4.963E-03 1.236E-06 1.057E-03 5.387E-02 9.963E-02 2.499E-01 3.372E-01 4.001E+00 2.874E-02 7.42E-06
  148   2.9150  1.23E-02 1.454E-03 4.954E-03 1.237E-06 1.058E-03 5.388E-02 9.954E-02 2.501E-01 3.381E-01 3.998E+00 2.864E-02 7.42E-06
  149   2.9273  1.23E-02 1.455E-03 4.946E-03 1.237E-06 1.059E-03 5.388E-02 9.945E-02 2.496E-01 3.390E-01 3.996E+00 2.855E-02 7.42E-06
  150   2.9396  1.22E-02 1.455E-03 4.937E-03 1.238E-06 1.059E-03 5.388E-02 9.937E-02 2.485E-01 3.400E-01 3.994E+00 2.846E-02 7.43E-06
  151   2.9518  1.22E-02 1.455E-03 4.928E-03 1.239E-06 1.060E-03 5.388E-02 9.928E-02 2.467E-01 3.410E-01 3.992E+00 2.837E-02 7.43E-06
  152   2.9640  1.22E-02 1.455E-03 4.919E-03 1.239E-06 1.061E-03 5.388E-02 9.919E-02 2.443E-01 3.420E-01 3.989E+00 2.828E-02 7.43E-06
  153   2.9762  1.22E-02 1.455E-03 4.911E-03 1.239E-06 1.061E-03 5.388E-02 9.910E-02 2.424E-01 3.430E-01 3.987E+00 2.820E-02 7.44E-06
  154   2.9884  1.22E-02 1.455E-03 4.902E-03 1.240E-06 1.062E-03 5.388E-02 9.902E-02 2.418E-01 3.440E-01 3.985E+00 2.811E-02 7.44E-06
  155   3.0006  1.22E-02 1.454E-03 4.894E-03 1.240E-06 1.062E-03 5.388E-02 9.893E-02 2.422E-01 3.449E-01 3.982E+00 2.803E-02 7.44E-06
  156   3.0128  1.22E-02 1.454E-03 4.885E-03 1.239E-06 1.063E-03 5.387E-02 9.885E-02 2.422E-01 3.456E-01 3.980E+00 2.794E-02 7.44E-06
  157   3.0250  1.22E-02 1.454E-03 4.877E-03 1.239E-06 1.064E-03 5.387E-02 9.876E-02 2.416E-01 3.462E-01 3.978E+00 2.785E-02 7.43E-06
  158   3.0373  1.22E-02 1.454E-03 4.869E-03 1.239E-06 1.064E-03 5.387E-02 9.868E-02 2.405E-01 3.466E-01 3.975E+00 2.777E-02 7.43E-06
  159   3.0495  1.22E-02 1.454E-03 4.860E-03 1.239E-06 1.065E-03 5.386E-02 9.859E-02 2.394E-01 3.468E-01 3.973E+00 2.769E-02 7.43E-06
  160   3.0617  1.22E-02 1.453E-03 4.852E-03 1.238E-06 1.066E-03 5.385E-02 9.851E-02 2.406E-01 3.470E-01 3.971E+00 2.760E-02 7.43E-06
  161   3.0740  1.22E-02 1.453E-03 4.844E-03 1.238E-06 1.066E-03 5.385E-02 9.843E-02 2.416E-01 3.471E-01 3.968E+00 2.752E-02 7.43E-06
  162   3.0862  1.22E-02 1.453E-03 4.836E-03 1.238E-06 1.067E-03 5.384E-02 9.834E-02 2.423E-01 3.473E-01 3.966E+00 2.744E-02 7.43E-06
  163   3.0985  1.22E-02 1.452E-03 4.828E-03 1.238E-06 1.068E-03 5.383E-02 9.826E-02 2.426E-01 3.474E-01 3.963E+00 2.736E-02 7.43E-06
  164   3.1107  1.23E-02 1.452E-03 4.820E-03 1.238E-06 1.068E-03 5.383E-02 9.818E-02 2.423E-01 3.476E-01 3.961E+00 2.728E-02 7.43E-06
  165   3.1230  1.23E-02 1.451E-03 4.812E-03 1.238E-06 1.069E-03 5.382E-02 9.810E-02 2.413E-01 3.477E-01 3.958E+00 2.719E-02 7.43E-06
  166   3.1353  1.23E-02 1.451E-03 4.803E-03 1.239E-06 1.069E-03 5.381E-02 9.802E-02 2.416E-01 3.478E-01 3.956E+00 2.711E-02 7.43E-06
  167   3.1476  1.24E-02 1.450E-03 4.795E-03 1.239E-06 1.070E-03 5.380E-02 9.793E-02 2.441E-01 3.477E-01 3.953E+00 2.702E-02 7.43E-06
  168   3.1600  1.24E-02 1.450E-03 4.788E-03 1.239E-06 1.071E-03 5.379E-02 9.785E-02 2.462E-01 3.475E-01 3.950E+00 2.694E-02 7.43E-06
  169   3.1724  1.24E-02 1.449E-03 4.780E-03 1.239E-06 1.071E-03 5.377E-02 9.777E-02 2.477E-01 3.471E-01 3.948E+00 2.686E-02 7.44E-06
  170   3.1847  1.24E-02 1.448E-03 4.772E-03 1.239E-06 1.072E-03 5.376E-02 9.769E-02 2.487E-01 3.465E-01 3.945E+00 2.678E-02 7.44E-06
  171   3.1971  1.24E-02 1.448E-03 4.764E-03 1.239E-06 1.073E-03 5.375E-02 9.761E-02 2.493E-01 3.457E-01 3.942E+00 2.670E-02 7.44E-06
  172   3.2096  1.24E-02 1.447E-03 4.756E-03 1.240E-06 1.073E-03 5.374E-02 9.753E-02 2.492E-01 3.449E-01 3.940E+00 2.663E-02 7.44E-06
  173   3.2219  1.24E-02 1.446E-03 4.748E-03 1.240E-06 1.074E-03 5.372E-02 9.745E-02 2.486E-01 3.439E-01 3.937E+00 2.656E-02 7.44E-06
  174   3.2343  1.24E-02 1.445E-03 4.740E-03 1.240E-06 1.075E-03 5.371E-02 9.737E-02 2.474E-01 3.428E-01 3.934E+00 2.648E-02 7.44E-06
  175   3.2467  1.24E-02 1.445E-03 4.733E-03 1.240E-06 1.075E-03 5.369E-02 9.729E-02 2.456E-01 3.417E-01 3.932E+00 2.641E-02 7.44E-06
  176   3.2592  1.24E-02 1.444E-03 4.725E-03 1.240E-06 1.076E-03 5.368E-02 9.721E-02 2.434E-01 3.404E-01 3.929E+00 2.633E-02 7.44E-06
  177   3.2716  1.24E-02 1.443E-03 4.718E-03 1.241E-06 1.077E-03 5.366E-02 9.713E-02 2.412E-01 3.391E-01 3.926E+00 2.626E-02 7.44E-06
  178   3.2840  1.24E-02 1.442E-03 4.710E-03 1.241E-06 1.077E-03 5.364E-02 9.706E-02 2.421E-01 3.376E-01 3.923E+00 2.619E-02 7.45E-06
  179   3.2964  1.24E-02 1.441E-03 4.702E-03 1.241E-06 1.078E-03 5.363E-02 9.698E-02 2.428E-01 3.359E-01 3.920E+00 2.611E-02 7.45E-06
  180   3.3089  1.24E-02 1.440E-03 4.695E-03 1.242E-06 1.079E-03 5.361E-02 9.690E-02 2.433E-01 3.355E-01 3.918E+00 2.603E-02 7.45E-06
  181   3.3213  1.24E-02 1.439E-03 4.688E-03 1.242E-06 1.080E-03 5.359E-02 9.682E-02 2.435E-01 3.351E-01 3.915E+00 2.595E-02 7.45E-06
  182   3.3337  1.24E-02 1.438E-03 4.680E-03 1.242E-06 1.080E-03 5.357E-02 9.675E-02 2.436E-01 3.346E-01 3.912E+00 2.588E-02 7.45E-06
  183   3.3460  1.24E-02 1.437E-03 4.673E-03 1.242E-06 1.081E-03 5.355E-02 9.667E-02 2.433E-01 3.358E-01 3.909E+00 2.581E-02 7.45E-06
  184   3.3584  1.24E-02 1.436E-03 4.665E-03 1.242E-06 1.082E-03 5.353E-02 9.660E-02 2.428E-01 3.368E-01 3.906E+00 2.573E-02 7.45E-06
  185   3.3708  1.24E-02 1.435E-03 4.658E-03 1.242E-06 1.083E-03 5.351E-02 9.652E-02 2.418E-01 3.375E-01 3.903E+00 2.566E-02 7.45E-06
  186   3.3832  1.24E-02 1.434E-03 4.651E-03 1.242E-06 1.083E-03 5.349E-02 9.645E-02 2.405E-01 3.380E-01 3.900E+00 2.559E-02 7.45E-06
  187   3.3956  1.24E-02 1.433E-03 4.644E-03 1.243E-06 1.084E-03 5.347E-02 9.637E-02 2.388E-01 3.381E-01 3.898E+00 2.552E-02 7.46E-06
  188   3.4081  1.25E-02 1.431E-03 4.636E-03 1.243E-06 1.085E-03 5.345E-02 9.630E-02 2.368E-01 3.379E-01 3.895E+00 2.545E-02 7.46E-06
  189   3.4206  1.25E-02 1.430E-03 4.629E-03 1.243E-06 1.086E-03 5.343E-02 9.622E-02 2.345E-01 3.375E-01 3.892E+00 2.538E-02 7.46E-06
  190   3.4330  1.25E-02 1.429E-03 4.622E-03 1.243E-06 1.086E-03 5.340E-02 9.615E-02 2.320E-01 3.368E-01 3.889E+00 2.531E-02 7.46E-06
  191   3.4455  1.25E-02 1.428E-03 4.615E-03 1.243E-06 1.087E-03 5.338E-02 9.607E-02 2.314E-01 3.362E-01 3.886E+00 2.524E-02 7.46E-06
  192   3.4581  1.25E-02 1.427E-03 4.608E-03 1.243E-06 1.088E-03 5.336E-02 9.600E-02 2.332E-01 3.356E-01 3.883E+00 2.518E-02 7.46E-06
  193   3.4706  1.25E-02 1.425E-03 4.601E-03 1.244E-06 1.089E-03 5.333E-02 9.593E-02 2.353E-01 3.359E-01 3.880E+00 2.511E-02 7.46E-06
  194   3.4831  1.25E-02 1.424E-03 4.594E-03 1.244E-06 1.090E-03 5.331E-02 9.585E-02 2.368E-01 3.364E-01 3.876E+00 2.504E-02 7.46E-06
  195   3.4956  1.25E-02 1.423E-03 4.587E-03 1.244E-06 1.091E-03 5.328E-02 9.578E-02 2.373E-01 3.393E-01 3.873E+00 2.497E-02 7.46E-06
  196   3.5081  1.25E-02 1.421E-03 4.580E-03 1.244E-06 1.092E-03 5.326E-02 9.571E-02 2.370E-01 3.421E-01 3.870E+00 2.490E-02 7.46E-06
  197   3.5205  1.24E-02 1.420E-03 4.573E-03 1.244E-06 1.092E-03 5.323E-02 9.564E-02 2.357E-01 3.448E-01 3.867E+00 2.483E-02 7.46E-06
  198   3.5330  1.24E-02 1.418E-03 4.566E-03 1.243E-06 1.093E-03 5.321E-02 9.556E-02 2.337E-01 3.473E-01 3.864E+00 2.477E-02 7.46E-06
  199   3.5454  1.24E-02 1.417E-03 4.559E-03 1.243E-06 1.094E-03 5.318E-02 9.549E-02 2.310E-01 3.496E-01 3.861E+00 2.471E-02 7.46E-06
  200   3.5579  1.24E-02 1.416E-03 4.553E-03 1.243E-06 1.095E-03 5.315E-02 9.542E-02 2.315E-01 3.516E-01 3.858E+00 2.465E-02 7.46E-06
  201   3.5703  1.24E-02 1.414E-03 4.546E-03 1.243E-06 1.096E-03 5.312E-02 9.535E-02 2.325E-01 3.535E-01 3.855E+00 2.459E-02 7.46E-06
  202   3.5827  1.24E-02 1.413E-03 4.539E-03 1.243E-06 1.097E-03 5.310E-02 9.528E-02 2.332E-01 3.552E-01 3.852E+00 2.452E-02 7.46E-06
  203   3.5951  1.24E-02 1.411E-03 4.533E-03 1.243E-06 1.098E-03 5.307E-02 9.521E-02 2.350E-01 3.567E-01 3.848E+00 2.446E-02 7.46E-06
  204   3.6074  1.24E-02 1.410E-03 4.526E-03 1.243E-06 1.099E-03 5.304E-02 9.514E-02 2.363E-01 3.580E-01 3.845E+00 2.440E-02 7.46E-06
  205   3.6198  1.24E-02 1.408E-03 4.519E-03 1.243E-06 1.100E-03 5.301E-02 9.507E-02 2.372E-01 3.591E-01 3.842E+00 2.434E-02 7.46E-06
  206   3.6321  1.24E-02 1.407E-03 4.513E-03 1.243E-06 1.101E-03 5.298E-02 9.500E-02 2.376E-01 3.600E-01 3.839E+00 2.428E-02 7.46E-06
  207   3.6445  1.24E-02 1.405E-03 4.506E-03 1.243E-06 1.102E-03 5.295E-02 9.494E-02 2.373E-01 3.608E-01 3.836E+00 2.422E-02 7.46E-06
  208   3.6569  1.24E-02 1.404E-03 4.500E-03 1.243E-06 1.103E-03 5.292E-02 9.487E-02 2.364E-01 3.613E-01 3.832E+00 2.416E-02 7.46E-06
  209   3.6693  1.25E-02 1.402E-03 4.493E-03 1.243E-06 1.104E-03 5.289E-02 9.480E-02 2.376E-01 3.617E-01 3.829E+00 2.410E-02 7.46E-06
  210   3.6818  1.25E-02 1.400E-03 4.487E-03 1.242E-06 1.105E-03 5.286E-02 9.473E-02 2.388E-01 3.619E-01 3.826E+00 2.404E-02 7.45E-06
  211   3.6943  1.25E-02 1.399E-03 4.480E-03 1.242E-06 1.106E-03 5.283E-02 9.466E-02 2.398E-01 3.619E-01 3.823E+00 2.397E-02 7.45E-06
  212   3.7068  1.25E-02 1.397E-03 4.474E-03 1.242E-06 1.107E-03 5.280E-02 9.459E-02 2.407E-01 3.616E-01 3.819E+00 2.391E-02 7.45E-06
  213   3.7193  1.25E-02 1.395E-03 4.468E-03 1.241E-06 1.108E-03 5.277E-02 9.453E-02 2.415E-01 3.611E-01 3.816E+00 2.386E-02 7.45E-06
  214   3.7318  1.25E-02 1.394E-03 4.461E-03 1.240E-06 1.109E-03 5.274E-02 9.446E-02 2.421E-01 3.604E-01 3.813E+00 2.380E-02 7.44E-06
  215   3.7443  1.25E-02 1.392E-03 4.455E-03 1.240E-06 1.110E-03 5.271E-02 9.439E-02 2.440E-01 3.596E-01 3.809E+00 2.375E-02 7.44E-06
  216   3.7567  1.24E-02 1.390E-03 4.448E-03 1.239E-06 1.111E-03 5.267E-02 9.432E-02 2.467E-01 3.586E-01 3.806E+00 2.369E-02 7.43E-06
  217   3.7692  1.24E-02 1.388E-03 4.442E-03 1.239E-06 1.112E-03 5.264E-02 9.426E-02 2.486E-01 3.576E-01 3.803E+00 2.364E-02 7.43E-06
  218   3.7816  1.24E-02 1.387E-03 4.436E-03 1.238E-06 1.113E-03 5.261E-02 9.419E-02 2.495E-01 3.569E-01 3.799E+00 2.358E-02 7.43E-06
  219   3.7941  1.24E-02 1.385E-03 4.430E-03 1.237E-06 1.115E-03 5.257E-02 9.412E-02 2.494E-01 3.583E-01 3.796E+00 2.351E-02 7.42E-06
  220   3.8065  1.24E-02 1.383E-03 4.424E-03 1.237E-06 1.116E-03 5.254E-02 9.406E-02 2.485E-01 3.597E-01 3.793E+00 2.345E-02 7.42E-06
  221   3.8189  1.24E-02 1.381E-03 4.417E-03 1.236E-06 1.117E-03 5.250E-02 9.399E-02 2.468E-01 3.610E-01 3.789E+00 2.339E-02 7.42E-06
  222   3.8313  1.24E-02 1.379E-03 4.411E-03 1.236E-06 1.118E-03 5.247E-02 9.393E-02 2.445E-01 3.621E-01 3.786E+00 2.334E-02 7.41E-06
  223   3.8438  1.24E-02 1.378E-03 4.405E-03 1.235E-06 1.119E-03 5.244E-02 9.386E-02 2.419E-01 3.629E-01 3.782E+00 2.329E-02 7.41E-06
  224   3.8562  1.24E-02 1.376E-03 4.399E-03 1.235E-06 1.120E-03 5.240E-02 9.380E-02 2.393E-01 3.634E-01 3.779E+00 2.324E-02 7.41E-06
  225   3.8686  1.24E-02 1.374E-03 4.393E-03 1.234E-06 1.121E-03 5.237E-02 9.373E-02 2.387E-01 3.636E-01 3.776E+00 2.319E-02 7.41E-06
  226   3.8811  1.25E-02 1.372E-03 4.387E-03 1.234E-06 1.122E-03 5.233E-02 9.367E-02 2.383E-01 3.637E-01 3.772E+00 2.313E-02 7.40E-06
  227   3.8935  1.25E-02 1.370E-03 4.381E-03 1.233E-06 1.123E-03 5.229E-02 9.360E-02 2.377E-01 3.636E-01 3.769E+00 2.308E-02 7.40E-06
  228   3.9060  1.25E-02 1.368E-03 4.375E-03 1.232E-06 1.124E-03 5.226E-02 9.354E-02 2.372E-01 3.635E-01 3.765E+00 2.303E-02 7.39E-06
  229   3.9184  1.24E-02 1.366E-03 4.369E-03 1.232E-06 1.125E-03 5.222E-02 9.348E-02 2.367E-01 3.635E-01 3.762E+00 2.297E-02 7.39E-06
  230   3.9309  1.24E-02 1.365E-03 4.363E-03 1.231E-06 1.126E-03 5.219E-02 9.341E-02 2.365E-01 3.635E-01 3.758E+00 2.291E-02 7.39E-06
  231   3.9433  1.24E-02 1.363E-03 4.357E-03 1.230E-06 1.127E-03 5.215E-02 9.335E-02 2.364E-01 3.636E-01 3.755E+00 2.286E-02 7.38E-06
  232   3.9558  1.24E-02 1.361E-03 4.351E-03 1.229E-06 1.128E-03 5.211E-02 9.329E-02 2.364E-01 3.638E-01 3.751E+00 2.280E-02 7.37E-06
  233   3.9682  1.25E-02 1.359E-03 4.345E-03 1.228E-06 1.130E-03 5.207E-02 9.322E-02 2.364E-01 3.639E-01 3.748E+00 2.274E-02 7.37E-06
  234   3.9807  1.25E-02 1.357E-03 4.339E-03 1.227E-06 1.131E-03 5.204E-02 9.316E-02 2.363E-01 3.639E-01 3.744E+00 2.269E-02 7.36E-06
  235   3.9931  1.24E-02 1.355E-03 4.334E-03 1.226E-06 1.132E-03 5.200E-02 9.310E-02 2.358E-01 3.638E-01 3.741E+00 2.264E-02 7.36E-06
  236   4.0056  1.24E-02 1.353E-03 4.328E-03 1.226E-06 1.132E-03 5.196E-02 9.304E-02 2.351E-01 3.640E-01 3.737E+00 2.259E-02 7.35E-06
  237   4.0180  1.24E-02 1.351E-03 4.322E-03 1.225E-06 1.133E-03 5.192E-02 9.297E-02 2.343E-01 3.647E-01 3.734E+00 2.254E-02 7.35E-06
  238   4.0304  1.24E-02 1.349E-03 4.316E-03 1.225E-06 1.134E-03 5.188E-02 9.291E-02 2.350E-01 3.651E-01 3.730E+00 2.250E-02 7.35E-06
  239   4.0428  1.24E-02 1.347E-03 4.311E-03 1.225E-06 1.135E-03 5.185E-02 9.285E-02 2.352E-01 3.652E-01 3.726E+00 2.246E-02 7.35E-06
  240   4.0551  1.24E-02 1.345E-03 4.305E-03 1.225E-06 1.136E-03 5.181E-02 9.279E-02 2.350E-01 3.650E-01 3.723E+00 2.242E-02 7.35E-06
  241   4.0675  1.24E-02 1.343E-03 4.299E-03 1.226E-06 1.137E-03 5.177E-02 9.273E-02 2.343E-01 3.647E-01 3.719E+00 2.237E-02 7.35E-06
  242   4.0799  1.24E-02 1.341E-03 4.294E-03 1.226E-06 1.138E-03 5.173E-02 9.267E-02 2.332E-01 3.642E-01 3.716E+00 2.233E-02 7.36E-06
  243   4.0923  1.24E-02 1.339E-03 4.288E-03 1.227E-06 1.139E-03 5.169E-02 9.261E-02 2.327E-01 3.636E-01 3.712E+00 2.228E-02 7.36E-06
  244   4.1047  1.24E-02 1.337E-03 4.282E-03 1.228E-06 1.140E-03 5.165E-02 9.255E-02 2.329E-01 3.630E-01 3.708E+00 2.222E-02 7.37E-06
  245   4.1172  1.24E-02 1.335E-03 4.277E-03 1.228E-06 1.140E-03 5.161E-02 9.249E-02 2.327E-01 3.625E-01 3.705E+00 2.217E-02 7.37E-06
  246   4.1296  1.25E-02 1.333E-03 4.271E-03 1.229E-06 1.141E-03 5.157E-02 9.243E-02 2.329E-01 3.621E-01 3.701E+00 2.211E-02 7.37E-06
  247   4.1420  1.25E-02 1.330E-03 4.266E-03 1.229E-06 1.142E-03 5.153E-02 9.236E-02 2.333E-01 3.618E-01 3.698E+00 2.206E-02 7.38E-06
  248   4.1545  1.25E-02 1.328E-03 4.260E-03 1.230E-06 1.143E-03 5.149E-02 9.230E-02 2.342E-01 3.616E-01 3.694E+00 2.201E-02 7.38E-06
  249   4.1670  1.25E-02 1.326E-03 4.255E-03 1.230E-06 1.144E-03 5.145E-02 9.224E-02 2.346E-01 3.614E-01 3.690E+00 2.197E-02 7.38E-06
  250   4.1795  1.25E-02 1.324E-03 4.249E-03 1.230E-06 1.144E-03 5.141E-02 9.218E-02 2.348E-01 3.612E-01 3.687E+00 2.193E-02 7.38E-06
  251   4.1921  1.26E-02 1.322E-03 4.243E-03 1.230E-06 1.145E-03 5.137E-02 9.212E-02 2.354E-01 3.608E-01 3.683E+00 2.189E-02 7.38E-06
  252   4.2046  1.26E-02 1.320E-03 4.238E-03 1.230E-06 1.146E-03 5.133E-02 9.206E-02 2.356E-01 3.605E-01 3.679E+00 2.185E-02 7.38E-06
  253   4.2172  1.26E-02 1.318E-03 4.232E-03 1.230E-06 1.147E-03 5.128E-02 9.200E-02 2.354E-01 3.611E-01 3.675E+00 2.180E-02 7.38E-06
  254   4.2298  1.26E-02 1.316E-03 4.227E-03 1.229E-06 1.147E-03 5.124E-02 9.194E-02 2.347E-01 3.616E-01 3.672E+00 2.175E-02 7.38E-06
  255   4.2425  1.27E-02 1.313E-03 4.221E-03 1.229E-06 1.148E-03 5.120E-02 9.189E-02 2.336E-01 3.620E-01 3.668E+00 2.170E-02 7.38E-06
  256   4.2551  1.27E-02 1.311E-03 4.216E-03 1.229E-06 1.149E-03 5.116E-02 9.183E-02 2.321E-01 3.627E-01 3.664E+00 2.165E-02 7.38E-06
  257   4.2678  1.27E-02 1.309E-03 4.211E-03 1.229E-06 1.149E-03 5.111E-02 9.177E-02 2.304E-01 3.641E-01 3.660E+00 2.160E-02 7.38E-06
  258   4.2805  1.27E-02 1.307E-03 4.205E-03 1.229E-06 1.150E-03 5.107E-02 9.171E-02 2.286E-01 3.654E-01 3.657E+00 2.156E-02 7.38E-06
  259   4.2932  1.27E-02 1.305E-03 4.200E-03 1.230E-06 1.151E-03 5.103E-02 9.165E-02 2.303E-01 3.665E-01 3.653E+00 2.152E-02 7.38E-06
  260   4.3058  1.27E-02 1.302E-03 4.194E-03 1.230E-06 1.151E-03 5.098E-02 9.159E-02 2.317E-01 3.675E-01 3.649E+00 2.147E-02 7.38E-06
  261   4.3185  1.27E-02 1.300E-03 4.189E-03 1.230E-06 1.152E-03 5.094E-02 9.153E-02 2.327E-01 3.682E-01 3.645E+00 2.142E-02 7.38E-06
  262   4.3312  1.27E-02 1.298E-03 4.183E-03 1.231E-06 1.152E-03 5.090E-02 9.147E-02 2.331E-01 3.687E-01 3.641E+00 2.137E-02 7.38E-06
  263   4.3439  1.27E-02 1.296E-03 4.178E-03 1.231E-06 1.153E-03 5.085E-02 9.141E-02 2.330E-01 3.688E-01 3.637E+00 2.131E-02 7.39E-06
  264   4.3565  1.26E-02 1.293E-03 4.173E-03 1.231E-06 1.154E-03 5.081E-02 9.135E-02 2.322E-01 3.687E-01 3.634E+00 2.126E-02 7.39E-06
  265   4.3692  1.26E-02 1.291E-03 4.167E-03 1.231E-06 1.154E-03 5.077E-02 9.130E-02 2.308E-01 3.684E-01 3.630E+00 2.122E-02 7.39E-06
  266   4.3818  1.26E-02 1.289E-03 4.162E-03 1.231E-06 1.155E-03 5.072E-02 9.124E-02 2.288E-01 3.679E-01 3.626E+00 2.117E-02 7.38E-06
  267   4.3944  1.26E-02 1.287E-03 4.157E-03 1.230E-06 1.155E-03 5.068E-02 9.118E-02 2.275E-01 3.684E-01 3.622E+00 2.113E-02 7.38E-06
  268   4.4071  1.26E-02 1.284E-03 4.152E-03 1.230E-06 1.156E-03 5.063E-02 9.112E-02 2.276E-01 3.699E-01 3.618E+00 2.109E-02 7.38E-06
  269   4.4197  1.26E-02 1.282E-03 4.146E-03 1.230E-06 1.156E-03 5.059E-02 9.107E-02 2.271E-01 3.712E-01 3.614E+00 2.105E-02 7.38E-06
  270   4.4323  1.26E-02 1.280E-03 4.141E-03 1.229E-06 1.157E-03 5.054E-02 9.101E-02 2.261E-01 3.722E-01 3.611E+00 2.100E-02 7.37E-06
  271   4.4449  1.26E-02 1.278E-03 4.136E-03 1.228E-06 1.157E-03 5.050E-02 9.095E-02 2.246E-01 3.732E-01 3.607E+00 2.096E-02 7.37E-06
  272   4.4575  1.26E-02 1.275E-03 4.131E-03 1.228E-06 1.158E-03 5.045E-02 9.089E-02 2.228E-01 3.741E-01 3.603E+00 2.091E-02 7.37E-06
  273   4.4701  1.26E-02 1.273E-03 4.126E-03 1.227E-06 1.158E-03 5.041E-02 9.084E-02 2.207E-01 3.750E-01 3.599E+00 2.087E-02 7.36E-06
  274   4.4827  1.26E-02 1.271E-03 4.121E-03 1.226E-06 1.159E-03 5.036E-02 9.078E-02 2.186E-01 3.758E-01 3.595E+00 2.083E-02 7.36E-06
  275   4.4953  1.26E-02 1.269E-03 4.116E-03 1.225E-06 1.159E-03 5.032E-02 9.073E-02 2.167E-01 3.767E-01 3.591E+00 2.080E-02 7.35E-06
  276   4.5079  1.26E-02 1.266E-03 4.110E-03 1.224E-06 1.160E-03 5.027E-02 9.067E-02 2.169E-01 3.774E-01 3.587E+00 2.076E-02 7.35E-06
  277   4.5205  1.27E-02 1.264E-03 4.105E-03 1.224E-06 1.160E-03 5.023E-02 9.061E-02 2.163E-01 3.781E-01 3.583E+00 2.072E-02 7.34E-06
  278   4.5332  1.27E-02 1.262E-03 4.100E-03 1.223E-06 1.160E-03 5.018E-02 9.056E-02 2.158E-01 3.787E-01 3.579E+00 2.068E-02 7.34E-06
  279   4.5458  1.27E-02 1.259E-03 4.095E-03 1.222E-06 1.161E-03 5.014E-02 9.050E-02 2.156E-01 3.790E-01 3.575E+00 2.063E-02 7.33E-06
  280   4.5585  1.27E-02 1.257E-03 4.090E-03 1.222E-06 1.161E-03 5.009E-02 9.045E-02 2.168E-01 3.791E-01 3.571E+00 2.059E-02 7.33E-06
  281   4.5712  1.27E-02 1.255E-03 4.085E-03 1.222E-06 1.161E-03 5.005E-02 9.039E-02 2.177E-01 3.791E-01 3.567E+00 2.054E-02 7.33E-06
  282   4.5840  1.27E-02 1.253E-03 4.080E-03 1.222E-06 1.162E-03 5.000E-02 9.033E-02 2.183E-01 3.789E-01 3.563E+00 2.050E-02 7.33E-06
  283   4.5967  1.27E-02 1.250E-03 4.075E-03 1.222E-06 1.162E-03 4.995E-02 9.028E-02 2.187E-01 3.788E-01 3.559E+00 2.046E-02 7.33E-06
  284   4.6094  1.27E-02 1.248E-03 4.070E-03 1.222E-06 1.162E-03 4.991E-02 9.022E-02 2.197E-01 3.787E-01 3.555E+00 2.042E-02 7.33E-06
  285   4.6222  1.27E-02 1.246E-03 4.065E-03 1.222E-06 1.162E-03 4.986E-02 9.017E-02 2.205E-01 3.788E-01 3.551E+00 2.038E-02 7.33E-06
  286   4.6349  1.27E-02 1.243E-03 4.060E-03 1.222E-06 1.162E-03 4.981E-02 9.011E-02 2.212E-01 3.790E-01 3.547E+00 2.035E-02 7.33E-06
  287   4.6476  1.27E-02 1.241E-03 4.055E-03 1.222E-06 1.163E-03 4.977E-02 9.006E-02 2.215E-01 3.794E-01 3.543E+00 2.031E-02 7.33E-06
  288   4.6603  1.27E-02 1.239E-03 4.050E-03 1.222E-06 1.163E-03 4.972E-02 9.000E-02 2.217E-01 3.800E-01 3.539E+00 2.028E-02 7.33E-06
  289   4.6730  1.27E-02 1.236E-03 4.045E-03 1.221E-06 1.163E-03 4.967E-02 8.995E-02 2.216E-01 3.807E-01 3.535E+00 2.024E-02 7.33E-06
  290   4.6857  1.27E-02 1.234E-03 4.040E-03 1.221E-06 1.163E-03 4.963E-02 8.989E-02 2.213E-01 3.813E-01 3.531E+00 2.020E-02 7.33E-06
  291   4.6985  1.27E-02 1.232E-03 4.035E-03 1.221E-06 1.163E-03 4.958E-02 8.984E-02 2.209E-01 3.819E-01 3.527E+00 2.015E-02 7.33E-06
  292   4.7112  1.27E-02 1.229E-03 4.031E-03 1.222E-06 1.163E-03 4.953E-02 8.978E-02 2.205E-01 3.822E-01 3.523E+00 2.011E-02 7.33E-06
  293   4.7239  1.27E-02 1.227E-03 4.026E-03 1.222E-06 1.163E-03 4.948E-02 8.973E-02 2.201E-01 3.833E-01 3.519E+00 2.006E-02 7.33E-06
  294   4.7366  1.27E-02 1.224E-03 4.021E-03 1.222E-06 1.163E-03 4.944E-02 8.968E-02 2.197E-01 3.845E-01 3.515E+00 2.002E-02 7.33E-06
  295   4.7494  1.27E-02 1.222E-03 4.016E-03 1.223E-06 1.163E-03 4.939E-02 8.962E-02 2.193E-01 3.855E-01 3.511E+00 1.997E-02 7.34E-06
  296   4.7621  1.27E-02 1.220E-03 4.011E-03 1.224E-06 1.163E-03 4.934E-02 8.957E-02 2.189E-01 3.863E-01 3.507E+00 1.993E-02 7.34E-06
  297   4.7748  1.27E-02 1.217E-03 4.006E-03 1.224E-06 1.162E-03 4.929E-02 8.951E-02 2.192E-01 3.868E-01 3.503E+00 1.989E-02 7.35E-06
  298   4.7876  1.27E-02 1.215E-03 4.002E-03 1.225E-06 1.162E-03 4.925E-02 8.946E-02 2.192E-01 3.872E-01 3.499E+00 1.986E-02 7.35E-06
  299   4.8003  1.27E-02 1.213E-03 3.997E-03 1.225E-06 1.162E-03 4.920E-02 8.941E-02 2.207E-01 3.873E-01 3.495E+00 1.982E-02 7.35E-06
  300   4.8130  1.27E-02 1.210E-03 3.992E-03 1.226E-06 1.162E-03 4.915E-02 8.935E-02 2.220E-01 3.874E-01 3.491E+00 1.979E-02 7.36E-06
  301   4.8257  1.27E-02 1.208E-03 3.987E-03 1.226E-06 1.162E-03 4.910E-02 8.930E-02 2.228E-01 3.875E-01 3.487E+00 1.976E-02 7.36E-06
  302   4.8384  1.27E-02 1.206E-03 3.982E-03 1.227E-06 1.161E-03 4.906E-02 8.925E-02 2.240E-01 3.876E-01 3.483E+00 1.972E-02 7.36E-06
  303   4.8511  1.27E-02 1.203E-03 3.978E-03 1.227E-06 1.161E-03 4.901E-02 8.919E-02 2.258E-01 3.878E-01 3.479E+00 1.969E-02 7.36E-06
  304   4.8638  1.27E-02 1.201E-03 3.973E-03 1.227E-06 1.161E-03 4.896E-02 8.914E-02 2.269E-01 3.882E-01 3.475E+00 1.965E-02 7.36E-06
  305   4.8765  1.27E-02 1.198E-03 3.968E-03 1.228E-06 1.160E-03 4.891E-02 8.909E-02 2.273E-01 3.887E-01 3.471E+00 1.961E-02 7.37E-06
  306   4.8893  1.27E-02 1.196E-03 3.964E-03 1.228E-06 1.160E-03 4.886E-02 8.904E-02 2.270E-01 3.893E-01 3.467E+00 1.957E-02 7.37E-06
  307   4.9020  1.28E-02 1.194E-03 3.959E-03 1.228E-06 1.160E-03 4.882E-02 8.898E-02 2.261E-01 3.901E-01 3.462E+00 1.953E-02 7.37E-06
  308   4.9148  1.27E-02 1.191E-03 3.954E-03 1.228E-06 1.159E-03 4.877E-02 8.893E-02 2.246E-01 3.908E-01 3.458E+00 1.948E-02 7.37E-06
  309   4.9275  1.27E-02 1.189E-03 3.950E-03 1.229E-06 1.159E-03 4.872E-02 8.888E-02 2.227E-01 3.915E-01 3.454E+00 1.945E-02 7.37E-06
  310   4.9402  1.27E-02 1.187E-03 3.945E-03 1.229E-06 1.159E-03 4.867E-02 8.883E-02 2.204E-01 3.920E-01 3.450E+00 1.941E-02 7.37E-06
  311   4.9529  1.27E-02 1.184E-03 3.940E-03 1.229E-06 1.158E-03 4.862E-02 8.877E-02 2.178E-01 3.923E-01 3.446E+00 1.937E-02 7.37E-06
  312   4.9657  1.27E-02 1.182E-03 3.936E-03 1.229E-06 1.158E-03 4.857E-02 8.872E-02 2.152E-01 3.924E-01 3.442E+00 1.933E-02 7.38E-06
  313   4.9784  1.28E-02 1.180E-03 3.931E-03 1.230E-06 1.157E-03 4.853E-02 8.867E-02 2.125E-01 3.923E-01 3.438E+00 1.930E-02 7.38E-06
  314   4.9912  1.28E-02 1.177E-03 3.927E-03 1.230E-06 1.157E-03 4.848E-02 8.862E-02 2.123E-01 3.920E-01 3.434E+00 1.926E-02 7.38E-06
  315   5.0040  1.28E-02 1.175E-03 3.922E-03 1.230E-06 1.156E-03 4.843E-02 8.857E-02 2.146E-01 3.916E-01 3.429E+00 1.923E-02 7.38E-06
  316   5.0168  1.28E-02 1.172E-03 3.917E-03 1.230E-06 1.156E-03 4.838E-02 8.851E-02 2.174E-01 3.911E-01 3.425E+00 1.920E-02 7.38E-06
  317   5.0296  1.29E-02 1.170E-03 3.913E-03 1.231E-06 1.155E-03 4.833E-02 8.846E-02 2.198E-01 3.906E-01 3.421E+00 1.916E-02 7.38E-06
  318   5.0425  1.29E-02 1.168E-03 3.908E-03 1.231E-06 1.155E-03 4.828E-02 8.841E-02 2.218E-01 3.902E-01 3.417E+00 1.913E-02 7.39E-06
  319   5.0554  1.29E-02 1.165E-03 3.904E-03 1.231E-06 1.154E-03 4.823E-02 8.836E-02 2.232E-01 3.897E-01 3.413E+00 1.910E-02 7.39E-06
  320   5.0682  1.29E-02 1.163E-03 3.899E-03 1.232E-06 1.154E-03 4.818E-02 8.831E-02 2.240E-01 3.892E-01 3.409E+00 1.907E-02 7.39E-06
  321   5.0811  1.28E-02 1.161E-03 3.895E-03 1.232E-06 1.153E-03 4.813E-02 8.826E-02 2.241E-01 3.886E-01 3.404E+00 1.903E-02 7.39E-06
  322   5.0939  1.28E-02 1.158E-03 3.890E-03 1.232E-06 1.153E-03 4.809E-02 8.820E-02 2.234E-01 3.878E-01 3.400E+00 1.900E-02 7.39E-06
  323   5.1068  1.28E-02 1.156E-03 3.885E-03 1.232E-06 1.152E-03 4.804E-02 8.815E-02 2.221E-01 3.868E-01 3.396E+00 1.896E-02 7.39E-06
  324   5.1196  1.28E-02 1.154E-03 3.881E-03 1.232E-06 1.151E-03 4.799E-02 8.810E-02 2.199E-01 3.856E-01 3.392E+00 1.893E-02 7.39E-06
  325   5.1324  1.28E-02 1.151E-03 3.876E-03 1.232E-06 1.151E-03 4.794E-02 8.805E-02 2.171E-01 3.841E-01 3.388E+00 1.890E-02 7.39E-06
  326   5.1452  1.28E-02 1.149E-03 3.872E-03 1.232E-06 1.150E-03 4.789E-02 8.800E-02 2.137E-01 3.825E-01 3.383E+00 1.886E-02 7.39E-06
  327   5.1580  1.28E-02 1.146E-03 3.868E-03 1.231E-06 1.150E-03 4.784E-02 8.795E-02 2.133E-01 3.807E-01 3.379E+00 1.883E-02 7.39E-06
  328   5.1708  1.28E-02 1.144E-03 3.863E-03 1.231E-06 1.149E-03 4.779E-02 8.790E-02 2.147E-01 3.789E-01 3.375E+00 1.879E-02 7.39E-06
  329   5.1836  1.28E-02 1.142E-03 3.859E-03 1.231E-06 1.148E-03 4.774E-02 8.785E-02 2.180E-01 3.772E-01 3.371E+00 1.875E-02 7.39E-06
  330   5.1964  1.29E-02 1.139E-03 3.854E-03 1.231E-06 1.148E-03 4.769E-02 8.780E-02 2.207E-01 3.770E-01 3.367E+00 1.871E-02 7.39E-06
  331   5.2093  1.28E-02 1.137E-03 3.850E-03 1.231E-06 1.147E-03 4.764E-02 8.775E-02 2.230E-01 3.769E-01 3.363E+00 1.868E-02 7.39E-06
  332   5.2221  1.28E-02 1.135E-03 3.845E-03 1.231E-06 1.146E-03 4.759E-02 8.770E-02 2.247E-01 3.768E-01 3.358E+00 1.864E-02 7.39E-06
  333   5.2350  1.28E-02 1.132E-03 3.841E-03 1.231E-06 1.145E-03 4.754E-02 8.765E-02 2.258E-01 3.768E-01 3.354E+00 1.861E-02 7.38E-06
  334   5.2477  1.28E-02 1.130E-03 3.837E-03 1.230E-06 1.145E-03 4.749E-02 8.760E-02 2.265E-01 3.771E-01 3.350E+00 1.858E-02 7.38E-06
  335   5.2605  1.27E-02 1.128E-03 3.832E-03 1.230E-06 1.144E-03 4.744E-02 8.755E-02 2.266E-01 3.775E-01 3.346E+00 1.855E-02 7.38E-06
  336   5.2732  1.27E-02 1.125E-03 3.828E-03 1.230E-06 1.143E-03 4.740E-02 8.750E-02 2.261E-01 3.780E-01 3.342E+00 1.851E-02 7.38E-06
  337   5.2860  1.27E-02 1.123E-03 3.824E-03 1.230E-06 1.142E-03 4.735E-02 8.745E-02 2.252E-01 3.787E-01 3.337E+00 1.848E-02 7.38E-06
  338   5.2987  1.27E-02 1.121E-03 3.819E-03 1.230E-06 1.142E-03 4.730E-02 8.740E-02 2.237E-01 3.795E-01 3.333E+00 1.844E-02 7.38E-06
  339   5.3114  1.27E-02 1.118E-03 3.815E-03 1.230E-06 1.141E-03 4.725E-02 8.735E-02 2.216E-01 3.809E-01 3.329E+00 1.840E-02 7.38E-06
  340   5.3242  1.28E-02 1.116E-03 3.811E-03 1.230E-06 1.140E-03 4.720E-02 8.730E-02 2.190E-01 3.821E-01 3.325E+00 1.837E-02 7.38E-06
  341   5.3369  1.28E-02 1.114E-03 3.807E-03 1.230E-06 1.139E-03 4.715E-02 8.725E-02 2.159E-01 3.832E-01 3.321E+00 1.834E-02 7.38E-06
  342   5.3497  1.28E-02 1.111E-03 3.802E-03 1.230E-06 1.138E-03 4.710E-02 8.720E-02 2.123E-01 3.841E-01 3.316E+00 1.831E-02 7.38E-06
  343   5.3625  1.28E-02 1.109E-03 3.798E-03 1.230E-06 1.137E-03 4.705E-02 8.715E-02 2.117E-01 3.846E-01 3.312E+00 1.828E-02 7.38E-06
  344   5.3752  1.28E-02 1.107E-03 3.794E-03 1.230E-06 1.136E-03 4.700E-02 8.711E-02 2.135E-01 3.850E-01 3.308E+00 1.825E-02 7.38E-06
  345   5.3880  1.28E-02 1.104E-03 3.789E-03 1.230E-06 1.136E-03 4.695E-02 8.706E-02 2.149E-01 3.851E-01 3.304E+00 1.822E-02 7.38E-06
  346   5.4008  1.28E-02 1.102E-03 3.785E-03 1.230E-06 1.135E-03 4.690E-02 8.701E-02 2.159E-01 3.850E-01 3.299E+00 1.819E-02 7.38E-06
  347   5.4137  1.28E-02 1.100E-03 3.781E-03 1.230E-06 1.134E-03 4.685E-02 8.696E-02 2.164E-01 3.849E-01 3.295E+00 1.816E-02 7.38E-06
  348   5.4265  1.28E-02 1.097E-03 3.777E-03 1.230E-06 1.133E-03 4.680E-02 8.691E-02 2.164E-01 3.847E-01 3.291E+00 1.813E-02 7.38E-06
  349   5.4394  1.29E-02 1.095E-03 3.773E-03 1.230E-06 1.132E-03 4.676E-02 8.686E-02 2.159E-01 3.846E-01 3.287E+00 1.810E-02 7.38E-06
  350   5.4522  1.28E-02 1.093E-03 3.768E-03 1.231E-06 1.131E-03 4.671E-02 8.681E-02 2.150E-01 3.844E-01 3.282E+00 1.808E-02 7.38E-06
  351   5.4650  1.28E-02 1.090E-03 3.764E-03 1.231E-06 1.130E-03 4.666E-02 8.677E-02 2.137E-01 3.843E-01 3.278E+00 1.805E-02 7.38E-06
  352   5.4779  1.28E-02 1.088E-03 3.760E-03 1.231E-06 1.129E-03 4.661E-02 8.672E-02 2.133E-01 3.842E-01 3.274E+00 1.802E-02 7.39E-06
  353   5.4907  1.28E-02 1.086E-03 3.756E-03 1.231E-06 1.128E-03 4.656E-02 8.667E-02 2.128E-01 3.841E-01 3.270E+00 1.798E-02 7.39E-06
  354   5.5035  1.28E-02 1.083E-03 3.752E-03 1.232E-06 1.127E-03 4.651E-02 8.662E-02 2.125E-01 3.840E-01 3.266E+00 1.795E-02 7.39E-06
  355   5.5163  1.28E-02 1.081E-03 3.747E-03 1.232E-06 1.126E-03 4.646E-02 8.657E-02 2.151E-01 3.838E-01 3.261E+00 1.792E-02 7.39E-06
  356   5.5291  1.28E-02 1.079E-03 3.743E-03 1.232E-06 1.124E-03 4.641E-02 8.652E-02 2.172E-01 3.836E-01 3.257E+00 1.789E-02 7.39E-06
  357   5.5420  1.28E-02 1.077E-03 3.739E-03 1.233E-06 1.123E-03 4.636E-02 8.648E-02 2.186E-01 3.852E-01 3.253E+00 1.785E-02 7.40E-06
  358   5.5548  1.28E-02 1.074E-03 3.735E-03 1.233E-06 1.122E-03 4.631E-02 8.643E-02 2.195E-01 3.875E-01 3.249E+00 1.783E-02 7.40E-06
  359   5.5676  1.28E-02 1.072E-03 3.731E-03 1.232E-06 1.121E-03 4.626E-02 8.638E-02 2.197E-01 3.898E-01 3.244E+00 1.780E-02 7.39E-06
  360   5.5805  1.28E-02 1.070E-03 3.727E-03 1.232E-06 1.120E-03 4.621E-02 8.633E-02 2.194E-01 3.920E-01 3.240E+00 1.777E-02 7.39E-06
  361   5.5933  1.28E-02 1.067E-03 3.723E-03 1.232E-06 1.119E-03 4.616E-02 8.629E-02 2.187E-01 3.940E-01 3.236E+00 1.774E-02 7.39E-06
  362   5.6061  1.28E-02 1.065E-03 3.719E-03 1.231E-06 1.118E-03 4.611E-02 8.624E-02 2.176E-01 3.958E-01 3.232E+00 1.770E-02 7.39E-06
  363   5.6190  1.29E-02 1.063E-03 3.714E-03 1.230E-06 1.116E-03 4.606E-02 8.619E-02 2.163E-01 3.973E-01 3.227E+00 1.767E-02 7.38E-06
  364   5.6319  1.29E-02 1.061E-03 3.710E-03 1.230E-06 1.115E-03 4.602E-02 8.614E-02 2.148E-01 3.985E-01 3.223E+00 1.764E-02 7.38E-06
  365   5.6447  1.29E-02 1.058E-03 3.706E-03 1.229E-06 1.114E-03 4.597E-02 8.610E-02 2.133E-01 3.994E-01 3.219E+00 1.761E-02 7.37E-06
  366   5.6576  1.29E-02 1.056E-03 3.702E-03 1.228E-06 1.113E-03 4.592E-02 8.605E-02 2.132E-01 4.000E-01 3.215E+00 1.758E-02 7.37E-06
  367   5.6705  1.29E-02 1.054E-03 3.698E-03 1.227E-06 1.112E-03 4.587E-02 8.600E-02 2.140E-01 4.003E-01 3.210E+00 1.755E-02 7.36E-06
  368   5.6834  1.29E-02 1.051E-03 3.694E-03 1.227E-06 1.110E-03 4.582E-02 8.595E-02 2.145E-01 4.004E-01 3.206E+00 1.753E-02 7.36E-06
  369   5.6963  1.29E-02 1.049E-03 3.690E-03 1.226E-06 1.109E-03 4.577E-02 8.591E-02 2.158E-01 4.003E-01 3.202E+00 1.751E-02 7.36E-06
  370   5.7093  1.30E-02 1.047E-03 3.686E-03 1.226E-06 1.108E-03 4.572E-02 8.586E-02 2.172E-01 3.998E-01 3.197E+00 1.749E-02 7.36E-06
  371   5.7222  1.30E-02 1.045E-03 3.682E-03 1.227E-06 1.106E-03 4.567E-02 8.581E-02 2.183E-01 3.990E-01 3.193E+00 1.746E-02 7.36E-06
  372   5.7352  1.29E-02 1.042E-03 3.678E-03 1.227E-06 1.105E-03 4.562E-02 8.577E-02 2.191E-01 3.978E-01 3.189E+00 1.742E-02 7.36E-06
  373   5.7481  1.29E-02 1.040E-03 3.674E-03 1.228E-06 1.103E-03 4.557E-02 8.572E-02 2.195E-01 3.962E-01 3.184E+00 1.739E-02 7.37E-06
  374   5.7610  1.29E-02 1.038E-03 3.670E-03 1.228E-06 1.102E-03 4.552E-02 8.567E-02 2.194E-01 3.943E-01 3.180E+00 1.736E-02 7.37E-06
  375   5.7739  1.29E-02 1.036E-03 3.666E-03 1.229E-06 1.101E-03 4.547E-02 8.563E-02 2.190E-01 3.920E-01 3.176E+00 1.732E-02 7.38E-06
  376   5.7868  1.29E-02 1.033E-03 3.662E-03 1.230E-06 1.099E-03 4.542E-02 8.558E-02 2.181E-01 3.894E-01 3.172E+00 1.730E-02 7.38E-06
  377   5.7997  1.29E-02 1.031E-03 3.658E-03 1.231E-06 1.098E-03 4.537E-02 8.553E-02 2.168E-01 3.867E-01 3.167E+00 1.727E-02 7.39E-06
  378   5.8126  1.30E-02 1.029E-03 3.654E-03 1.232E-06 1.096E-03 4.532E-02 8.549E-02 2.151E-01 3.839E-01 3.163E+00 1.725E-02 7.39E-06
  379   5.8256  1.29E-02 1.027E-03 3.650E-03 1.232E-06 1.095E-03 4.528E-02 8.544E-02 2.131E-01 3.812E-01 3.159E+00 1.722E-02 7.39E-06
  380   5.8385  1.29E-02 1.024E-03 3.646E-03 1.233E-06 1.093E-03 4.523E-02 8.539E-02 2.109E-01 3.787E-01 3.154E+00 1.719E-02 7.40E-06
  381   5.8514  1.29E-02 1.022E-03 3.642E-03 1.234E-06 1.091E-03 4.518E-02 8.535E-02 2.092E-01 3.784E-01 3.150E+00 1.716E-02 7.40E-06
  382   5.8643  1.29E-02 1.020E-03 3.638E-03 1.235E-06 1.090E-03 4.513E-02 8.530E-02 2.104E-01 3.787E-01 3.146E+00 1.712E-02 7.41E-06
  383   5.8772  1.29E-02 1.018E-03 3.634E-03 1.235E-06 1.088E-03 4.508E-02 8.526E-02 2.116E-01 3.789E-01 3.142E+00 1.709E-02 7.41E-06
  384   5.8901  1.29E-02 1.016E-03 3.630E-03 1.236E-06 1.087E-03 4.503E-02 8.521E-02 2.129E-01 3.790E-01 3.137E+00 1.706E-02 7.41E-06
  385   5.9029  1.28E-02 1.013E-03 3.627E-03 1.236E-06 1.085E-03 4.498E-02 8.517E-02 2.142E-01 3.790E-01 3.133E+00 1.703E-02 7.42E-06
  386   5.9158  1.28E-02 1.011E-03 3.623E-03 1.236E-06 1.084E-03 4.493E-02 8.512E-02 2.153E-01 3.788E-01 3.129E+00 1.700E-02 7.42E-06
  387   5.9286  1.28E-02 1.009E-03 3.619E-03 1.237E-06 1.082E-03 4.488E-02 8.507E-02 2.164E-01 3.785E-01 3.124E+00 1.698E-02 7.42E-06
  388   5.9415  1.29E-02 1.007E-03 3.615E-03 1.237E-06 1.080E-03 4.483E-02 8.503E-02 2.172E-01 3.780E-01 3.120E+00 1.695E-02 7.42E-06
  389   5.9543  1.29E-02 1.005E-03 3.611E-03 1.237E-06 1.079E-03 4.479E-02 8.498E-02 2.178E-01 3.774E-01 3.116E+00 1.693E-02 7.42E-06
  390   5.9672  1.29E-02 1.002E-03 3.607E-03 1.238E-06 1.077E-03 4.474E-02 8.494E-02 2.180E-01 3.766E-01 3.112E+00 1.690E-02 7.43E-06
  391   5.9801  1.29E-02 1.000E-03 3.603E-03 1.238E-06 1.075E-03 4.469E-02 8.489E-02 2.180E-01 3.756E-01 3.107E+00 1.688E-02 7.43E-06
  392   5.9930  1.29E-02 9.980E-04 3.600E-03 1.239E-06 1.074E-03 4.464E-02 8.485E-02 2.175E-01 3.758E-01 3.103E+00 1.686E-02 7.43E-06
  393   6.0059  1.29E-02 9.959E-04 3.596E-03 1.239E-06 1.072E-03 4.459E-02 8.480E-02 2.168E-01 3.757E-01 3.099E+00 1.684E-02 7.44E-06
  394   6.0189  1.30E-02 9.937E-04 3.592E-03 1.240E-06 1.071E-03 4.454E-02 8.476E-02 2.156E-01 3.754E-01 3.095E+00 1.681E-02 7.44E-06
  395   6.0318  1.30E-02 9.915E-04 3.588E-03 1.240E-06 1.069E-03 4.449E-02 8.471E-02 2.141E-01 3.748E-01 3.090E+00 1.678E-02 7.44E-06
  396   6.0448  1.30E-02 9.893E-04 3.584E-03 1.240E-06 1.067E-03 4.445E-02 8.467E-02 2.123E-01 3.738E-01 3.086E+00 1.675E-02 7.44E-06
  397   6.0577  1.30E-02 9.872E-04 3.581E-03 1.241E-06 1.066E-03 4.440E-02 8.462E-02 2.101E-01 3.726E-01 3.082E+00 1.672E-02 7.44E-06
  398   6.0707  1.30E-02 9.850E-04 3.577E-03 1.241E-06 1.064E-03 4.435E-02 8.458E-02 2.109E-01 3.711E-01 3.077E+00 1.669E-02 7.44E-06
  399   6.0837  1.30E-02 9.828E-04 3.573E-03 1.241E-06 1.062E-03 4.430E-02 8.453E-02 2.128E-01 3.694E-01 3.073E+00 1.666E-02 7.44E-06
  400   6.0966  1.30E-02 9.807E-04 3.569E-03 1.240E-06 1.061E-03 4.425E-02 8.449E-02 2.142E-01 3.676E-01 3.069E+00 1.663E-02 7.44E-06
  401   6.1096  1.30E-02 9.785E-04 3.565E-03 1.240E-06 1.059E-03 4.420E-02 8.444E-02 2.148E-01 3.657E-01 3.065E+00 1.661E-02 7.44E-06
  402   6.1226  1.30E-02 9.764E-04 3.562E-03 1.240E-06 1.057E-03 4.415E-02 8.440E-02 2.148E-01 3.649E-01 3.060E+00 1.659E-02 7.44E-06
  403   6.1355  1.29E-02 9.742E-04 3.558E-03 1.239E-06 1.056E-03 4.411E-02 8.435E-02 2.139E-01 3.650E-01 3.056E+00 1.656E-02 7.44E-06
  404   6.1485  1.29E-02 9.721E-04 3.554E-03 1.239E-06 1.054E-03 4.406E-02 8.431E-02 2.124E-01 3.651E-01 3.052E+00 1.654E-02 7.43E-06
  405   6.1614  1.29E-02 9.700E-04 3.550E-03 1.238E-06 1.052E-03 4.401E-02 8.427E-02 2.101E-01 3.653E-01 3.047E+00 1.651E-02 7.43E-06
  406   6.1743  1.29E-02 9.678E-04 3.547E-03 1.238E-06 1.051E-03 4.396E-02 8.422E-02 2.094E-01 3.655E-01 3.043E+00 1.648E-02 7.43E-06
  407   6.1873  1.29E-02 9.657E-04 3.543E-03 1.238E-06 1.049E-03 4.391E-02 8.418E-02 2.102E-01 3.657E-01 3.039E+00 1.646E-02 7.43E-06
  408   6.2002  1.29E-02 9.636E-04 3.539E-03 1.238E-06 1.047E-03 4.386E-02 8.413E-02 2.107E-01 3.658E-01 3.035E+00 1.643E-02 7.43E-06
  409   6.2131  1.29E-02 9.615E-04 3.535E-03 1.239E-06 1.046E-03 4.382E-02 8.409E-02 2.110E-01 3.658E-01 3.030E+00 1.641E-02 7.43E-06
  410   6.2260  1.29E-02 9.594E-04 3.532E-03 1.239E-06 1.044E-03 4.377E-02 8.405E-02 2.108E-01 3.656E-01 3.026E+00 1.639E-02 7.43E-06
  411   6.2389  1.29E-02 9.573E-04 3.528E-03 1.239E-06 1.042E-03 4.372E-02 8.400E-02 2.101E-01 3.652E-01 3.022E+00 1.637E-02 7.44E-06
  412   6.2518  1.29E-02 9.552E-04 3.524E-03 1.240E-06 1.041E-03 4.367E-02 8.396E-02 2.088E-01 3.646E-01 3.017E+00 1.634E-02 7.44E-06
  413   6.2647  1.29E-02 9.531E-04 3.521E-03 1.240E-06 1.039E-03 4.363E-02 8.391E-02 2.076E-01 3.638E-01 3.013E+00 1.631E-02 7.44E-06
  414   6.2776  1.29E-02 9.510E-04 3.517E-03 1.241E-06 1.037E-03 4.358E-02 8.387E-02 2.086E-01 3.628E-01 3.009E+00 1.629E-02 7.45E-06
  415   6.2905  1.29E-02 9.489E-04 3.514E-03 1.241E-06 1.036E-03 4.353E-02 8.383E-02 2.102E-01 3.616E-01 3.005E+00 1.626E-02 7.45E-06
  416   6.3034  1.29E-02 9.469E-04 3.510E-03 1.242E-06 1.034E-03 4.348E-02 8.378E-02 2.112E-01 3.604E-01 3.000E+00 1.623E-02 7.45E-06
  417   6.3162  1.29E-02 9.448E-04 3.506E-03 1.242E-06 1.032E-03 4.343E-02 8.374E-02 2.116E-01 3.591E-01 2.996E+00 1.621E-02 7.45E-06
  418   6.3291  1.29E-02 9.427E-04 3.503E-03 1.242E-06 1.031E-03 4.339E-02 8.370E-02 2.114E-01 3.579E-01 2.992E+00 1.619E-02 7.45E-06
  419   6.3420  1.29E-02 9.407E-04 3.499E-03 1.242E-06 1.029E-03 4.334E-02 8.366E-02 2.107E-01 3.579E-01 2.988E+00 1.617E-02 7.45E-06
  420   6.3549  1.29E-02 9.386E-04 3.495E-03 1.242E-06 1.027E-03 4.329E-02 8.361E-02 2.096E-01 3.592E-01 2.983E+00 1.614E-02 7.45E-06
  421   6.3678  1.29E-02 9.366E-04 3.492E-03 1.242E-06 1.026E-03 4.324E-02 8.357E-02 2.094E-01 3.605E-01 2.979E+00 1.612E-02 7.45E-06
  422   6.3807  1.29E-02 9.345E-04 3.488E-03 1.242E-06 1.024E-03 4.320E-02 8.353E-02 2.111E-01 3.616E-01 2.975E+00 1.609E-02 7.45E-06
  423   6.3936  1.29E-02 9.324E-04 3.485E-03 1.241E-06 1.022E-03 4.315E-02 8.348E-02 2.126E-01 3.625E-01 2.971E+00 1.606E-02 7.45E-06
  424   6.4065  1.30E-02 9.304E-04 3.481E-03 1.241E-06 1.021E-03 4.310E-02 8.344E-02 2.140E-01 3.632E-01 2.967E+00 1.603E-02 7.45E-06
  425   6.4195  1.30E-02 9.283E-04 3.478E-03 1.241E-06 1.019E-03 4.306E-02 8.340E-02 2.152E-01 3.637E-01 2.962E+00 1.600E-02 7.44E-06
  426   6.4325  1.30E-02 9.263E-04 3.474E-03 1.240E-06 1.017E-03 4.301E-02 8.335E-02 2.161E-01 3.642E-01 2.958E+00 1.597E-02 7.44E-06
  427   6.4455  1.30E-02 9.243E-04 3.470E-03 1.240E-06 1.015E-03 4.296E-02 8.331E-02 2.167E-01 3.645E-01 2.954E+00 1.595E-02 7.44E-06
  428   6.4585  1.30E-02 9.222E-04 3.467E-03 1.240E-06 1.014E-03 4.291E-02 8.327E-02 2.170E-01 3.649E-01 2.949E+00 1.593E-02 7.44E-06
  429   6.4716  1.31E-02 9.202E-04 3.463E-03 1.240E-06 1.012E-03 4.287E-02 8.323E-02 2.168E-01 3.654E-01 2.945E+00 1.592E-02 7.44E-06
  430   6.4846  1.31E-02 9.181E-04 3.460E-03 1.240E-06 1.010E-03 4.282E-02 8.318E-02 2.163E-01 3.660E-01 2.941E+00 1.590E-02 7.44E-06
  431   6.4977  1.31E-02 9.161E-04 3.456E-03 1.239E-06 1.009E-03 4.277E-02 8.314E-02 2.160E-01 3.667E-01 2.937E+00 1.589E-02 7.44E-06
  432   6.5108  1.31E-02 9.141E-04 3.453E-03 1.239E-06 1.007E-03 4.272E-02 8.310E-02 2.151E-01 3.674E-01 2.932E+00 1.587E-02 7.44E-06
  433   6.5238  1.31E-02 9.121E-04 3.449E-03 1.239E-06 1.005E-03 4.268E-02 8.305E-02 2.138E-01 3.683E-01 2.928E+00 1.584E-02 7.43E-06
  434   6.5369  1.31E-02 9.100E-04 3.446E-03 1.238E-06 1.004E-03 4.263E-02 8.301E-02 2.120E-01 3.690E-01 2.924E+00 1.582E-02 7.43E-06
  435   6.5499  1.30E-02 9.080E-04 3.442E-03 1.238E-06 1.002E-03 4.258E-02 8.297E-02 2.098E-01 3.697E-01 2.920E+00 1.579E-02 7.43E-06
  436   6.5630  1.30E-02 9.060E-04 3.438E-03 1.237E-06 1.000E-03 4.254E-02 8.293E-02 2.102E-01 3.703E-01 2.915E+00 1.576E-02 7.42E-06
  437   6.5760  1.30E-02 9.040E-04 3.435E-03 1.237E-06 9.984E-04 4.249E-02 8.288E-02 2.111E-01 3.707E-01 2.911E+00 1.573E-02 7.42E-06
  438   6.5890  1.30E-02 9.020E-04 3.431E-03 1.236E-06 9.967E-04 4.244E-02 8.284E-02 2.126E-01 3.709E-01 2.907E+00 1.571E-02 7.42E-06
  439   6.6020  1.30E-02 9.000E-04 3.428E-03 1.235E-06 9.949E-04 4.239E-02 8.280E-02 2.143E-01 3.709E-01 2.903E+00 1.568E-02 7.41E-06
  440   6.6150  1.30E-02 8.980E-04 3.425E-03 1.234E-06 9.932E-04 4.235E-02 8.276E-02 2.157E-01 3.708E-01 2.898E+00 1.566E-02 7.40E-06
  441   6.6280  1.30E-02 8.961E-04 3.421E-03 1.233E-06 9.914E-04 4.230E-02 8.272E-02 2.170E-01 3.706E-01 2.894E+00 1.564E-02 7.40E-06
  442   6.6410  1.30E-02 8.941E-04 3.418E-03 1.232E-06 9.896E-04 4.225E-02 8.267E-02 2.180E-01 3.702E-01 2.890E+00 1.562E-02 7.39E-06
  443   6.6540  1.31E-02 8.921E-04 3.414E-03 1.231E-06 9.878E-04 4.221E-02 8.263E-02 2.187E-01 3.698E-01 2.886E+00 1.559E-02 7.39E-06
  444   6.6671  1.31E-02 8.901E-04 3.411E-03 1.230E-06 9.860E-04 4.216E-02 8.259E-02 2.191E-01 3.699E-01 2.881E+00 1.557E-02 7.38E-06
  445   6.6802  1.31E-02 8.881E-04 3.407E-03 1.229E-06 9.841E-04 4.211E-02 8.255E-02 2.190E-01 3.704E-01 2.877E+00 1.554E-02 7.38E-06
  446   6.6933  1.31E-02 8.862E-04 3.404E-03 1.229E-06 9.823E-04 4.207E-02 8.251E-02 2.186E-01 3.708E-01 2.873E+00 1.551E-02 7.37E-06
  447   6.7064  1.31E-02 8.842E-04 3.400E-03 1.228E-06 9.804E-04 4.202E-02 8.247E-02 2.180E-01 3.711E-01 2.869E+00 1.548E-02 7.37E-06
  448   6.7196  1.32E-02 8.822E-04 3.397E-03 1.228E-06 9.784E-04 4.197E-02 8.242E-02 2.189E-01 3.714E-01 2.864E+00 1.546E-02 7.37E-06
  449   6.7327  1.32E-02 8.803E-04 3.393E-03 1.227E-06 9.764E-04 4.193E-02 8.238E-02 2.204E-01 3.717E-01 2.860E+00 1.544E-02 7.36E-06
  450   6.7459  1.31E-02 8.783E-04 3.390E-03 1.227E-06 9.745E-04 4.188E-02 8.234E-02 2.217E-01 3.719E-01 2.856E+00 1.542E-02 7.36E-06
  451   6.7590  1.31E-02 8.763E-04 3.386E-03 1.227E-06 9.724E-04 4.183E-02 8.230E-02 2.229E-01 3.721E-01 2.852E+00 1.540E-02 7.36E-06
  452   6.7721  1.31E-02 8.744E-04 3.383E-03 1.227E-06 9.704E-04 4.179E-02 8.226E-02 2.239E-01 3.721E-01 2.847E+00 1.538E-02 7.36E-06
  453   6.7852  1.31E-02 8.725E-04 3.380E-03 1.227E-06 9.683E-04 4.174E-02 8.222E-02 2.247E-01 3.721E-01 2.843E+00 1.536E-02 7.36E-06
  454   6.7982  1.31E-02 8.706E-04 3.376E-03 1.227E-06 9.662E-04 4.170E-02 8.217E-02 2.253E-01 3.720E-01 2.839E+00 1.534E-02 7.36E-06
  455   6.8113  1.31E-02 8.686E-04 3.373E-03 1.228E-06 9.641E-04 4.165E-02 8.213E-02 2.256E-01 3.717E-01 2.835E+00 1.532E-02 7.37E-06
  456   6.8244  1.31E-02 8.667E-04 3.370E-03 1.228E-06 9.619E-04 4.160E-02 8.209E-02 2.256E-01 3.712E-01 2.831E+00 1.530E-02 7.37E-06
  457   6.8375  1.31E-02 8.648E-04 3.366E-03 1.229E-06 9.597E-04 4.156E-02 8.205E-02 2.254E-01 3.707E-01 2.826E+00 1.528E-02 7.37E-06
  458   6.8506  1.31E-02 8.629E-04 3.363E-03 1.229E-06 9.575E-04 4.151E-02 8.201E-02 2.249E-01 3.711E-01 2.822E+00 1.526E-02 7.37E-06
  459   6.8637  1.31E-02 8.610E-04 3.359E-03 1.229E-06 9.552E-04 4.147E-02 8.197E-02 2.241E-01 3.713E-01 2.818E+00 1.524E-02 7.38E-06
  460   6.8768  1.31E-02 8.591E-04 3.356E-03 1.230E-06 9.529E-04 4.142E-02 8.193E-02 2.232E-01 3.713E-01 2.814E+00 1.522E-02 7.38E-06
  461   6.8900  1.32E-02 8.572E-04 3.353E-03 1.230E-06 9.506E-04 4.137E-02 8.189E-02 2.220E-01 3.711E-01 2.810E+00 1.519E-02 7.38E-06
  462   6.9031  1.32E-02 8.552E-04 3.349E-03 1.231E-06 9.483E-04 4.133E-02 8.185E-02 2.208E-01 3.707E-01 2.805E+00 1.516E-02 7.38E-06
  463   6.9163  1.32E-02 8.533E-04 3.346E-03 1.231E-06 9.459E-04 4.128E-02 8.181E-02 2.195E-01 3.701E-01 2.801E+00 1.513E-02 7.39E-06
  464   6.9294  1.32E-02 8.514E-04 3.343E-03 1.232E-06 9.435E-04 4.124E-02 8.176E-02 2.187E-01 3.693E-01 2.797E+00 1.511E-02 7.39E-06
  465   6.9426  1.32E-02 8.496E-04 3.339E-03 1.232E-06 9.411E-04 4.119E-02 8.172E-02 2.200E-01 3.684E-01 2.793E+00 1.509E-02 7.39E-06
  466   6.9558  1.32E-02 8.477E-04 3.336E-03 1.232E-06 9.387E-04 4.114E-02 8.168E-02 2.211E-01 3.674E-01 2.789E+00 1.507E-02 7.39E-06
  467   6.9689  1.32E-02 8.458E-04 3.333E-03 1.233E-06 9.362E-04 4.110E-02 8.164E-02 2.219E-01 3.663E-01 2.784E+00 1.505E-02 7.40E-06
  468   6.9821  1.32E-02 8.439E-04 3.329E-03 1.233E-06 9.337E-04 4.105E-02 8.160E-02 2.223E-01 3.653E-01 2.780E+00 1.503E-02 7.40E-06
  469   6.9952  1.32E-02 8.420E-04 3.326E-03 1.234E-06 9.312E-04 4.101E-02 8.156E-02 2.222E-01 3.644E-01 2.776E+00 1.501E-02 7.40E-06
  470   7.0084  1.32E-02 8.402E-04 3.323E-03 1.234E-06 9.287E-04 4.096E-02 8.152E-02 2.216E-01 3.639E-01 2.772E+00 1.498E-02 7.41E-06
  471   7.0216  1.31E-02 8.383E-04 3.320E-03 1.235E-06 9.262E-04 4.092E-02 8.148E-02 2.205E-01 3.637E-01 2.768E+00 1.496E-02 7.41E-06
  472   7.0347  1.31E-02 8.365E-04 3.316E-03 1.236E-06 9.237E-04 4.087E-02 8.144E-02 2.190E-01 3.633E-01 2.764E+00 1.494E-02 7.42E-06
  473   7.0478  1.31E-02 8.346E-04 3.313E-03 1.237E-06 9.211E-04 4.083E-02 8.140E-02 2.170E-01 3.628E-01 2.759E+00 1.492E-02 7.42E-06
  474   7.0609  1.31E-02 8.328E-04 3.310E-03 1.238E-06 9.185E-04 4.078E-02 8.136E-02 2.147E-01 3.623E-01 2.755E+00 1.490E-02 7.43E-06
  475   7.0740  1.31E-02 8.309E-04 3.306E-03 1.239E-06 9.160E-04 4.074E-02 8.132E-02 2.121E-01 3.620E-01 2.751E+00 1.488E-02 7.44E-06
  476   7.0871  1.31E-02 8.291E-04 3.303E-03 1.240E-06 9.134E-04 4.069E-02 8.128E-02 2.095E-01 3.624E-01 2.747E+00 1.485E-02 7.44E-06
  477   7.1002  1.31E-02 8.273E-04 3.300E-03 1.241E-06 9.108E-04 4.065E-02 8.124E-02 2.068E-01 3.629E-01 2.743E+00 1.483E-02 7.45E-06
  478   7.1133  1.31E-02 8.255E-04 3.297E-03 1.242E-06 9.083E-04 4.060E-02 8.120E-02 2.077E-01 3.635E-01 2.739E+00 1.480E-02 7.45E-06
  479   7.1264  1.31E-02 8.237E-04 3.294E-03 1.242E-06 9.057E-04 4.056E-02 8.116E-02 2.087E-01 3.641E-01 2.735E+00 1.478E-02 7.45E-06
  480   7.1395  1.31E-02 8.219E-04 3.290E-03 1.242E-06 9.031E-04 4.051E-02 8.112E-02 2.093E-01 3.648E-01 2.731E+00 1.476E-02 7.45E-06
  481   7.1525  1.31E-02 8.201E-04 3.287E-03 1.243E-06 9.005E-04 4.047E-02 8.108E-02 2.097E-01 3.654E-01 2.727E+00 1.475E-02 7.46E-06
  482   7.1656  1.31E-02 8.183E-04 3.284E-03 1.243E-06 8.980E-04 4.043E-02 8.104E-02 2.095E-01 3.660E-01 2.722E+00 1.474E-02 7.46E-06
  483   7.1787  1.31E-02 8.165E-04 3.281E-03 1.244E-06 8.954E-04 4.038E-02 8.100E-02 2.089E-01 3.665E-01 2.718E+00 1.472E-02 7.46E-06
  484   7.1918  1.31E-02 8.147E-04 3.278E-03 1.245E-06 8.928E-04 4.034E-02 8.096E-02 2.077E-01 3.669E-01 2.714E+00 1.471E-02 7.47E-06
  485   7.2050  1.31E-02 8.129E-04 3.274E-03 1.247E-06 8.903E-04 4.029E-02 8.092E-02 2.061E-01 3.672E-01 2.710E+00 1.469E-02 7.48E-06
  486   7.2181  1.31E-02 8.111E-04 3.271E-03 1.249E-06 8.877E-04 4.025E-02 8.088E-02 2.042E-01 3.674E-01 2.706E+00 1.467E-02 7.50E-06
  487   7.2312  1.32E-02 8.093E-04 3.268E-03 1.252E-06 8.852E-04 4.020E-02 8.085E-02 2.048E-01 3.674E-01 2.702E+00 1.465E-02 7.51E-06
  488   7.2444  1.32E-02 8.076E-04 3.265E-03 1.257E-06 8.827E-04 4.016E-02 8.081E-02 2.054E-01 3.674E-01 2.698E+00 1.462E-02 7.54E-06
  489   7.2576  1.32E-02 8.058E-04 3.262E-03 1.262E-06 8.802E-04 4.012E-02 8.077E-02 2.059E-01 3.673E-01 2.694E+00 1.460E-02 7.57E-06
  490   7.2707  1.32E-02 8.040E-04 3.258E-03 1.268E-06 8.777E-04 4.007E-02 8.073E-02 2.063E-01 3.671E-01 2.690E+00 1.458E-02 7.61E-06
  491   7.2839  1.32E-02 8.022E-04 3.255E-03 1.275E-06 8.754E-04 4.003E-02 8.069E-02 2.065E-01 3.668E-01 2.685E+00 1.456E-02 7.65E-06
  492   7.2971  1.32E-02 8.004E-04 3.252E-03 1.281E-06 8.731E-04 3.998E-02 8.065E-02 2.065E-01 3.664E-01 2.681E+00 1.454E-02 7.69E-06
  493   7.3102  1.32E-02 7.987E-04 3.249E-03 1.286E-06 8.709E-04 3.994E-02 8.061E-02 2.060E-01 3.660E-01 2.677E+00 1.451E-02 7.72E-06
  494   7.3234  1.32E-02 7.969E-04 3.246E-03 1.290E-06 8.688E-04 3.989E-02 8.057E-02 2.052E-01 3.654E-01 2.673E+00 1.449E-02 7.74E-06
  495   7.3366  1.32E-02 7.952E-04 3.243E-03 1.292E-06 8.668E-04 3.985E-02 8.053E-02 2.040E-01 3.648E-01 2.669E+00 1.446E-02 7.75E-06
  496   7.3498  1.32E-02 7.934E-04 3.240E-03 1.293E-06 8.649E-04 3.981E-02 8.049E-02 2.024E-01 3.642E-01 2.665E+00 1.444E-02 7.76E-06
  497   7.3630  1.32E-02 7.916E-04 3.236E-03 1.293E-06 8.632E-04 3.976E-02 8.045E-02 2.005E-01 3.635E-01 2.661E+00 1.442E-02 7.76E-06
  498   7.3763  1.32E-02 7.899E-04 3.233E-03 1.293E-06 8.616E-04 3.972E-02 8.042E-02 1.983E-01 3.628E-01 2.657E+00 1.441E-02 7.76E-06
  499   7.3895  1.32E-02 7.882E-04 3.230E-03 1.291E-06 8.601E-04 3.968E-02 8.038E-02 1.979E-01 3.623E-01 2.653E+00 1.439E-02 7.75E-06
  500   7.4027  1.32E-02 7.864E-04 3.227E-03 1.290E-06 8.588E-04 3.963E-02 8.034E-02 1.972E-01 3.620E-01 2.649E+00 1.437E-02 7.74E-06
  501   7.4159  1.32E-02 7.847E-04 3.224E-03 1.288E-06 8.576E-04 3.959E-02 8.030E-02 1.960E-01 3.615E-01 2.645E+00 1.434E-02 7.73E-06
  502   7.4291  1.32E-02 7.830E-04 3.221E-03 1.286E-06 8.565E-04 3.954E-02 8.026E-02 1.946E-01 3.608E-01 2.641E+00 1.432E-02 7.72E-06
  503   7.4422  1.32E-02 7.813E-04 3.218E-03 1.285E-06 8.555E-04 3.950E-02 8.022E-02 1.946E-01 3.601E-01 2.637E+00 1.430E-02 7.71E-06
  504   7.4554  1.32E-02 7.796E-04 3.215E-03 1.283E-06 8.546E-04 3.946E-02 8.019E-02 1.949E-01 3.592E-01 2.633E+00 1.428E-02 7.70E-06
  505   7.4686  1.32E-02 7.778E-04 3.212E-03 1.281E-06 8.538E-04 3.942E-02 8.015E-02 1.950E-01 3.584E-01 2.628E+00 1.426E-02 7.69E-06
  506   7.4817  1.32E-02 7.762E-04 3.209E-03 1.280E-06 8.532E-04 3.937E-02 8.011E-02 1.955E-01 3.575E-01 2.624E+00 1.425E-02 7.68E-06
  507   7.4949  1.32E-02 7.745E-04 3.206E-03 1.278E-06 8.526E-04 3.933E-02 8.007E-02 1.960E-01 3.568E-01 2.620E+00 1.423E-02 7.67E-06
  508   7.5081  1.32E-02 7.728E-04 3.203E-03 1.277E-06 8.521E-04 3.929E-02 8.003E-02 1.964E-01 3.562E-01 2.616E+00 1.421E-02 7.66E-06
  509   7.5213  1.32E-02 7.711E-04 3.200E-03 1.276E-06 8.517E-04 3.924E-02 7.999E-02 1.964E-01 3.561E-01 2.612E+00 1.419E-02 7.65E-06
  510   7.5345  1.32E-02 7.694E-04 3.197E-03 1.274E-06 8.514E-04 3.920E-02 7.996E-02 1.962E-01 3.561E-01 2.608E+00 1.418E-02 7.65E-06
  511   7.5477  1.32E-02 7.677E-04 3.193E-03 1.273E-06 8.512E-04 3.916E-02 7.992E-02 1.957E-01 3.562E-01 2.604E+00 1.416E-02 7.64E-06
  512   7.5609  1.32E-02 7.661E-04 3.190E-03 1.272E-06 8.511E-04 3.912E-02 7.988E-02 1.963E-01 3.564E-01 2.600E+00 1.414E-02 7.63E-06
  513   7.5742  1.32E-02 7.644E-04 3.187E-03 1.270E-06 8.511E-04 3.907E-02 7.984E-02 1.966E-01 3.567E-01 2.596E+00 1.412E-02 7.62E-06
  514   7.5874  1.33E-02 7.627E-04 3.184E-03 1.269E-06 8.511E-04 3.903E-02 7.980E-02 1.967E-01 3.570E-01 2.592E+00 1.410E-02 7.61E-06
  515   7.6007  1.33E-02 7.611E-04 3.181E-03 1.268E-06 8.512E-04 3.899E-02 7.977E-02 1.966E-01 3.574E-01 2.588E+00 1.408E-02 7.61E-06
  516   7.6140  1.33E-02 7.594E-04 3.178E-03 1.267E-06 8.514E-04 3.895E-02 7.973E-02 1.963E-01 3.578E-01 2.584E+00 1.407E-02 7.60E-06
  517   7.6273  1.33E-02 7.577E-04 3.175E-03 1.265E-06 8.517E-04 3.890E-02 7.969E-02 1.958E-01 3.582E-01 2.580E+00 1.405E-02 7.59E-06
  518   7.6406  1.34E-02 7.561E-04 3.172E-03 1.264E-06 8.520E-04 3.886E-02 7.965E-02 1.954E-01 3.585E-01 2.576E+00 1.403E-02 7.59E-06
  519   7.6540  1.34E-02 7.544E-04 3.169E-03 1.263E-06 8.524E-04 3.882E-02 7.962E-02 1.962E-01 3.587E-01 2.572E+00 1.401E-02 7.58E-06
  520   7.6673  1.34E-02 7.527E-04 3.166E-03 1.262E-06 8.528E-04 3.877E-02 7.958E-02 1.969E-01 3.590E-01 2.568E+00 1.399E-02 7.57E-06
  521   7.6807  1.34E-02 7.511E-04 3.163E-03 1.261E-06 8.533E-04 3.873E-02 7.954E-02 1.974E-01 3.595E-01 2.564E+00 1.397E-02 7.57E-06
  522   7.6941  1.33E-02 7.494E-04 3.160E-03 1.260E-06 8.539E-04 3.869E-02 7.950E-02 1.979E-01 3.600E-01 2.560E+00 1.395E-02 7.56E-06
  523   7.7074  1.33E-02 7.478E-04 3.157E-03 1.259E-06 8.545E-04 3.865E-02 7.946E-02 1.981E-01 3.605E-01 2.556E+00 1.393E-02 7.56E-06
  524   7.7207  1.33E-02 7.462E-04 3.154E-03 1.258E-06 8.552E-04 3.860E-02 7.943E-02 1.981E-01 3.610E-01 2.552E+00 1.391E-02 7.55E-06
  525   7.7339  1.32E-02 7.445E-04 3.151E-03 1.257E-06 8.559E-04 3.856E-02 7.939E-02 1.978E-01 3.614E-01 2.548E+00 1.388E-02 7.54E-06
  526   7.7472  1.32E-02 7.429E-04 3.148E-03 1.256E-06 8.567E-04 3.852E-02 7.935E-02 1.972E-01 3.618E-01 2.544E+00 1.386E-02 7.54E-06
  527   7.7604  1.32E-02 7.413E-04 3.145E-03 1.256E-06 8.575E-04 3.848E-02 7.932E-02 1.961E-01 3.621E-01 2.541E+00 1.385E-02 7.53E-06
  528   7.7736  1.32E-02 7.397E-04 3.143E-03 1.255E-06 8.583E-04 3.844E-02 7.928E-02 1.957E-01 3.624E-01 2.537E+00 1.383E-02 7.53E-06
  529   7.7868  1.32E-02 7.381E-04 3.140E-03 1.254E-06 8.592E-04 3.840E-02 7.924E-02 1.969E-01 3.625E-01 2.533E+00 1.381E-02 7.52E-06
  530   7.8001  1.32E-02 7.365E-04 3.137E-03 1.253E-06 8.601E-04 3.835E-02 7.920E-02 1.976E-01 3.625E-01 2.529E+00 1.380E-02 7.52E-06
  531   7.8133  1.32E-02 7.349E-04 3.134E-03 1.252E-06 8.610E-04 3.831E-02 7.917E-02 1.979E-01 3.624E-01 2.525E+00 1.379E-02 7.51E-06
  532   7.8265  1.32E-02 7.333E-04 3.131E-03 1.251E-06 8.620E-04 3.827E-02 7.913E-02 1.978E-01 3.623E-01 2.521E+00 1.377E-02 7.51E-06
  533   7.8398  1.32E-02 7.318E-04 3.128E-03 1.251E-06 8.630E-04 3.823E-02 7.909E-02 1.973E-01 3.622E-01 2.517E+00 1.375E-02 7.50E-06
  534   7.8530  1.33E-02 7.302E-04 3.125E-03 1.250E-06 8.641E-04 3.819E-02 7.906E-02 1.965E-01 3.621E-01 2.513E+00 1.372E-02 7.50E-06
  535   7.8663  1.33E-02 7.286E-04 3.122E-03 1.249E-06 8.651E-04 3.815E-02 7.902E-02 1.954E-01 3.620E-01 2.509E+00 1.370E-02 7.49E-06
  536   7.8795  1.33E-02 7.270E-04 3.119E-03 1.247E-06 8.662E-04 3.811E-02 7.898E-02 1.941E-01 3.620E-01 2.505E+00 1.368E-02 7.48E-06
  537   7.8928  1.33E-02 7.255E-04 3.116E-03 1.246E-06 8.673E-04 3.807E-02 7.895E-02 1.926E-01 3.619E-01 2.502E+00 1.366E-02 7.48E-06
  538   7.9061  1.33E-02 7.239E-04 3.113E-03 1.245E-06 8.685E-04 3.802E-02 7.891E-02 1.941E-01 3.619E-01 2.498E+00 1.364E-02 7.47E-06
  539   7.9194  1.33E-02 7.223E-04 3.111E-03 1.243E-06 8.696E-04 3.798E-02 7.887E-02 1.961E-01 3.618E-01 2.494E+00 1.362E-02 7.46E-06
  540   7.9327  1.33E-02 7.208E-04 3.108E-03 1.242E-06 8.707E-04 3.794E-02 7.884E-02 1.977E-01 3.615E-01 2.490E+00 1.361E-02 7.45E-06
  541   7.9461  1.33E-02 7.192E-04 3.105E-03 1.240E-06 8.719E-04 3.790E-02 7.880E-02 1.989E-01 3.611E-01 2.486E+00 1.360E-02 7.44E-06
  542   7.9593  1.33E-02 7.177E-04 3.102E-03 1.238E-06 8.731E-04 3.786E-02 7.876E-02 1.996E-01 3.609E-01 2.482E+00 1.359E-02 7.43E-06
  543   7.9726  1.33E-02 7.162E-04 3.099E-03 1.237E-06 8.742E-04 3.782E-02 7.873E-02 1.998E-01 3.609E-01 2.478E+00 1.357E-02 7.42E-06
  544   7.9859  1.33E-02 7.146E-04 3.096E-03 1.236E-06 8.754E-04 3.778E-02 7.869E-02 1.995E-01 3.608E-01 2.474E+00 1.356E-02 7.41E-06
  545   7.9991  1.33E-02 7.131E-04 3.093E-03 1.234E-06 8.765E-04 3.774E-02 7.866E-02 1.988E-01 3.607E-01 2.471E+00 1.353E-02 7.41E-06
