#---it-------t--------ee2m------aa2m------emag------EEGW------hrms------brms------erms------EEEM------bmax---
      0     -0.900 3.238E-36 2.943E-40 0.000E+00 0.000E+00 0.000E+00 0.000E+00 0.000E+00 0.000E+00 0.000E+00
      5     -0.875 2.845E-34 2.584E-38 7.208E-33 3.494E-67 8.047E-36 7.623E-18 2.557E-17 3.560E-34 2.678E-17
     10     -0.850 3.070E-32 3.461E-36 4.281E-31 2.721E-63 7.777E-34 5.875E-17 2.559E-16 3.446E-32 2.209E-16
     15     -0.825 1.830E-30 2.701E-34 2.013E-29 7.764E-60 4.652E-32 4.028E-16 1.953E-15 1.989E-30 1.430E-15
     20     -0.800 6.592E-29 1.251E-32 6.392E-28 8.384E-57 1.712E-30 2.270E-15 1.166E-14 7.058E-29 7.624E-15
     25     -0.775 1.586E-27 3.777E-31 1.424E-26 4.111E-54 4.212E-29 1.072E-14 5.703E-14 1.683E-27 3.687E-14
     30     -0.750 2.754E-26 8.059E-30 2.350E-25 1.063E-51 7.467E-28 4.353E-14 2.372E-13 2.907E-26 1.473E-13
     35     -0.725 3.662E-25 1.293E-28 3.015E-24 1.630E-49 1.012E-26 1.559E-13 8.636E-13 3.851E-25 5.188E-13
     40     -0.700 3.898E-24 1.635E-27 3.127E-23 1.616E-47 1.094E-25 5.021E-13 2.815E-12 4.088E-24 1.658E-12
     45     -0.675 3.440E-23 1.692E-26 2.706E-22 1.110E-45 9.801E-25 1.477E-12 8.356E-12 3.601E-23 4.891E-12
     50     -0.650 2.586E-22 1.474E-25 2.004E-21 5.567E-44 7.461E-24 4.020E-12 2.290E-11 2.703E-22 1.314E-11
     55     -0.625 1.693E-21 1.107E-24 1.296E-20 2.136E-42 4.941E-23 1.022E-11 5.856E-11 1.767E-21 3.255E-11
     60     -0.600 9.817E-21 7.302E-24 7.448E-20 6.452E-41 2.895E-22 2.450E-11 1.410E-10 1.024E-20 7.755E-11
     65     -0.575 5.120E-20 4.298E-23 3.854E-19 1.589E-39 1.524E-21 5.575E-11 3.219E-10 5.336E-20 1.765E-10
     70     -0.550 2.430E-19 2.287E-22 1.818E-18 3.250E-38 7.293E-21 1.211E-10 7.011E-10 2.531E-19 3.811E-10
     75     -0.525 1.060E-18 1.112E-21 7.889E-18 5.642E-37 3.205E-20 2.522E-10 1.464E-09 1.104E-18 7.841E-10
     80     -0.500 4.290E-18 4.984E-21 3.178E-17 8.454E-36 1.305E-19 5.062E-10 2.945E-09 4.464E-18 1.544E-09
     85     -0.475 1.621E-17 2.077E-20 1.196E-16 1.111E-34 4.966E-19 9.822E-10 5.724E-09 1.687E-17 2.953E-09
     90     -0.450 5.760E-17 8.097E-20 4.237E-16 1.295E-33 1.776E-18 1.848E-09 1.079E-08 5.990E-17 5.695E-09
     95     -0.425 1.934E-16 2.972E-19 1.419E-15 1.351E-32 5.998E-18 3.382E-09 1.977E-08 2.011E-16 1.065E-08
    100     -0.400 6.167E-16 1.032E-18 4.515E-15 1.271E-31 1.920E-17 6.033E-09 3.529E-08 6.410E-16 1.933E-08
    105     -0.375 1.875E-15 3.406E-18 1.371E-14 1.095E-30 5.865E-17 1.051E-08 6.154E-08 1.949E-15 3.427E-08
    110     -0.350 5.460E-15 1.073E-17 3.984E-14 8.611E-30 1.713E-16 1.792E-08 1.050E-07 5.672E-15 5.922E-08
    115     -0.325 1.527E-14 3.235E-17 1.112E-13 6.308E-29 4.803E-16 2.995E-08 1.755E-07 1.586E-14 9.980E-08
    120     -0.300 4.111E-14 9.370E-17 2.993E-13 4.296E-28 1.300E-15 4.913E-08 2.881E-07 4.269E-14 1.643E-07
    125     -0.275 1.069E-13 2.615E-16 7.779E-13 2.728E-27 3.395E-15 7.920E-08 4.645E-07 1.110E-13 2.647E-07
    130     -0.250 2.692E-13 7.046E-16 1.958E-12 1.627E-26 8.578E-15 1.256E-07 7.370E-07 2.795E-13 4.181E-07
    135     -0.225 6.576E-13 1.838E-15 4.780E-12 9.148E-26 2.102E-14 1.963E-07 1.152E-06 6.825E-13 6.481E-07
    140     -0.200 1.561E-12 4.650E-15 1.135E-11 4.866E-25 5.006E-14 3.025E-07 1.774E-06 1.620E-12 9.879E-07
    145     -0.175 3.609E-12 1.143E-14 2.623E-11 2.455E-24 1.160E-13 4.598E-07 2.697E-06 3.744E-12 1.486E-06
    150     -0.150 8.135E-12 2.736E-14 5.912E-11 1.179E-23 2.621E-13 6.904E-07 4.050E-06 8.438E-12 2.201E-06
    155     -0.125 1.791E-11 6.385E-14 1.302E-10 5.421E-23 5.781E-13 1.025E-06 6.008E-06 1.857E-11 3.219E-06
    160     -0.100 3.857E-11 1.455E-13 2.804E-10 2.386E-22 1.247E-12 1.504E-06 8.815E-06 3.998E-11 4.648E-06
    165     -0.075 8.131E-11 3.240E-13 5.913E-10 1.008E-21 2.635E-12 2.184E-06 1.280E-05 8.427E-11 6.636E-06
    170     -0.050 1.680E-10 7.064E-13 1.223E-09 4.093E-21 5.457E-12 3.140E-06 1.840E-05 1.741E-10 9.391E-06
    175     -0.025 3.408E-10 1.509E-12 2.480E-09 1.603E-20 1.108E-11 4.472E-06 2.619E-05 3.530E-10 1.343E-05
    180     -0.000 6.788E-10 3.163E-12 4.942E-09 6.063E-20 2.211E-11 6.313E-06 3.696E-05 7.029E-10 1.902E-05
    185      0.025 1.329E-09 6.508E-12 9.683E-09 2.205E-19 4.399E-11 8.836E-06 5.171E-05 1.376E-09 2.669E-05
    190      0.050 2.561E-09 1.316E-11 1.866E-08 7.822E-19 8.377E-11 1.227E-05 7.176E-05 2.650E-09 3.716E-05
    195      0.075 4.859E-09 2.617E-11 3.543E-08 2.697E-18 1.585E-10 1.690E-05 9.882E-05 5.026E-09 5.136E-05
    200      0.100 9.083E-09 5.123E-11 6.625E-08 9.030E-18 2.966E-10 2.311E-05 1.351E-04 9.391E-09 7.042E-05
    205      0.125 1.674E-08 9.878E-11 1.222E-07 2.941E-17 5.474E-10 3.139E-05 1.834E-04 1.730E-08 9.587E-05
    210      0.150 3.045E-08 1.877E-10 2.223E-07 9.329E-17 9.970E-10 4.233E-05 2.472E-04 3.145E-08 1.298E-04
    215      0.175 5.466E-08 3.519E-10 3.992E-07 2.885E-16 1.792E-09 5.673E-05 3.311E-04 5.643E-08 1.746E-04
    220      0.200 9.694E-08 6.509E-10 7.082E-07 8.713E-16 3.182E-09 7.556E-05 4.408E-04 1.000E-07 2.331E-04
    225      0.225 1.699E-07 1.189E-09 1.241E-06 2.571E-15 5.581E-09 1.000E-04 5.834E-04 1.752E-07 3.094E-04
    230      0.250 2.944E-07 2.145E-09 2.152E-06 7.421E-15 9.677E-09 1.317E-04 7.677E-04 3.033E-07 4.084E-04
    235      0.275 5.045E-07 3.825E-09 3.689E-06 2.097E-14 1.660E-08 1.725E-04 1.005E-03 5.196E-07 5.359E-04
    240      0.300 8.557E-07 6.744E-09 6.257E-06 5.809E-14 2.816E-08 2.246E-04 1.308E-03 8.807E-07 6.992E-04
    245      0.325 1.437E-06 1.176E-08 1.051E-05 1.577E-13 4.731E-08 2.911E-04 1.694E-03 1.478E-06 9.075E-04
    250      0.350 2.389E-06 2.031E-08 1.747E-05 4.204E-13 7.870E-08 3.753E-04 2.184E-03 2.455E-06 1.173E-03
    255      0.375 3.936E-06 3.471E-08 2.878E-05 1.100E-12 1.297E-07 4.818E-04 2.802E-03 4.042E-06 1.507E-03
    260      0.400 6.426E-06 5.875E-08 4.699E-05 2.831E-12 2.118E-07 6.155E-04 3.579E-03 6.594E-06 1.928E-03
    265      0.425 1.040E-05 9.851E-08 7.604E-05 7.116E-12 3.428E-07 7.830E-04 4.551E-03 1.066E-05 2.453E-03
    270      0.450 1.669E-05 1.637E-07 1.220E-04 1.762E-11 5.490E-07 9.919E-04 5.764E-03 1.710E-05 3.110E-03
    275      0.475 2.658E-05 2.697E-07 1.942E-04 4.321E-11 8.725E-07 1.251E-03 7.270E-03 2.721E-05 3.926E-03
    280      0.500 4.198E-05 4.406E-07 3.067E-04 1.045E-10 1.377E-06 1.572E-03 9.133E-03 4.294E-05 4.933E-03
    285      0.525 6.582E-05 7.141E-07 4.805E-04 2.490E-10 2.159E-06 1.968E-03 1.143E-02 6.727E-05 6.171E-03
    290      0.550 1.024E-04 1.148E-06 7.475E-04 5.846E-10 3.362E-06 2.455E-03 1.425E-02 1.046E-04 7.693E-03
    295      0.575 1.583E-04 1.832E-06 1.154E-03 1.353E-09 5.200E-06 3.051E-03 1.771E-02 1.615E-04 9.554E-03
    300      0.600 2.430E-04 2.902E-06 1.771E-03 3.091E-09 7.987E-06 3.778E-03 2.193E-02 2.477E-04 1.182E-02
    305      0.625 3.704E-04 4.564E-06 2.697E-03 6.966E-09 1.218E-05 4.663E-03 2.707E-02 3.773E-04 1.457E-02
    310      0.650 5.611E-04 7.128E-06 4.083E-03 1.550E-08 1.846E-05 5.737E-03 3.330E-02 5.710E-04 1.790E-02
    315      0.675 8.447E-04 1.106E-05 6.140E-03 3.408E-08 2.780E-05 7.036E-03 4.084E-02 8.589E-04 2.190E-02
    320      0.700 1.264E-03 1.704E-05 9.179E-03 7.405E-08 4.161E-05 8.603E-03 4.994E-02 1.284E-03 2.670E-02
    325      0.725 1.880E-03 2.610E-05 1.364E-02 1.590E-07 6.189E-05 1.049E-02 6.088E-02 1.908E-03 3.245E-02
    330      0.750 2.781E-03 3.974E-05 2.015E-02 3.378E-07 9.153E-05 1.275E-02 7.401E-02 2.820E-03 3.931E-02
    335      0.775 4.090E-03 6.013E-05 2.961E-02 7.100E-07 1.346E-04 1.545E-02 8.972E-02 4.145E-03 4.748E-02
    340      0.800 5.983E-03 9.046E-05 4.326E-02 1.476E-06 1.969E-04 1.868E-02 1.085E-01 6.058E-03 5.719E-02
    345      0.825 8.706E-03 1.353E-04 6.287E-02 3.039E-06 2.864E-04 2.252E-02 1.308E-01 8.809E-03 6.868E-02
    350      0.850 1.261E-02 2.013E-04 9.092E-02 6.196E-06 4.146E-04 2.707E-02 1.573E-01 1.274E-02 8.223E-02
    355      0.875 1.816E-02 2.980E-04 1.308E-01 1.251E-05 5.971E-04 3.248E-02 1.888E-01 1.834E-02 9.817E-02
    360      0.900 2.603E-02 4.386E-04 1.873E-01 2.502E-05 8.557E-04 3.886E-02 2.259E-01 2.628E-02 1.169E-01
    365      0.925 3.715E-02 6.425E-04 2.669E-01 4.959E-05 1.221E-03 4.639E-02 2.698E-01 3.747E-02 1.388E-01
    370      0.950 5.276E-02 9.365E-04 3.785E-01 9.743E-05 1.733E-03 5.525E-02 3.214E-01 5.318E-02 1.643E-01
    375      0.975 7.461E-02 1.358E-03 5.345E-01 1.898E-04 2.450E-03 6.565E-02 3.821E-01 7.515E-02 1.941E-01
    380      1.000 1.050E-01 1.961E-03 7.515E-01 3.666E-04 3.448E-03 7.784E-02 4.532E-01 1.057E-01 2.287E-01
    385      1.025 1.472E-01 2.819E-03 1.052E+00 3.963E-04 4.677E-03 9.210E-02 5.364E-01 1.481E-01 2.689E-01
    390      1.050 2.056E-01 4.033E-03 1.467E+00 3.650E-04 5.869E-03 1.087E-01 6.336E-01 2.067E-01 3.154E-01
    395      1.075 2.858E-01 5.745E-03 2.036E+00 3.306E-04 7.006E-03 1.281E-01 7.469E-01 2.872E-01 3.690E-01
    400      1.100 3.958E-01 8.150E-03 2.816E+00 2.951E-04 8.078E-03 1.507E-01 8.788E-01 3.975E-01 4.310E-01
    405      1.125 5.460E-01 1.151E-02 3.879E+00 2.604E-04 9.080E-03 1.769E-01 1.032E+00 5.481E-01 5.023E-01
    410      1.150 7.504E-01 1.620E-02 5.324E+00 2.283E-04 1.001E-02 2.072E-01 1.209E+00 7.529E-01 5.841E-01
    415      1.175 1.028E+00 2.270E-02 7.280E+00 2.001E-04 1.085E-02 2.423E-01 1.415E+00 1.030E+00 6.780E-01
    420      1.200 1.402E+00 3.169E-02 9.919E+00 1.766E-04 1.162E-02 2.828E-01 1.652E+00 1.405E+00 7.854E-01
    425      1.225 1.906E+00 4.408E-02 1.347E+01 1.584E-04 1.231E-02 3.295E-01 1.926E+00 1.910E+00 9.082E-01
    430      1.250 2.583E+00 6.107E-02 1.822E+01 1.455E-04 1.293E-02 3.833E-01 2.242E+00 2.587E+00 1.048E+00
    435      1.275 3.487E+00 8.431E-02 2.457E+01 1.374E-04 1.347E-02 4.451E-01 2.605E+00 3.491E+00 1.208E+00
    440      1.300 4.693E+00 1.160E-01 3.303E+01 1.337E-04 1.394E-02 5.161E-01 3.021E+00 4.698E+00 1.399E+00
    445      1.325 6.296E+00 1.590E-01 4.426E+01 1.337E-04 1.435E-02 5.974E-01 3.499E+00 6.300E+00 1.623E+00
    450      1.350 8.420E+00 2.173E-01 5.911E+01 1.364E-04 1.469E-02 6.904E-01 4.046E+00 8.424E+00 1.880E+00
    455      1.375 1.123E+01 2.959E-01 7.871E+01 1.410E-04 1.498E-02 7.967E-01 4.671E+00 1.123E+01 2.173E+00
    460      1.400 1.492E+01 4.017E-01 1.045E+02 1.470E-04 1.523E-02 9.179E-01 5.385E+00 1.492E+01 2.507E+00
    465      1.425 1.977E+01 5.435E-01 1.383E+02 1.536E-04 1.543E-02 1.056E+00 6.199E+00 1.977E+01 2.887E+00
    470      1.450 2.613E+01 7.331E-01 1.826E+02 1.604E-04 1.559E-02 1.213E+00 7.125E+00 2.612E+01 3.320E+00
    475      1.475 3.443E+01 9.859E-01 2.403E+02 1.670E-04 1.572E-02 1.392E+00 8.179E+00 3.441E+01 3.811E+00
    480      1.500 4.524E+01 1.322E+00 3.154E+02 1.733E-04 1.581E-02 1.595E+00 9.375E+00 4.521E+01 4.367E+00
    485      1.525 5.928E+01 1.767E+00 4.129E+02 1.791E-04 1.588E-02 1.825E+00 1.073E+01 5.924E+01 4.996E+00
    490      1.550 7.747E+01 2.355E+00 5.391E+02 1.845E-04 1.592E-02 2.085E+00 1.227E+01 7.742E+01 5.707E+00
    495      1.575 1.010E+02 3.131E+00 7.021E+02 1.894E-04 1.595E-02 2.379E+00 1.401E+01 1.009E+02 6.508E+00
    500      1.600 1.313E+02 4.150E+00 9.119E+02 1.941E-04 1.595E-02 2.712E+00 1.597E+01 1.312E+02 7.411E+00
    505      1.625 1.702E+02 5.487E+00 1.182E+03 1.986E-04 1.594E-02 3.087E+00 1.819E+01 1.702E+02 8.426E+00
    510      1.650 2.202E+02 7.234E+00 1.527E+03 2.029E-04 1.591E-02 3.509E+00 2.069E+01 2.201E+02 9.566E+00
    515      1.675 2.842E+02 9.514E+00 1.969E+03 2.072E-04 1.586E-02 3.985E+00 2.350E+01 2.841E+02 1.084E+01
    520      1.700 3.659E+02 1.248E+01 2.533E+03 2.115E-04 1.581E-02 4.519E+00 2.667E+01 3.658E+02 1.228E+01
    525      1.725 4.699E+02 1.633E+01 3.251E+03 2.158E-04 1.575E-02 5.120E+00 3.022E+01 4.699E+02 1.388E+01
    530      1.750 6.021E+02 2.131E+01 4.164E+03 2.202E-04 1.568E-02 5.794E+00 3.422E+01 6.022E+02 1.568E+01
    535      1.775 7.698E+02 2.775E+01 5.320E+03 2.245E-04 1.560E-02 6.549E+00 3.869E+01 7.700E+02 1.768E+01
    540      1.800 9.820E+02 3.604E+01 6.782E+03 2.287E-04 1.552E-02 7.395E+00 4.371E+01 9.825E+02 1.990E+01
    545      1.825 1.250E+03 4.670E+01 8.628E+03 2.329E-04 1.544E-02 8.341E+00 4.932E+01 1.251E+03 2.239E+01
    550      1.850 1.588E+03 6.038E+01 1.095E+04 2.368E-04 1.535E-02 9.398E+00 5.559E+01 1.589E+03 2.514E+01
    555      1.875 2.012E+03 7.789E+01 1.388E+04 2.405E-04 1.527E-02 1.058E+01 6.259E+01 2.015E+03 2.821E+01
    560      1.900 2.545E+03 1.003E+02 1.755E+04 2.438E-04 1.520E-02 1.189E+01 7.041E+01 2.549E+03 3.161E+01
    565      1.925 3.213E+03 1.288E+02 2.214E+04 2.467E-04 1.513E-02 1.336E+01 7.912E+01 3.219E+03 3.537E+01
    570      1.950 4.048E+03 1.650E+02 2.788E+04 2.492E-04 1.506E-02 1.499E+01 8.882E+01 4.056E+03 3.954E+01
    575      1.975 5.089E+03 2.110E+02 3.504E+04 2.512E-04 1.500E-02 1.681E+01 9.961E+01 5.102E+03 4.415E+01
    580      2.000 6.386E+03 2.693E+02 4.396E+04 2.527E-04 1.496E-02 1.883E+01 1.116E+02 6.404E+03 4.925E+01
    585      2.025 7.999E+03 3.430E+02 5.504E+04 2.538E-04 1.492E-02 2.107E+01 1.249E+02 8.024E+03 5.487E+01
    590      2.050 1.000E+04 4.360E+02 6.880E+04 2.544E-04 1.489E-02 2.355E+01 1.397E+02 1.004E+04 6.107E+01
    595      2.075 1.248E+04 5.530E+02 8.583E+04 2.546E-04 1.488E-02 2.631E+01 1.561E+02 1.253E+04 6.789E+01
    600      2.100 1.554E+04 7.002E+02 1.069E+05 2.545E-04 1.487E-02 2.936E+01 1.742E+02 1.561E+04 7.540E+01
    605      2.125 1.932E+04 8.848E+02 1.329E+05 2.540E-04 1.488E-02 3.273E+01 1.943E+02 1.942E+04 8.366E+01
    610      2.150 2.399E+04 1.116E+03 1.649E+05 2.533E-04 1.490E-02 3.646E+01 2.165E+02 2.411E+04 9.273E+01
    615      2.175 2.972E+04 1.405E+03 2.043E+05 2.524E-04 1.493E-02 4.059E+01 2.411E+02 2.989E+04 1.027E+02
    620      2.200 3.676E+04 1.766E+03 2.527E+05 2.512E-04 1.496E-02 4.514E+01 2.682E+02 3.699E+04 1.136E+02
    625      2.225 4.540E+04 2.215E+03 3.120E+05 2.498E-04 1.501E-02 5.016E+01 2.981E+02 4.569E+04 1.256E+02
    630      2.250 5.597E+04 2.774E+03 3.847E+05 2.483E-04 1.506E-02 5.569E+01 3.311E+02 5.636E+04 1.387E+02
    635      2.275 6.888E+04 3.467E+03 4.735E+05 2.466E-04 1.513E-02 6.179E+01 3.674E+02 6.940E+04 1.530E+02
    640      2.300 8.465E+04 4.327E+03 5.819E+05 2.447E-04 1.519E-02 6.850E+01 4.074E+02 8.533E+04 1.686E+02
    645      2.325 1.039E+05 5.390E+03 7.140E+05 2.426E-04 1.527E-02 7.587E+01 4.514E+02 1.047E+05 1.857E+02
    650      2.350 1.272E+05 6.704E+03 8.747E+05 2.403E-04 1.535E-02 8.398E+01 4.997E+02 1.284E+05 2.043E+02
    655      2.375 1.556E+05 8.324E+03 1.070E+06 2.378E-04 1.543E-02 9.288E+01 5.528E+02 1.571E+05 2.246E+02
    660      2.400 1.901E+05 1.032E+04 1.307E+06 2.351E-04 1.551E-02 1.027E+02 6.111E+02 1.920E+05 2.467E+02
    665      2.425 2.318E+05 1.277E+04 1.594E+06 2.323E-04 1.559E-02 1.134E+02 6.750E+02 2.342E+05 2.708E+02
    670      2.450 2.823E+05 1.578E+04 1.942E+06 2.294E-04 1.568E-02 1.251E+02 7.451E+02 2.854E+05 2.970E+02
    675      2.475 3.432E+05 1.947E+04 2.361E+06 2.264E-04 1.576E-02 1.380E+02 8.218E+02 3.472E+05 3.254E+02
    680      2.500 4.168E+05 2.399E+04 2.868E+06 2.234E-04 1.583E-02 1.521E+02 9.059E+02 4.218E+05 3.564E+02
    685      2.525 5.054E+05 2.951E+04 3.478E+06 2.206E-04 1.590E-02 1.675E+02 9.978E+02 5.118E+05 3.899E+02
    690      2.550 6.120E+05 3.625E+04 4.212E+06 2.180E-04 1.597E-02 1.843E+02 1.098E+03 6.201E+05 4.263E+02
    695      2.575 7.400E+05 4.446E+04 5.095E+06 2.157E-04 1.603E-02 2.027E+02 1.208E+03 7.502E+05 4.657E+02
    700      2.600 8.936E+05 5.446E+04 6.154E+06 2.138E-04 1.608E-02 2.228E+02 1.328E+03 9.065E+05 5.085E+02
    705      2.625 1.078E+06 6.660E+04 7.424E+06 2.123E-04 1.612E-02 2.447E+02 1.459E+03 1.094E+06 5.547E+02
    710      2.650 1.298E+06 8.134E+04 8.944E+06 2.113E-04 1.615E-02 2.685E+02 1.601E+03 1.318E+06 6.048E+02
    715      2.675 1.561E+06 9.921E+04 1.076E+07 2.108E-04 1.617E-02 2.946E+02 1.757E+03 1.587E+06 6.616E+02
    720      2.700 1.876E+06 1.208E+05 1.293E+07 2.109E-04 1.618E-02 3.229E+02 1.926E+03 1.907E+06 7.237E+02
    725      2.725 2.251E+06 1.470E+05 1.552E+07 2.116E-04 1.617E-02 3.538E+02 2.111E+03 2.290E+06 7.924E+02
    730      2.750 2.697E+06 1.785E+05 1.861E+07 2.127E-04 1.616E-02 3.873E+02 2.311E+03 2.746E+06 8.679E+02
    735      2.775 3.228E+06 2.166E+05 2.228E+07 2.144E-04 1.614E-02 4.238E+02 2.529E+03 3.288E+06 9.500E+02
    740      2.800 3.859E+06 2.624E+05 2.664E+07 2.163E-04 1.611E-02 4.635E+02 2.766E+03 3.933E+06 1.039E+03
    745      2.825 4.608E+06 3.175E+05 3.182E+07 2.186E-04 1.607E-02 5.065E+02 3.024E+03 4.699E+06 1.136E+03
    750      2.850 5.496E+06 3.837E+05 3.797E+07 2.210E-04 1.603E-02 5.533E+02 3.303E+03 5.608E+06 1.241E+03
    755      2.875 6.547E+06 4.632E+05 4.525E+07 2.235E-04 1.598E-02 6.040E+02 3.606E+03 6.685E+06 1.355E+03
    760      2.900 7.791E+06 5.583E+05 5.386E+07 2.259E-04 1.592E-02 6.590E+02 3.935E+03 7.959E+06 1.478E+03
    765      2.925 9.260E+06 6.723E+05 6.404E+07 2.281E-04 1.586E-02 7.186E+02 4.291E+03 9.466E+06 1.612E+03
    770      2.950 1.099E+07 8.085E+05 7.606E+07 2.301E-04 1.580E-02 7.831E+02 4.677E+03 1.125E+07 1.757E+03
    775      2.975 1.304E+07 9.712E+05 9.024E+07 2.317E-04 1.573E-02 8.530E+02 5.095E+03 1.334E+07 1.913E+03
    780      3.000 1.545E+07 1.165E+06 1.070E+08 2.330E-04 1.566E-02 9.286E+02 5.547E+03 1.582E+07 2.082E+03
    785      3.025 1.828E+07 1.396E+06 1.266E+08 2.338E-04 1.560E-02 1.010E+03 6.037E+03 1.873E+07 2.265E+03
    790      3.050 2.161E+07 1.672E+06 1.498E+08 2.342E-04 1.553E-02 1.099E+03 6.565E+03 2.216E+07 2.462E+03
    795      3.075 2.551E+07 1.999E+06 1.769E+08 2.341E-04 1.546E-02 1.194E+03 7.137E+03 2.618E+07 2.675E+03
    800      3.100 3.010E+07 2.387E+06 2.088E+08 2.337E-04 1.539E-02 1.298E+03 7.754E+03 3.090E+07 2.905E+03
    805      3.125 3.547E+07 2.848E+06 2.462E+08 2.329E-04 1.532E-02 1.409E+03 8.420E+03 3.644E+07 3.153E+03
    810      3.150 4.176E+07 3.395E+06 2.900E+08 2.319E-04 1.525E-02 1.529E+03 9.139E+03 4.293E+07 3.420E+03
    815      3.175 4.911E+07 4.041E+06 3.412E+08 2.307E-04 1.518E-02 1.659E+03 9.914E+03 5.052E+07 3.708E+03
    820      3.200 5.770E+07 4.806E+06 4.011E+08 2.294E-04 1.511E-02 1.798E+03 1.075E+04 5.940E+07 4.017E+03
    825      3.225 6.773E+07 5.710E+06 4.711E+08 2.281E-04 1.503E-02 1.949E+03 1.165E+04 6.977E+07 4.351E+03
    830      3.250 7.943E+07 6.776E+06 5.528E+08 2.269E-04 1.495E-02 2.111E+03 1.262E+04 8.187E+07 4.709E+03
    835      3.275 9.306E+07 8.034E+06 6.480E+08 2.258E-04 1.487E-02 2.286E+03 1.366E+04 9.598E+07 5.095E+03
    840      3.300 1.089E+08 9.516E+06 7.589E+08 2.250E-04 1.478E-02 2.474E+03 1.479E+04 1.124E+08 5.508E+03
    845      3.325 1.274E+08 1.126E+07 8.879E+08 2.244E-04 1.469E-02 2.676E+03 1.600E+04 1.315E+08 5.953E+03
    850      3.350 1.488E+08 1.331E+07 1.038E+09 2.240E-04 1.459E-02 2.893E+03 1.730E+04 1.538E+08 6.430E+03
    855      3.375 1.737E+08 1.572E+07 1.212E+09 2.240E-04 1.449E-02 3.126E+03 1.869E+04 1.796E+08 6.942E+03
    860      3.400 2.026E+08 1.854E+07 1.415E+09 2.243E-04 1.438E-02 3.377E+03 2.019E+04 2.096E+08 7.491E+03
    865      3.425 2.360E+08 2.185E+07 1.649E+09 2.249E-04 1.426E-02 3.647E+03 2.181E+04 2.444E+08 8.079E+03
    870      3.450 2.747E+08 2.573E+07 1.921E+09 2.258E-04 1.414E-02 3.936E+03 2.353E+04 2.847E+08 8.710E+03
    875      3.475 3.196E+08 3.027E+07 2.236E+09 2.271E-04 1.401E-02 4.246E+03 2.539E+04 3.314E+08 9.385E+03
    880      3.500 3.714E+08 3.558E+07 2.601E+09 2.287E-04 1.387E-02 4.579E+03 2.738E+04 3.853E+08 1.011E+04
    885      3.525 4.312E+08 4.178E+07 3.022E+09 2.306E-04 1.374E-02 4.936E+03 2.952E+04 4.478E+08 1.088E+04
    890      3.550 5.003E+08 4.902E+07 3.509E+09 2.328E-04 1.360E-02 5.319E+03 3.180E+04 5.198E+08 1.171E+04
    895      3.575 5.800E+08 5.747E+07 4.071E+09 2.353E-04 1.345E-02 5.729E+03 3.425E+04 6.030E+08 1.259E+04
    900      3.600 6.718E+08 6.730E+07 4.719E+09 2.381E-04 1.331E-02 6.168E+03 3.688E+04 6.989E+08 1.353E+04
    905      3.625 7.775E+08 7.875E+07 5.465E+09 2.412E-04 1.316E-02 6.638E+03 3.968E+04 8.095E+08 1.454E+04
    910      3.650 8.991E+08 9.207E+07 6.325E+09 2.445E-04 1.302E-02 7.141E+03 4.269E+04 9.367E+08 1.562E+04
    915      3.675 1.039E+09 1.076E+08 7.315E+09 2.480E-04 1.289E-02 7.680E+03 4.591E+04 1.083E+09 1.677E+04
    920      3.700 1.200E+09 1.255E+08 8.452E+09 2.517E-04 1.276E-02 8.255E+03 4.934E+04 1.251E+09 1.799E+04
    925      3.725 1.384E+09 1.464E+08 9.760E+09 2.554E-04 1.263E-02 8.871E+03 5.302E+04 1.445E+09 1.930E+04
    930      3.750 1.595E+09 1.706E+08 1.126E+10 2.591E-04 1.252E-02 9.529E+03 5.694E+04 1.667E+09 2.069E+04
    935      3.775 1.838E+09 1.986E+08 1.298E+10 2.625E-04 1.243E-02 1.023E+04 6.114E+04 1.921E+09 2.217E+04
    940      3.800 2.115E+09 2.311E+08 1.496E+10 2.656E-04 1.235E-02 1.098E+04 6.562E+04 2.213E+09 2.375E+04
    945      3.825 2.433E+09 2.686E+08 1.722E+10 2.683E-04 1.229E-02 1.178E+04 7.040E+04 2.547E+09 2.543E+04
    950      3.850 2.797E+09 3.120E+08 1.981E+10 2.703E-04 1.225E-02 1.264E+04 7.550E+04 2.930E+09 2.722E+04
    955      3.875 3.212E+09 3.620E+08 2.278E+10 2.715E-04 1.223E-02 1.355E+04 8.094E+04 3.368E+09 2.912E+04
    960      3.900 3.687E+09 4.199E+08 2.617E+10 2.719E-04 1.223E-02 1.452E+04 8.674E+04 3.868E+09 3.114E+04
    965      3.925 4.229E+09 4.865E+08 3.004E+10 2.713E-04 1.226E-02 1.556E+04 9.293E+04 4.439E+09 3.329E+04
    970      3.950 4.846E+09 5.634E+08 3.446E+10 2.697E-04 1.231E-02 1.667E+04 9.952E+04 5.091E+09 3.557E+04
    975      3.975 5.551E+09 6.519E+08 3.951E+10 2.671E-04 1.238E-02 1.785E+04 1.065E+05 5.835E+09 3.799E+04
    980      4.000 6.353E+09 7.537E+08 4.527E+10 2.635E-04 1.247E-02 1.910E+04 1.140E+05 6.683E+09 4.057E+04
    985      4.025 7.266E+09 8.708E+08 5.183E+10 2.591E-04 1.257E-02 2.044E+04 1.220E+05 7.649E+09 4.330E+04
    990      4.050 8.305E+09 1.005E+09 5.930E+10 2.541E-04 1.269E-02 2.187E+04 1.305E+05 8.749E+09 4.620E+04
    995      4.075 9.486E+09 1.160E+09 6.780E+10 2.485E-04 1.282E-02 2.338E+04 1.395E+05 1.000E+10 4.927E+04
   1000      4.100 1.083E+10 1.337E+09 7.748E+10 2.427E-04 1.296E-02 2.499E+04 1.491E+05 1.142E+10 5.252E+04
   1005      4.125 1.235E+10 1.540E+09 8.847E+10 2.369E-04 1.310E-02 2.671E+04 1.593E+05 1.304E+10 5.597E+04
   1010      4.150 1.408E+10 1.773E+09 1.010E+11 2.312E-04 1.324E-02 2.853E+04 1.701E+05 1.488E+10 5.963E+04
   1015      4.175 1.604E+10 2.040E+09 1.152E+11 2.258E-04 1.338E-02 3.047E+04 1.816E+05 1.696E+10 6.350E+04
   1020      4.200 1.826E+10 2.346E+09 1.313E+11 2.210E-04 1.351E-02 3.253E+04 1.939E+05 1.932E+10 6.760E+04
   1025      4.225 2.078E+10 2.695E+09 1.495E+11 2.167E-04 1.363E-02 3.472E+04 2.069E+05 2.200E+10 7.194E+04
   1030      4.250 2.363E+10 3.094E+09 1.702E+11 2.132E-04 1.374E-02 3.705E+04 2.207E+05 2.503E+10 7.653E+04
   1035      4.275 2.685E+10 3.550E+09 1.936E+11 2.104E-04 1.384E-02 3.951E+04 2.353E+05 2.847E+10 8.138E+04
   1040      4.300 3.050E+10 4.071E+09 2.202E+11 2.083E-04 1.392E-02 4.213E+04 2.509E+05 3.235E+10 8.651E+04
   1045      4.325 3.461E+10 4.664E+09 2.502E+11 2.069E-04 1.399E-02 4.492E+04 2.674E+05 3.675E+10 9.194E+04
   1050      4.350 3.926E+10 5.341E+09 2.842E+11 2.061E-04 1.405E-02 4.787E+04 2.848E+05 4.171E+10 9.767E+04
   1055      4.375 4.451E+10 6.112E+09 3.225E+11 2.059E-04 1.409E-02 5.100E+04 3.034E+05 4.732E+10 1.037E+05
   1060      4.400 5.043E+10 6.991E+09 3.659E+11 2.061E-04 1.411E-02 5.431E+04 3.230E+05 5.365E+10 1.101E+05
   1065      4.425 5.711E+10 7.990E+09 4.148E+11 2.068E-04 1.412E-02 5.783E+04 3.439E+05 6.080E+10 1.170E+05
   1070      4.450 6.463E+10 9.126E+09 4.700E+11 2.078E-04 1.411E-02 6.156E+04 3.659E+05 6.885E+10 1.245E+05
   1075      4.475 7.310E+10 1.042E+10 5.322E+11 2.091E-04 1.409E-02 6.551E+04 3.893E+05 7.793E+10 1.324E+05
   1080      4.500 8.264E+10 1.189E+10 6.024E+11 2.107E-04 1.406E-02 6.969E+04 4.141E+05 8.816E+10 1.408E+05
   1085      4.525 9.337E+10 1.355E+10 6.814E+11 2.124E-04 1.401E-02 7.412E+04 4.403E+05 9.967E+10 1.496E+05
   1090      4.550 1.054E+11 1.544E+10 7.704E+11 2.143E-04 1.396E-02 7.881E+04 4.680E+05 1.126E+11 1.590E+05
   1095      4.575 1.190E+11 1.759E+10 8.705E+11 2.163E-04 1.389E-02 8.378E+04 4.974E+05 1.272E+11 1.689E+05
   1100      4.600 1.342E+11 2.001E+10 9.831E+11 2.185E-04 1.381E-02 8.903E+04 5.284E+05 1.436E+11 1.794E+05
   1105      4.625 1.513E+11 2.277E+10 1.110E+12 2.207E-04 1.372E-02 9.459E+04 5.612E+05 1.620E+11 1.905E+05
   1110      4.650 1.705E+11 2.588E+10 1.252E+12 2.230E-04 1.362E-02 1.005E+05 5.959E+05 1.826E+11 2.022E+05
   1115      4.675 1.920E+11 2.941E+10 1.411E+12 2.254E-04 1.351E-02 1.067E+05 6.326E+05 2.058E+11 2.145E+05
   1120      4.700 2.161E+11 3.339E+10 1.591E+12 2.278E-04 1.340E-02 1.132E+05 6.714E+05 2.318E+11 2.276E+05
   1125      4.725 2.431E+11 3.790E+10 1.792E+12 2.303E-04 1.329E-02 1.202E+05 7.123E+05 2.609E+11 2.414E+05
   1130      4.750 2.734E+11 4.298E+10 2.017E+12 2.328E-04 1.317E-02 1.275E+05 7.556E+05 2.936E+11 2.560E+05
   1135      4.775 3.072E+11 4.873E+10 2.269E+12 2.353E-04 1.304E-02 1.353E+05 8.013E+05 3.302E+11 2.713E+05
   1140      4.800 3.451E+11 5.521E+10 2.552E+12 2.379E-04 1.292E-02 1.435E+05 8.496E+05 3.712E+11 2.875E+05
   1145      4.825 3.875E+11 6.253E+10 2.869E+12 2.406E-04 1.280E-02 1.521E+05 9.005E+05 4.170E+11 3.046E+05
   1150      4.850 4.348E+11 7.077E+10 3.223E+12 2.434E-04 1.268E-02 1.612E+05 9.542E+05 4.683E+11 3.227E+05
   1155      4.875 4.877E+11 8.006E+10 3.619E+12 2.463E-04 1.257E-02 1.708E+05 1.011E+06 5.256E+11 3.417E+05
   1160      4.900 5.468E+11 9.051E+10 4.062E+12 2.493E-04 1.246E-02 1.810E+05 1.071E+06 5.896E+11 3.618E+05
   1165      4.925 6.127E+11 1.023E+11 4.557E+12 2.526E-04 1.235E-02 1.917E+05 1.134E+06 6.611E+11 3.829E+05
   1170      4.950 6.863E+11 1.155E+11 5.109E+12 2.561E-04 1.226E-02 2.030E+05 1.200E+06 7.410E+11 4.051E+05
   1175      4.975 7.683E+11 1.304E+11 5.726E+12 2.598E-04 1.218E-02 2.149E+05 1.270E+06 8.301E+11 4.286E+05
   1180      5.000 8.597E+11 1.472E+11 6.414E+12 2.637E-04 1.212E-02 2.274E+05 1.344E+06 9.294E+11 4.533E+05
   1185      5.025 9.616E+11 1.660E+11 7.182E+12 2.676E-04 1.207E-02 2.406E+05 1.422E+06 1.040E+12 4.793E+05
   1190      5.050 1.075E+12 1.871E+11 8.037E+12 2.715E-04 1.204E-02 2.546E+05 1.504E+06 1.164E+12 5.067E+05
   1195      5.075 1.201E+12 2.108E+11 8.990E+12 2.753E-04 1.204E-02 2.692E+05 1.591E+06 1.301E+12 5.355E+05
   1200      5.100 1.342E+12 2.373E+11 1.005E+13 2.787E-04 1.206E-02 2.847E+05 1.682E+06 1.454E+12 5.658E+05
   1205      5.125 1.498E+12 2.671E+11 1.123E+13 2.815E-04 1.211E-02 3.009E+05 1.777E+06 1.625E+12 5.977E+05
   1210      5.150 1.672E+12 3.005E+11 1.255E+13 2.835E-04 1.219E-02 3.181E+05 1.878E+06 1.814E+12 6.312E+05
   1215      5.175 1.865E+12 3.380E+11 1.401E+13 2.845E-04 1.229E-02 3.361E+05 1.984E+06 2.025E+12 6.665E+05
   1220      5.200 2.080E+12 3.798E+11 1.563E+13 2.843E-04 1.243E-02 3.550E+05 2.096E+06 2.260E+12 7.035E+05
   1225      5.225 2.318E+12 4.267E+11 1.744E+13 2.827E-04 1.259E-02 3.750E+05 2.213E+06 2.520E+12 7.425E+05
   1230      5.250 2.583E+12 4.792E+11 1.944E+13 2.797E-04 1.278E-02 3.959E+05 2.337E+06 2.809E+12 7.834E+05
   1235      5.275 2.876E+12 5.379E+11 2.167E+13 2.752E-04 1.300E-02 4.180E+05 2.467E+06 3.130E+12 8.264E+05
   1240      5.300 3.202E+12 6.034E+11 2.413E+13 2.692E-04 1.323E-02 4.411E+05 2.604E+06 3.486E+12 8.715E+05
   1245      5.325 3.562E+12 6.767E+11 2.687E+13 2.620E-04 1.347E-02 4.655E+05 2.747E+06 3.882E+12 9.190E+05
   1250      5.350 3.962E+12 7.585E+11 2.991E+13 2.539E-04 1.373E-02 4.911E+05 2.898E+06 4.320E+12 9.687E+05
   1255      5.375 4.405E+12 8.498E+11 3.327E+13 2.449E-04 1.399E-02 5.179E+05 3.057E+06 4.806E+12 1.021E+06
   1260      5.400 4.896E+12 9.517E+11 3.699E+13 2.357E-04 1.426E-02 5.461E+05 3.223E+06 5.344E+12 1.076E+06
   1265      5.425 5.439E+12 1.065E+12 4.112E+13 2.264E-04 1.452E-02 5.758E+05 3.398E+06 5.940E+12 1.133E+06
   1270      5.450 6.040E+12 1.192E+12 4.568E+13 2.175E-04 1.477E-02 6.069E+05 3.582E+06 6.600E+12 1.194E+06
   1275      5.475 6.705E+12 1.333E+12 5.073E+13 2.092E-04 1.500E-02 6.395E+05 3.775E+06 7.331E+12 1.257E+06
   1280      5.500 7.441E+12 1.491E+12 5.631E+13 2.020E-04 1.522E-02 6.738E+05 3.978E+06 8.139E+12 1.323E+06
   1285      5.525 8.253E+12 1.666E+12 6.248E+13 1.959E-04 1.542E-02 7.098E+05 4.191E+06 9.033E+12 1.393E+06
   1290      5.550 9.152E+12 1.861E+12 6.929E+13 1.912E-04 1.560E-02 7.475E+05 4.414E+06 1.002E+13 1.465E+06
   1295      5.575 1.014E+13 2.078E+12 7.682E+13 1.879E-04 1.576E-02 7.870E+05 4.648E+06 1.111E+13 1.542E+06
   1300      5.600 1.124E+13 2.319E+12 8.512E+13 1.860E-04 1.590E-02 8.285E+05 4.894E+06 1.232E+13 1.622E+06
   1305      5.625 1.245E+13 2.588E+12 9.429E+13 1.853E-04 1.601E-02 8.719E+05 5.152E+06 1.365E+13 1.705E+06
   1310      5.650 1.378E+13 2.886E+12 1.044E+14 1.859E-04 1.609E-02 9.175E+05 5.422E+06 1.512E+13 1.793E+06
   1315      5.675 1.525E+13 3.217E+12 1.155E+14 1.875E-04 1.615E-02 9.652E+05 5.706E+06 1.675E+13 1.885E+06
   1320      5.700 1.688E+13 3.585E+12 1.278E+14 1.899E-04 1.620E-02 1.015E+06 6.003E+06 1.854E+13 1.981E+06
   1325      5.725 1.867E+13 3.994E+12 1.413E+14 1.930E-04 1.622E-02 1.068E+06 6.315E+06 2.051E+13 2.081E+06
   1330      5.750 2.064E+13 4.447E+12 1.562E+14 1.966E-04 1.622E-02 1.122E+06 6.642E+06 2.269E+13 2.186E+06
   1335      5.775 2.281E+13 4.950E+12 1.726E+14 2.004E-04 1.620E-02 1.180E+06 6.984E+06 2.509E+13 2.296E+06
   1340      5.800 2.520E+13 5.508E+12 1.907E+14 2.045E-04 1.616E-02 1.240E+06 7.343E+06 2.773E+13 2.411E+06
   1345      5.825 2.783E+13 6.126E+12 2.105E+14 2.086E-04 1.612E-02 1.303E+06 7.719E+06 3.064E+13 2.532E+06
   1350      5.850 3.073E+13 6.811E+12 2.323E+14 2.128E-04 1.606E-02 1.369E+06 8.113E+06 3.385E+13 2.657E+06
   1355      5.875 3.392E+13 7.570E+12 2.563E+14 2.170E-04 1.598E-02 1.437E+06 8.525E+06 3.737E+13 2.789E+06
   1360      5.900 3.742E+13 8.411E+12 2.826E+14 2.211E-04 1.590E-02 1.509E+06 8.957E+06 4.125E+13 2.926E+06
   1365      5.925 4.128E+13 9.341E+12 3.115E+14 2.252E-04 1.582E-02 1.585E+06 9.409E+06 4.552E+13 3.069E+06
   1370      5.950 4.552E+13 1.037E+13 3.432E+14 2.293E-04 1.573E-02 1.664E+06 9.882E+06 5.021E+13 3.219E+06
   1375      5.975 5.017E+13 1.151E+13 3.780E+14 2.333E-04 1.563E-02 1.746E+06 1.038E+07 5.537E+13 3.375E+06
   1380      6.000 5.528E+13 1.277E+13 4.162E+14 2.373E-04 1.553E-02 1.832E+06 1.090E+07 6.104E+13 3.539E+06
   1385      6.025 6.090E+13 1.416E+13 4.580E+14 2.413E-04 1.544E-02 1.922E+06 1.144E+07 6.727E+13 3.709E+06
   1390      6.050 6.707E+13 1.570E+13 5.039E+14 2.451E-04 1.534E-02 2.016E+06 1.201E+07 7.411E+13 3.887E+06
   1395      6.075 7.383E+13 1.740E+13 5.541E+14 2.488E-04 1.525E-02 2.114E+06 1.260E+07 8.161E+13 4.073E+06
   1400      6.100 8.126E+13 1.928E+13 6.091E+14 2.522E-04 1.517E-02 2.216E+06 1.322E+07 8.985E+13 4.266E+06
   1405      6.125 8.940E+13 2.135E+13 6.694E+14 2.552E-04 1.509E-02 2.323E+06 1.387E+07 9.889E+13 4.468E+06
   1410      6.150 9.833E+13 2.363E+13 7.353E+14 2.578E-04 1.502E-02 2.435E+06 1.455E+07 1.088E+14 4.679E+06
   1415      6.175 1.081E+14 2.616E+13 8.073E+14 2.597E-04 1.497E-02 2.551E+06 1.526E+07 1.197E+14 4.898E+06
   1420      6.200 1.188E+14 2.894E+13 8.861E+14 2.609E-04 1.493E-02 2.673E+06 1.600E+07 1.316E+14 5.127E+06
   1425      6.225 1.306E+14 3.201E+13 9.723E+14 2.613E-04 1.490E-02 2.800E+06 1.678E+07 1.447E+14 5.365E+06
   1430      6.250 1.435E+14 3.539E+13 1.066E+15 2.608E-04 1.488E-02 2.932E+06 1.759E+07 1.590E+14 5.614E+06
   1435      6.275 1.576E+14 3.912E+13 1.169E+15 2.594E-04 1.487E-02 3.070E+06 1.844E+07 1.746E+14 5.873E+06
   1440      6.300 1.730E+14 4.322E+13 1.281E+15 2.571E-04 1.488E-02 3.214E+06 1.932E+07 1.918E+14 6.142E+06
   1445      6.325 1.899E+14 4.774E+13 1.404E+15 2.540E-04 1.490E-02 3.364E+06 2.025E+07 2.106E+14 6.423E+06
   1450      6.350 2.084E+14 5.272E+13 1.538E+15 2.502E-04 1.493E-02 3.521E+06 2.121E+07 2.312E+14 6.715E+06
   1455      6.375 2.286E+14 5.820E+13 1.683E+15 2.459E-04 1.496E-02 3.684E+06 2.222E+07 2.536E+14 7.019E+06
   1460      6.400 2.507E+14 6.423E+13 1.842E+15 2.413E-04 1.501E-02 3.854E+06 2.327E+07 2.783E+14 7.336E+06
   1465      6.425 2.748E+14 7.086E+13 2.015E+15 2.365E-04 1.505E-02 4.031E+06 2.437E+07 3.052E+14 7.671E+06
   1470      6.450 3.012E+14 7.815E+13 2.204E+15 2.318E-04 1.509E-02 4.216E+06 2.552E+07 3.346E+14 8.026E+06
   1475      6.475 3.301E+14 8.616E+13 2.410E+15 2.274E-04 1.514E-02 4.408E+06 2.672E+07 3.667E+14 8.397E+06
   1480      6.500 3.616E+14 9.497E+13 2.633E+15 2.234E-04 1.517E-02 4.608E+06 2.797E+07 4.018E+14 8.782E+06
   1485      6.525 3.960E+14 1.046E+14 2.877E+15 2.200E-04 1.521E-02 4.816E+06 2.928E+07 4.402E+14 9.184E+06
   1490      6.550 4.336E+14 1.153E+14 3.142E+15 2.172E-04 1.523E-02 5.033E+06 3.064E+07 4.820E+14 9.602E+06
   1495      6.575 4.746E+14 1.269E+14 3.430E+15 2.152E-04 1.525E-02 5.259E+06 3.206E+07 5.278E+14 1.004E+07
   1500      6.600 5.194E+14 1.398E+14 3.743E+15 2.138E-04 1.525E-02 5.493E+06 3.354E+07 5.777E+14 1.049E+07
   1505      6.625 5.682E+14 1.538E+14 4.083E+15 2.132E-04 1.525E-02 5.738E+06 3.509E+07 6.321E+14 1.096E+07
   1510      6.650 6.215E+14 1.692E+14 4.453E+15 2.132E-04 1.524E-02 5.992E+06 3.670E+07 6.915E+14 1.145E+07
   1515      6.675 6.796E+14 1.862E+14 4.855E+15 2.138E-04 1.521E-02 6.256E+06 3.839E+07 7.563E+14 1.196E+07
   1520      6.700 7.429E+14 2.047E+14 5.291E+15 2.149E-04 1.517E-02 6.531E+06 4.014E+07 8.269E+14 1.249E+07
   1525      6.725 8.119E+14 2.250E+14 5.764E+15 2.163E-04 1.513E-02 6.817E+06 4.197E+07 9.039E+14 1.304E+07
   1530      6.750 8.872E+14 2.473E+14 6.277E+15 2.180E-04 1.507E-02 7.114E+06 4.388E+07 9.878E+14 1.361E+07
   1535      6.775 9.691E+14 2.718E+14 6.834E+15 2.200E-04 1.501E-02 7.423E+06 4.586E+07 1.079E+15 1.421E+07
   1540      6.800 1.058E+15 2.985E+14 7.438E+15 2.220E-04 1.493E-02 7.744E+06 4.793E+07 1.179E+15 1.483E+07
   1545      6.825 1.156E+15 3.278E+14 8.092E+15 2.241E-04 1.485E-02 8.078E+06 5.009E+07 1.287E+15 1.547E+07
   1550      6.850 1.261E+15 3.599E+14 8.801E+15 2.262E-04 1.477E-02 8.424E+06 5.234E+07 1.405E+15 1.614E+07
   1555      6.875 1.377E+15 3.950E+14 9.570E+15 2.282E-04 1.468E-02 8.784E+06 5.469E+07 1.534E+15 1.684E+07
   1560      6.900 1.502E+15 4.334E+14 1.040E+16 2.302E-04 1.458E-02 9.158E+06 5.713E+07 1.674E+15 1.756E+07
   1565      6.925 1.638E+15 4.754E+14 1.130E+16 2.320E-04 1.448E-02 9.546E+06 5.967E+07 1.826E+15 1.831E+07
   1570      6.950 1.786E+15 5.214E+14 1.228E+16 2.336E-04 1.438E-02 9.949E+06 6.232E+07 1.991E+15 1.908E+07
   1575      6.975 1.948E+15 5.717E+14 1.333E+16 2.349E-04 1.428E-02 1.037E+07 6.508E+07 2.171E+15 1.989E+07
   1580      7.000 2.123E+15 6.266E+14 1.447E+16 2.360E-04 1.418E-02 1.080E+07 6.795E+07 2.367E+15 2.073E+07
   1585      7.025 2.314E+15 6.867E+14 1.570E+16 2.369E-04 1.407E-02 1.125E+07 7.094E+07 2.580E+15 2.160E+07
   1590      7.050 2.521E+15 7.523E+14 1.703E+16 2.374E-04 1.397E-02 1.172E+07 7.406E+07 2.811E+15 2.250E+07
   1595      7.075 2.746E+15 8.240E+14 1.847E+16 2.377E-04 1.386E-02 1.220E+07 7.730E+07 3.062E+15 2.343E+07
   1600      7.100 2.990E+15 9.023E+14 2.003E+16 2.376E-04 1.376E-02 1.271E+07 8.067E+07 3.335E+15 2.440E+07
   1605      7.125 3.256E+15 9.878E+14 2.170E+16 2.373E-04 1.366E-02 1.323E+07 8.419E+07 3.631E+15 2.541E+07
   1610      7.150 3.544E+15 1.081E+15 2.352E+16 2.367E-04 1.356E-02 1.377E+07 8.784E+07 3.953E+15 2.645E+07
   1615      7.175 3.857E+15 1.183E+15 2.547E+16 2.359E-04 1.345E-02 1.433E+07 9.165E+07 4.302E+15 2.753E+07
   1620      7.200 4.196E+15 1.294E+15 2.758E+16 2.349E-04 1.335E-02 1.491E+07 9.560E+07 4.681E+15 2.865E+07
   1625      7.225 4.565E+15 1.415E+15 2.985E+16 2.339E-04 1.325E-02 1.551E+07 9.972E+07 5.092E+15 2.981E+07
   1630      7.250 4.964E+15 1.547E+15 3.230E+16 2.329E-04 1.314E-02 1.614E+07 1.040E+08 5.538E+15 3.102E+07
   1635      7.275 5.398E+15 1.692E+15 3.494E+16 2.320E-04 1.303E-02 1.679E+07 1.085E+08 6.022E+15 3.226E+07
   1640      7.300 5.868E+15 1.849E+15 3.779E+16 2.312E-04 1.292E-02 1.746E+07 1.131E+08 6.547E+15 3.355E+07
   1645      7.325 6.378E+15 2.020E+15 4.085E+16 2.306E-04 1.281E-02 1.815E+07 1.179E+08 7.116E+15 3.489E+07
   1650      7.350 6.930E+15 2.206E+15 4.415E+16 2.304E-04 1.269E-02 1.887E+07 1.229E+08 7.732E+15 3.628E+07
   1655      7.375 7.529E+15 2.410E+15 4.771E+16 2.305E-04 1.257E-02 1.961E+07 1.281E+08 8.400E+15 3.771E+07
   1660      7.400 8.178E+15 2.631E+15 5.153E+16 2.310E-04 1.245E-02 2.038E+07 1.335E+08 9.124E+15 3.919E+07
   1665      7.425 8.881E+15 2.872E+15 5.564E+16 2.320E-04 1.232E-02 2.118E+07 1.392E+08 9.908E+15 4.073E+07
   1670      7.450 9.642E+15 3.135E+15 6.007E+16 2.335E-04 1.218E-02 2.201E+07 1.450E+08 1.076E+16 4.232E+07
   1675      7.475 1.047E+16 3.420E+15 6.482E+16 2.356E-04 1.205E-02 2.286E+07 1.511E+08 1.168E+16 4.397E+07
   1680      7.500 1.136E+16 3.731E+15 6.994E+16 2.382E-04 1.191E-02 2.375E+07 1.574E+08 1.267E+16 4.567E+07
   1685      7.525 1.233E+16 4.069E+15 7.543E+16 2.414E-04 1.177E-02 2.466E+07 1.640E+08 1.375E+16 4.743E+07
   1690      7.550 1.337E+16 4.437E+15 8.133E+16 2.451E-04 1.164E-02 2.561E+07 1.708E+08 1.492E+16 4.925E+07
   1695      7.575 1.450E+16 4.837E+15 8.767E+16 2.493E-04 1.151E-02 2.659E+07 1.779E+08 1.618E+16 5.114E+07
   1700      7.600 1.573E+16 5.272E+15 9.447E+16 2.539E-04 1.139E-02 2.760E+07 1.853E+08 1.754E+16 5.309E+07
   1705      7.625 1.705E+16 5.745E+15 1.018E+17 2.587E-04 1.127E-02 2.865E+07 1.929E+08 1.902E+16 5.510E+07
   1710      7.650 1.848E+16 6.258E+15 1.096E+17 2.634E-04 1.118E-02 2.973E+07 2.009E+08 2.061E+16 5.718E+07
   1715      7.675 2.003E+16 6.817E+15 1.180E+17 2.680E-04 1.110E-02 3.085E+07 2.091E+08 2.234E+16 5.933E+07
   1720      7.700 2.170E+16 7.423E+15 1.270E+17 2.720E-04 1.104E-02 3.200E+07 2.177E+08 2.420E+16 6.156E+07
   1725      7.725 2.351E+16 8.082E+15 1.367E+17 2.752E-04 1.101E-02 3.320E+07 2.266E+08 2.622E+16 6.386E+07
   1730      7.750 2.547E+16 8.797E+15 1.470E+17 2.775E-04 1.100E-02 3.443E+07 2.358E+08 2.840E+16 6.623E+07
   1735      7.775 2.758E+16 9.574E+15 1.581E+17 2.784E-04 1.103E-02 3.571E+07 2.454E+08 3.075E+16 6.868E+07
   1740      7.800 2.986E+16 1.042E+16 1.700E+17 2.779E-04 1.108E-02 3.702E+07 2.554E+08 3.329E+16 7.122E+07
   1745      7.825 3.232E+16 1.133E+16 1.827E+17 2.759E-04 1.116E-02 3.839E+07 2.657E+08 3.603E+16 7.383E+07
   1750      7.850 3.498E+16 1.233E+16 1.964E+17 2.724E-04 1.127E-02 3.979E+07 2.764E+08 3.899E+16 7.653E+07
   1755      7.875 3.786E+16 1.340E+16 2.110E+17 2.673E-04 1.140E-02 4.124E+07 2.875E+08 4.219E+16 7.932E+07
   1760      7.900 4.096E+16 1.457E+16 2.266E+17 2.610E-04 1.155E-02 4.274E+07 2.991E+08 4.564E+16 8.220E+07
   1765      7.925 4.430E+16 1.584E+16 2.432E+17 2.537E-04 1.171E-02 4.429E+07 3.111E+08 4.937E+16 8.517E+07
   1770      7.950 4.791E+16 1.721E+16 2.611E+17 2.458E-04 1.189E-02 4.588E+07 3.235E+08 5.338E+16 8.823E+07
   1775      7.975 5.181E+16 1.870E+16 2.802E+17 2.376E-04 1.207E-02 4.753E+07 3.364E+08 5.772E+16 9.140E+07
   1780      8.000 5.601E+16 2.031E+16 3.006E+17 2.296E-04 1.224E-02 4.923E+07 3.498E+08 6.239E+16 9.466E+07
   1785      8.025 6.054E+16 2.206E+16 3.224E+17 2.222E-04 1.241E-02 5.098E+07 3.637E+08 6.743E+16 9.803E+07
   1790      8.050 6.543E+16 2.396E+16 3.456E+17 2.158E-04 1.257E-02 5.279E+07 3.781E+08 7.286E+16 1.015E+08
   1795      8.075 7.069E+16 2.601E+16 3.705E+17 2.108E-04 1.272E-02 5.466E+07 3.930E+08 7.872E+16 1.051E+08
   1800      8.100 7.637E+16 2.823E+16 3.970E+17 2.073E-04 1.285E-02 5.658E+07 4.085E+08 8.503E+16 1.088E+08
   1805      8.125 8.249E+16 3.064E+16 4.254E+17 2.055E-04 1.296E-02 5.856E+07 4.245E+08 9.183E+16 1.126E+08
   1810      8.150 8.909E+16 3.324E+16 4.556E+17 2.055E-04 1.306E-02 6.061E+07 4.412E+08 9.915E+16 1.165E+08
   1815      8.175 9.619E+16 3.606E+16 4.879E+17 2.073E-04 1.314E-02 6.272E+07 4.584E+08 1.070E+17 1.205E+08
   1820      8.200 1.038E+17 3.911E+16 5.223E+17 2.107E-04 1.320E-02 6.489E+07 4.763E+08 1.155E+17 1.247E+08
   1825      8.225 1.121E+17 4.242E+16 5.589E+17 2.156E-04 1.325E-02 6.713E+07 4.949E+08 1.247E+17 1.290E+08
   1830      8.250 1.210E+17 4.599E+16 5.980E+17 2.218E-04 1.328E-02 6.944E+07 5.141E+08 1.345E+17 1.334E+08
   1835      8.275 1.305E+17 4.985E+16 6.397E+17 2.288E-04 1.331E-02 7.182E+07 5.340E+08 1.451E+17 1.380E+08
   1840      8.300 1.408E+17 5.403E+16 6.841E+17 2.364E-04 1.334E-02 7.427E+07 5.546E+08 1.566E+17 1.427E+08
   1845      8.325 1.519E+17 5.855E+16 7.314E+17 2.442E-04 1.336E-02 7.679E+07 5.760E+08 1.688E+17 1.475E+08
   1850      8.350 1.638E+17 6.343E+16 7.817E+17 2.518E-04 1.339E-02 7.939E+07 5.982E+08 1.821E+17 1.525E+08
   1855      8.375 1.766E+17 6.871E+16 8.353E+17 2.589E-04 1.343E-02 8.207E+07 6.211E+08 1.963E+17 1.576E+08
   1860      8.400 1.904E+17 7.441E+16 8.924E+17 2.650E-04 1.348E-02 8.482E+07 6.449E+08 2.115E+17 1.629E+08
   1865      8.425 2.052E+17 8.057E+16 9.531E+17 2.699E-04 1.355E-02 8.766E+07 6.695E+08 2.280E+17 1.683E+08
   1870      8.450 2.211E+17 8.723E+16 1.018E+18 2.733E-04 1.364E-02 9.058E+07 6.951E+08 2.456E+17 1.739E+08
   1875      8.475 2.383E+17 9.442E+16 1.086E+18 2.749E-04 1.375E-02 9.359E+07 7.215E+08 2.646E+17 1.797E+08
   1880      8.500 2.567E+17 1.022E+17 1.159E+18 2.748E-04 1.387E-02 9.668E+07 7.488E+08 2.851E+17 1.856E+08
   1885      8.525 2.765E+17 1.106E+17 1.237E+18 2.729E-04 1.402E-02 9.986E+07 7.772E+08 3.070E+17 1.917E+08
   1890      8.550 2.978E+17 1.196E+17 1.319E+18 2.692E-04 1.419E-02 1.031E+08 8.065E+08 3.306E+17 1.980E+08
   1895      8.575 3.207E+17 1.294E+17 1.407E+18 2.640E-04 1.437E-02 1.065E+08 8.369E+08 3.559E+17 2.044E+08
   1900      8.600 3.452E+17 1.399E+17 1.500E+18 2.575E-04 1.456E-02 1.100E+08 8.684E+08 3.831E+17 2.110E+08
   1905      8.625 3.716E+17 1.513E+17 1.599E+18 2.501E-04 1.476E-02 1.135E+08 9.009E+08 4.123E+17 2.179E+08
   1910      8.650 4.000E+17 1.636E+17 1.704E+18 2.421E-04 1.497E-02 1.172E+08 9.347E+08 4.437E+17 2.249E+08
   1915      8.675 4.304E+17 1.768E+17 1.815E+18 2.340E-04 1.518E-02 1.210E+08 9.695E+08 4.773E+17 2.321E+08
   1920      8.700 4.631E+17 1.911E+17 1.933E+18 2.262E-04 1.538E-02 1.249E+08 1.006E+09 5.135E+17 2.395E+08
   1925      8.725 4.982E+17 2.065E+17 2.059E+18 2.189E-04 1.558E-02 1.288E+08 1.043E+09 5.523E+17 2.471E+08
   1930      8.750 5.358E+17 2.231E+17 2.192E+18 2.124E-04 1.576E-02 1.329E+08 1.082E+09 5.939E+17 2.549E+08
   1935      8.775 5.763E+17 2.409E+17 2.332E+18 2.070E-04 1.594E-02 1.371E+08 1.122E+09 6.385E+17 2.630E+08
   1940      8.800 6.196E+17 2.602E+17 2.482E+18 2.029E-04 1.610E-02 1.415E+08 1.163E+09 6.864E+17 2.712E+08
   1945      8.825 6.661E+17 2.810E+17 2.640E+18 1.999E-04 1.624E-02 1.459E+08 1.206E+09 7.378E+17 2.797E+08
   1950      8.850 7.160E+17 3.034E+17 2.808E+18 1.982E-04 1.636E-02 1.505E+08 1.250E+09 7.929E+17 2.884E+08
   1955      8.875 7.695E+17 3.275E+17 2.986E+18 1.976E-04 1.647E-02 1.552E+08 1.296E+09 8.520E+17 2.974E+08
   1960      8.900 8.269E+17 3.534E+17 3.174E+18 1.979E-04 1.656E-02 1.600E+08 1.344E+09 9.153E+17 3.066E+08
   1965      8.925 8.884E+17 3.814E+17 3.373E+18 1.990E-04 1.663E-02 1.649E+08 1.393E+09 9.832E+17 3.160E+08
   1970      8.950 9.544E+17 4.115E+17 3.584E+18 2.007E-04 1.668E-02 1.700E+08 1.443E+09 1.056E+18 3.257E+08
   1975      8.975 1.025E+18 4.439E+17 3.807E+18 2.028E-04 1.672E-02 1.752E+08 1.496E+09 1.134E+18 3.356E+08
   1980      9.000 1.101E+18 4.787E+17 4.043E+18 2.051E-04 1.675E-02 1.806E+08 1.550E+09 1.217E+18 3.458E+08
   1985      9.025 1.182E+18 5.163E+17 4.293E+18 2.074E-04 1.676E-02 1.860E+08 1.606E+09 1.307E+18 3.563E+08
   1990      9.050 1.269E+18 5.566E+17 4.557E+18 2.096E-04 1.676E-02 1.917E+08 1.664E+09 1.403E+18 3.671E+08
   1995      9.075 1.362E+18 6.001E+17 4.836E+18 2.116E-04 1.674E-02 1.975E+08 1.724E+09 1.505E+18 3.781E+08
   2000      9.100 1.462E+18 6.468E+17 5.131E+18 2.133E-04 1.672E-02 2.034E+08 1.786E+09 1.615E+18 3.894E+08
   2005      9.125 1.569E+18 6.971E+17 5.443E+18 2.148E-04 1.668E-02 2.095E+08 1.850E+09 1.733E+18 4.010E+08
   2010      9.150 1.683E+18 7.511E+17 5.773E+18 2.161E-04 1.664E-02 2.157E+08 1.916E+09 1.859E+18 4.129E+08
   2015      9.175 1.806E+18 8.092E+17 6.121E+18 2.171E-04 1.659E-02 2.222E+08 1.985E+09 1.994E+18 4.251E+08
   2020      9.200 1.937E+18 8.717E+17 6.488E+18 2.179E-04 1.652E-02 2.287E+08 2.055E+09 2.138E+18 4.376E+08
   2025      9.225 2.077E+18 9.388E+17 6.876E+18 2.185E-04 1.646E-02 2.355E+08 2.128E+09 2.293E+18 4.505E+08
   2030      9.250 2.227E+18 1.011E+18 7.286E+18 2.192E-04 1.638E-02 2.424E+08 2.204E+09 2.458E+18 4.636E+08
   2035      9.275 2.388E+18 1.088E+18 7.718E+18 2.198E-04 1.629E-02 2.495E+08 2.282E+09 2.634E+18 4.771E+08
   2040      9.300 2.559E+18 1.172E+18 8.174E+18 2.206E-04 1.620E-02 2.567E+08 2.362E+09 2.823E+18 4.909E+08
   2045      9.325 2.743E+18 1.261E+18 8.655E+18 2.216E-04 1.610E-02 2.642E+08 2.446E+09 3.025E+18 5.051E+08
   2050      9.350 2.940E+18 1.357E+18 9.162E+18 2.227E-04 1.599E-02 2.718E+08 2.532E+09 3.242E+18 5.196E+08
   2055      9.375 3.150E+18 1.460E+18 9.696E+18 2.242E-04 1.588E-02 2.796E+08 2.620E+09 3.473E+18 5.345E+08
   2060      9.400 3.375E+18 1.571E+18 1.026E+19 2.258E-04 1.576E-02 2.876E+08 2.712E+09 3.719E+18 5.497E+08
   2065      9.425 3.615E+18 1.690E+18 1.085E+19 2.278E-04 1.563E-02 2.958E+08 2.807E+09 3.983E+18 5.653E+08
   2070      9.450 3.872E+18 1.818E+18 1.148E+19 2.300E-04 1.550E-02 3.042E+08 2.905E+09 4.265E+18 5.813E+08
   2075      9.475 4.146E+18 1.955E+18 1.214E+19 2.324E-04 1.536E-02 3.128E+08 3.006E+09 4.567E+18 5.976E+08
   2080      9.500 4.439E+18 2.102E+18 1.283E+19 2.349E-04 1.523E-02 3.216E+08 3.110E+09 4.889E+18 6.144E+08
   2085      9.525 4.753E+18 2.260E+18 1.356E+19 2.374E-04 1.509E-02 3.307E+08 3.218E+09 5.232E+18 6.316E+08
   2090      9.550 5.087E+18 2.429E+18 1.433E+19 2.398E-04 1.495E-02 3.399E+08 3.329E+09 5.600E+18 6.491E+08
   2095      9.575 5.445E+18 2.610E+18 1.514E+19 2.419E-04 1.481E-02 3.494E+08 3.444E+09 5.992E+18 6.671E+08
   2100      9.600 5.827E+18 2.805E+18 1.599E+19 2.438E-04 1.467E-02 3.591E+08 3.563E+09 6.410E+18 6.855E+08
   2105      9.625 6.234E+18 3.014E+18 1.689E+19 2.453E-04 1.454E-02 3.690E+08 3.685E+09 6.857E+18 7.043E+08
   2110      9.650 6.669E+18 3.237E+18 1.783E+19 2.463E-04 1.441E-02 3.791E+08 3.811E+09 7.335E+18 7.236E+08
   2115      9.675 7.134E+18 3.477E+18 1.882E+19 2.467E-04 1.429E-02 3.895E+08 3.942E+09 7.844E+18 7.433E+08
   2120      9.700 7.630E+18 3.734E+18 1.986E+19 2.466E-04 1.417E-02 4.001E+08 4.076E+09 8.387E+18 7.635E+08
   2125      9.725 8.159E+18 4.010E+18 2.095E+19 2.460E-04 1.405E-02 4.110E+08 4.215E+09 8.967E+18 7.841E+08
   2130      9.750 8.724E+18 4.305E+18 2.210E+19 2.449E-04 1.394E-02 4.221E+08 4.358E+09 9.586E+18 8.052E+08
   2135      9.775 9.326E+18 4.621E+18 2.331E+19 2.435E-04 1.384E-02 4.335E+08 4.506E+09 1.025E+19 8.267E+08
   2140      9.800 9.969E+18 4.960E+18 2.457E+19 2.419E-04 1.373E-02 4.451E+08 4.658E+09 1.095E+19 8.488E+08
   2145      9.825 1.065E+19 5.323E+18 2.590E+19 2.402E-04 1.363E-02 4.570E+08 4.816E+09 1.170E+19 8.713E+08
   2150      9.850 1.139E+19 5.712E+18 2.730E+19 2.386E-04 1.354E-02 4.692E+08 4.978E+09 1.250E+19 8.944E+08
   2155      9.875 1.217E+19 6.128E+18 2.877E+19 2.374E-04 1.344E-02 4.816E+08 5.145E+09 1.335E+19 9.180E+08
   2160      9.900 1.300E+19 6.573E+18 3.030E+19 2.366E-04 1.334E-02 4.943E+08 5.318E+09 1.426E+19 9.420E+08
   2165      9.925 1.388E+19 7.050E+18 3.192E+19 2.364E-04 1.325E-02 5.073E+08 5.496E+09 1.523E+19 9.667E+08
   2170      9.950 1.483E+19 7.561E+18 3.361E+19 2.370E-04 1.315E-02 5.206E+08 5.680E+09 1.627E+19 9.918E+08
   2175      9.975 1.584E+19 8.107E+18 3.538E+19 2.382E-04 1.305E-02 5.341E+08 5.869E+09 1.737E+19 1.017E+09
   2180     10.000 1.691E+19 8.692E+18 3.724E+19 2.401E-04 1.296E-02 5.480E+08 6.065E+09 1.854E+19 1.044E+09
   2185     10.025 1.805E+19 9.317E+18 3.919E+19 2.427E-04 1.287E-02 5.622E+08 6.266E+09 1.979E+19 1.071E+09
   2190     10.050 1.927E+19 9.986E+18 4.124E+19 2.456E-04 1.278E-02 5.766E+08 6.474E+09 2.112E+19 1.098E+09
