    270      0.450 4.004E-06 3.065E-08 7.457E-04 5.378E-13 8.445E-08 2.452E-03 2.644E-03 6.501E-06 8.298E-03 1.2170E-08 1.6885E-08 1.9999E-03
    275      0.475 6.713E-06 5.329E-08 1.256E-03 1.470E-12 1.422E-07 3.182E-03 3.426E-03 1.093E-05 1.076E-02 3.7638E-08 4.4588E-08 2.2933E-03
    280      0.500 1.115E-05 9.174E-08 2.095E-03 3.944E-12 2.372E-07 4.110E-03 4.418E-03 1.821E-05 1.392E-02 1.1404E-07 1.1567E-07 2.5640E-03
    285      0.525 1.835E-05 1.564E-07 3.464E-03 1.040E-11 3.920E-07 5.285E-03 5.672E-03 3.005E-05 1.813E-02 3.3704E-07 2.9499E-07 2.7769E-03
    290      0.550 2.995E-05 2.642E-07 5.676E-03 2.695E-11 6.422E-07 6.765E-03 7.250E-03 4.917E-05 2.345E-02 9.6908E-07 7.3993E-07 2.8864E-03
    295      0.575 4.846E-05 4.423E-07 9.223E-03 6.867E-11 1.043E-06 8.623E-03 9.228E-03 7.976E-05 3.006E-02 2.7070E-06 1.8264E-06 2.8360E-03
    300      0.600 7.776E-05 7.340E-07 1.486E-02 1.722E-10 1.680E-06 1.095E-02 1.170E-02 1.283E-04 3.830E-02 7.3428E-06 4.4384E-06 2.5602E-03
    305      0.625 1.238E-04 1.208E-06 2.376E-02 4.250E-10 2.685E-06 1.384E-02 1.477E-02 2.048E-04 4.846E-02 1.9341E-05 1.0624E-05 1.9875E-03
    310      0.650 1.956E-04 1.972E-06 3.769E-02 1.033E-09 4.256E-06 1.743E-02 1.857E-02 3.243E-04 6.085E-02 4.9486E-05 2.5059E-05 1.0445E-03
    315      0.675 3.068E-04 3.193E-06 5.933E-02 2.475E-09 6.696E-06 2.187E-02 2.326E-02 5.097E-04 7.594E-02 1.2305E-04 5.8268E-05 -3.3861E-04
    320      0.700 4.778E-04 5.131E-06 9.272E-02 5.845E-09 1.046E-05 2.734E-02 2.903E-02 7.952E-04 9.428E-02 2.9753E-04 1.3362E-04 -2.2214E-03
    325      0.725 7.388E-04 8.185E-06 1.439E-01 1.361E-08 1.622E-05 3.406E-02 3.611E-02 1.232E-03 1.164E-01 6.9991E-04 3.0235E-04 -4.6471E-03
    330      0.750 1.135E-03 1.296E-05 2.217E-01 3.128E-08 2.497E-05 4.228E-02 4.475E-02 1.895E-03 1.429E-01 1.6029E-03 6.7526E-04 -7.6360E-03
    335      0.775 1.732E-03 2.039E-05 3.392E-01 7.096E-08 3.819E-05 5.230E-02 5.529E-02 2.896E-03 1.747E-01 3.5758E-03 1.4892E-03 -1.1180E-02
    340      0.800 2.626E-03 3.184E-05 5.158E-01 1.590E-07 5.804E-05 6.449E-02 6.808E-02 4.397E-03 2.129E-01 7.7763E-03 3.2445E-03 -1.5242E-02
    345      0.825 3.958E-03 4.942E-05 7.792E-01 3.518E-07 8.764E-05 7.926E-02 8.357E-02 6.633E-03 2.584E-01 1.6498E-02 6.9856E-03 -1.9749E-02
    350      0.850 5.930E-03 7.620E-05 1.170E+00 7.694E-07 1.315E-04 9.712E-02 1.023E-01 9.946E-03 3.125E-01 3.4178E-02 1.4870E-02 -2.4600E-02
    355      0.875 8.833E-03 1.168E-04 1.746E+00 1.664E-06 1.962E-04 1.186E-01 1.248E-01 1.483E-02 3.783E-01 6.9206E-02 3.1303E-02 -2.9666E-02
    360      0.900 1.308E-02 1.779E-04 2.591E+00 3.558E-06 2.911E-04 1.445E-01 1.519E-01 2.197E-02 4.566E-01 1.3712E-01 6.5194E-02 -3.4803E-02
    365      0.925 1.927E-02 2.693E-04 3.822E+00 7.528E-06 4.294E-04 1.756E-01 1.843E-01 3.239E-02 5.480E-01 2.6615E-01 1.3437E-01 -3.9858E-02
    370      0.950 2.824E-02 4.055E-04 5.609E+00 1.576E-05 6.300E-04 2.127E-01 2.230E-01 4.748E-02 6.540E-01 5.0669E-01 2.7419E-01 -4.4687E-02
    375      0.975 4.116E-02 6.073E-04 8.187E+00 3.268E-05 9.194E-04 2.569E-01 2.692E-01 6.924E-02 7.777E-01 9.4725E-01 5.5402E-01 -4.9172E-02
    380      1.000 5.969E-02 9.044E-04 1.189E+01 6.707E-05 1.335E-03 3.096E-01 3.242E-01 1.005E-01 9.409E-01 1.7409E+00 1.1088E+00 -5.3236E-02
    385      1.025 8.615E-02 1.340E-03 1.718E+01 2.973E-05 1.752E-03 3.722E-01 3.894E-01 1.451E-01 1.148E+00 0.0000E+00 0.0000E+00 -5.6869E-02
    390      1.050 1.237E-01 1.975E-03 2.470E+01 5.479E-05 1.848E-03 4.463E-01 4.666E-01 2.085E-01 1.397E+00 0.0000E+00 0.0000E+00 -6.0145E-02
    395      1.075 1.769E-01 2.896E-03 3.536E+01 1.158E-04 1.760E-03 5.339E-01 5.579E-01 2.982E-01 1.693E+00 0.0000E+00 0.0000E+00 -6.3238E-02
    400      1.100 2.517E-01 4.227E-03 5.038E+01 1.306E-04 1.707E-03 6.374E-01 6.656E-01 4.246E-01 2.044E+00 0.0000E+00 0.0000E+00 -6.6450E-02
    405      1.125 3.566E-01 6.140E-03 7.147E+01 1.016E-04 1.761E-03 7.591E-01 7.922E-01 6.019E-01 2.461E+00 0.0000E+00 0.0000E+00 -7.0230E-02
    410      1.150 5.030E-01 8.877E-03 1.009E+02 8.494E-05 1.814E-03 9.022E-01 9.410E-01 8.497E-01 2.953E+00 0.0000E+00 0.0000E+00 -7.5205E-02
    415      1.175 7.066E-01 1.278E-02 1.420E+02 9.780E-05 1.806E-03 1.070E+00 1.115E+00 1.195E+00 3.535E+00 0.0000E+00 0.0000E+00 -8.2225E-02
    420      1.200 9.885E-01 1.831E-02 1.989E+02 1.109E-04 1.779E-03 1.266E+00 1.320E+00 1.672E+00 4.219E+00 0.0000E+00 0.0000E+00 -9.2422E-02
    425      1.225 1.377E+00 2.612E-02 2.775E+02 1.066E-04 1.781E-03 1.496E+00 1.558E+00 2.332E+00 5.024E+00 0.0000E+00 0.0000E+00 -1.0730E-01
    430      1.250 1.912E+00 3.711E-02 3.857E+02 9.806E-05 1.799E-03 1.763E+00 1.836E+00 3.240E+00 5.966E+00 0.0000E+00 0.0000E+00 -1.2886E-01
    435      1.275 2.644E+00 5.252E-02 5.340E+02 9.868E-05 1.803E-03 2.075E+00 2.159E+00 4.484E+00 7.065E+00 0.0000E+00 0.0000E+00 -1.5977E-01
    440      1.300 3.642E+00 7.402E-02 7.367E+02 1.036E-04 1.793E-03 2.437E+00 2.535E+00 6.182E+00 8.342E+00 0.0000E+00 0.0000E+00 -2.0358E-01
    445      1.325 4.999E+00 1.039E-01 1.013E+03 1.044E-04 1.787E-03 2.857E+00 2.970E+00 8.494E+00 9.820E+00 0.0000E+00 0.0000E+00 -2.6502E-01
    450      1.350 6.838E+00 1.453E-01 1.387E+03 1.019E-04 1.787E-03 3.344E+00 3.474E+00 1.163E+01 1.153E+01 0.0000E+00 0.0000E+00 -3.5036E-01
    455      1.375 9.321E+00 2.025E-01 1.893E+03 1.010E-04 1.787E-03 3.907E+00 4.057E+00 1.586E+01 1.351E+01 0.0000E+00 0.0000E+00 -4.6784E-01
    460      1.400 1.266E+01 2.811E-01 2.576E+03 1.023E-04 1.781E-03 4.557E+00 4.729E+00 2.157E+01 1.577E+01 0.0000E+00 0.0000E+00 -6.2821E-01
    465      1.425 1.714E+01 3.889E-01 3.493E+03 1.035E-04 1.775E-03 5.307E+00 5.503E+00 2.922E+01 1.836E+01 0.0000E+00 0.0000E+00 -8.4538E-01
    470      1.450 2.314E+01 5.362E-01 4.721E+03 1.033E-04 1.774E-03 6.170E+00 6.394E+00 3.947E+01 2.131E+01 0.0000E+00 0.0000E+00 -1.1371E+00
    475      1.475 3.112E+01 7.366E-01 6.360E+03 1.024E-04 1.775E-03 7.161E+00 7.416E+00 5.314E+01 2.465E+01 0.0000E+00 0.0000E+00 -1.5259E+00
    480      1.500 4.173E+01 1.009E+00 8.542E+03 1.021E-04 1.778E-03 8.299E+00 8.588E+00 7.131E+01 2.843E+01 0.0000E+00 0.0000E+00 -2.0400E+00
    485      1.525 5.579E+01 1.377E+00 1.144E+04 1.026E-04 1.779E-03 9.603E+00 9.929E+00 9.540E+01 3.270E+01 0.0000E+00 0.0000E+00 -2.7144E+00
    490      1.550 7.435E+01 1.873E+00 1.527E+04 1.032E-04 1.781E-03 1.109E+01 1.146E+01 1.272E+02 3.750E+01 0.0000E+00 0.0000E+00 -3.5922E+00
    495      1.575 9.879E+01 2.540E+00 2.032E+04 1.030E-04 1.787E-03 1.280E+01 1.321E+01 1.692E+02 4.289E+01 0.0000E+00 0.0000E+00 -4.7256E+00
    500      1.600 1.309E+02 3.434E+00 2.696E+04 1.022E-04 1.795E-03 1.474E+01 1.520E+01 2.243E+02 4.890E+01 0.0000E+00 0.0000E+00 -6.1782E+00
    505      1.625 1.729E+02 4.629E+00 3.566E+04 1.016E-04 1.802E-03 1.696E+01 1.747E+01 2.964E+02 5.560E+01 0.0000E+00 0.0000E+00 -8.0256E+00
    510      1.650 2.277E+02 6.221E+00 4.705E+04 1.018E-04 1.806E-03 1.948E+01 2.005E+01 3.907E+02 6.304E+01 0.0000E+00 0.0000E+00 -1.0358E+01
    515      1.675 2.992E+02 8.335E+00 6.189E+04 1.023E-04 1.808E-03 2.234E+01 2.297E+01 5.134E+02 7.128E+01 0.0000E+00 0.0000E+00 -1.3282E+01
    520      1.700 3.919E+02 1.114E+01 8.118E+04 1.025E-04 1.809E-03 2.558E+01 2.629E+01 6.728E+02 8.041E+01 0.0000E+00 0.0000E+00 -1.6922E+01
    525      1.725 5.120E+02 1.484E+01 1.062E+05 1.025E-04 1.811E-03 2.926E+01 3.004E+01 8.794E+02 9.047E+01 0.0000E+00 0.0000E+00 -2.1423E+01
    530      1.750 6.671E+02 1.971E+01 1.385E+05 1.024E-04 1.813E-03 3.342E+01 3.429E+01 1.146E+03 1.016E+02 0.0000E+00 0.0000E+00 -2.6955E+01
    535      1.775 8.669E+02 2.612E+01 1.803E+05 1.025E-04 1.815E-03 3.812E+01 3.908E+01 1.490E+03 1.139E+02 0.0000E+00 0.0000E+00 -3.3710E+01
    540      1.800 1.124E+03 3.451E+01 2.339E+05 1.025E-04 1.818E-03 4.343E+01 4.448E+01 1.932E+03 1.300E+02 0.0000E+00 0.0000E+00 -4.1911E+01
    545      1.825 1.453E+03 4.547E+01 3.028E+05 1.024E-04 1.821E-03 4.941E+01 5.057E+01 2.500E+03 1.479E+02 0.0000E+00 0.0000E+00 -5.1811E+01
    550      1.850 1.874E+03 5.977E+01 3.910E+05 1.021E-04 1.823E-03 5.615E+01 5.742E+01 3.225E+03 1.678E+02 0.0000E+00 0.0000E+00 -6.3699E+01
    555      1.875 2.411E+03 7.835E+01 5.036E+05 1.019E-04 1.824E-03 6.372E+01 6.513E+01 4.151E+03 1.899E+02 0.0000E+00 0.0000E+00 -7.7899E+01
    560      1.900 3.095E+03 1.025E+02 6.471E+05 1.020E-04 1.824E-03 7.223E+01 7.378E+01 5.331E+03 2.143E+02 0.0000E+00 0.0000E+00 -9.4778E+01
    565      1.925 3.964E+03 1.336E+02 8.296E+05 1.023E-04 1.822E-03 8.178E+01 8.349E+01 6.829E+03 2.413E+02 0.0000E+00 0.0000E+00 -1.1475E+02
    570      1.950 5.064E+03 1.739E+02 1.061E+06 1.024E-04 1.819E-03 9.249E+01 9.436E+01 8.730E+03 2.711E+02 0.0000E+00 0.0000E+00 -1.3826E+02
    575      1.975 6.456E+03 2.258E+02 1.354E+06 1.023E-04 1.816E-03 1.045E+02 1.065E+02 1.113E+04 3.039E+02 0.0000E+00 0.0000E+00 -1.6583E+02
    580      2.000 8.211E+03 2.924E+02 1.724E+06 1.024E-04 1.813E-03 1.179E+02 1.202E+02 1.417E+04 3.400E+02 0.0000E+00 0.0000E+00 -1.9803E+02
    585      2.025 1.042E+04 3.777E+02 2.191E+06 1.028E-04 1.810E-03 1.329E+02 1.354E+02 1.799E+04 3.847E+02 0.0000E+00 0.0000E+00 -2.3547E+02
    590      2.050 1.320E+04 4.869E+02 2.777E+06 1.031E-04 1.808E-03 1.496E+02 1.524E+02 2.280E+04 4.344E+02 0.0000E+00 0.0000E+00 -2.7885E+02
    595      2.075 1.668E+04 6.262E+02 3.514E+06 1.027E-04 1.809E-03 1.683E+02 1.713E+02 2.884E+04 4.894E+02 0.0000E+00 0.0000E+00 -3.2891E+02
    600      2.100 2.104E+04 8.037E+02 4.437E+06 1.019E-04 1.811E-03 1.892E+02 1.924E+02 3.640E+04 5.502E+02 0.0000E+00 0.0000E+00 -3.8647E+02
    605      2.125 2.648E+04 1.029E+03 5.592E+06 1.017E-04 1.811E-03 2.123E+02 2.159E+02 4.585E+04 6.174E+02 0.0000E+00 0.0000E+00 -4.5244E+02
    610      2.150 3.327E+04 1.315E+03 7.034E+06 1.021E-04 1.808E-03 2.381E+02 2.420E+02 5.765E+04 6.914E+02 0.0000E+00 0.0000E+00 -5.2777E+02
    615      2.175 4.171E+04 1.677E+03 8.830E+06 1.027E-04 1.804E-03 2.668E+02 2.711E+02 7.234E+04 7.739E+02 0.0000E+00 0.0000E+00 -6.1350E+02
    620      2.200 5.220E+04 2.134E+03 1.106E+07 1.028E-04 1.801E-03 2.987E+02 3.033E+02 9.060E+04 8.713E+02 0.0000E+00 0.0000E+00 -7.1077E+02
    625      2.225 6.520E+04 2.710E+03 1.384E+07 1.025E-04 1.799E-03 3.340E+02 3.391E+02 1.133E+05 9.787E+02 0.0000E+00 0.0000E+00 -8.2076E+02
    630      2.250 8.130E+04 3.435E+03 1.727E+07 1.022E-04 1.798E-03 3.732E+02 3.787E+02 1.413E+05 1.097E+03 0.0000E+00 0.0000E+00 -9.4475E+02
    635      2.275 1.012E+05 4.345E+03 2.153E+07 1.022E-04 1.795E-03 4.166E+02 4.226E+02 1.761E+05 1.227E+03 0.0000E+00 0.0000E+00 -1.0841E+03
    640      2.300 1.257E+05 5.485E+03 2.678E+07 1.024E-04 1.792E-03 4.647E+02 4.711E+02 2.189E+05 1.369E+03 0.0000E+00 0.0000E+00 -1.2402E+03
    645      2.325 1.559E+05 6.912E+03 3.326E+07 1.027E-04 1.789E-03 5.178E+02 5.248E+02 2.718E+05 1.524E+03 0.0000E+00 0.0000E+00 -1.4146E+03
    650      2.350 1.931E+05 8.695E+03 4.123E+07 1.029E-04 1.787E-03 5.766E+02 5.840E+02 3.368E+05 1.693E+03 0.0000E+00 0.0000E+00 -1.6089E+03
    655      2.375 2.387E+05 1.092E+04 5.103E+07 1.030E-04 1.786E-03 6.414E+02 6.495E+02 4.166E+05 1.878E+03 0.0000E+00 0.0000E+00 -1.8246E+03
    660      2.400 2.946E+05 1.368E+04 6.305E+07 1.027E-04 1.788E-03 7.130E+02 7.216E+02 5.145E+05 2.078E+03 0.0000E+00 0.0000E+00 -2.0635E+03
    665      2.425 3.630E+05 1.712E+04 7.777E+07 1.020E-04 1.791E-03 7.919E+02 8.011E+02 6.344E+05 2.295E+03 0.0000E+00 0.0000E+00 -2.3273E+03
    670      2.450 4.466E+05 2.138E+04 9.578E+07 1.016E-04 1.792E-03 8.788E+02 8.887E+02 7.810E+05 2.532E+03 0.0000E+00 0.0000E+00 -2.6178E+03
    675      2.475 5.487E+05 2.666E+04 1.178E+08 1.018E-04 1.790E-03 9.745E+02 9.850E+02 9.599E+05 2.788E+03 0.0000E+00 0.0000E+00 -2.9367E+03
    680      2.500 6.730E+05 3.319E+04 1.446E+08 1.025E-04 1.785E-03 1.080E+03 1.091E+03 1.178E+06 3.065E+03 0.0000E+00 0.0000E+00 -3.2859E+03
    685      2.525 8.243E+05 4.125E+04 1.772E+08 1.029E-04 1.781E-03 1.195E+03 1.207E+03 1.443E+06 3.369E+03 0.0000E+00 0.0000E+00 -3.6673E+03
    690      2.550 1.008E+06 5.118E+04 2.169E+08 1.027E-04 1.779E-03 1.323E+03 1.335E+03 1.766E+06 3.741E+03 0.0000E+00 0.0000E+00 -4.0828E+03
    695      2.575 1.231E+06 6.341E+04 2.651E+08 1.023E-04 1.778E-03 1.462E+03 1.475E+03 2.157E+06 4.146E+03 0.0000E+00 0.0000E+00 -4.5341E+03
    700      2.600 1.501E+06 7.844E+04 3.235E+08 1.024E-04 1.776E-03 1.615E+03 1.629E+03 2.631E+06 4.586E+03 0.0000E+00 0.0000E+00 -5.0231E+03
    705      2.625 1.828E+06 9.688E+04 3.942E+08 1.027E-04 1.774E-03 1.783E+03 1.797E+03 3.205E+06 5.112E+03 0.0000E+00 0.0000E+00 -5.5518E+03
    710      2.650 2.223E+06 1.195E+05 4.797E+08 1.028E-04 1.774E-03 1.967E+03 1.982E+03 3.897E+06 5.698E+03 0.0000E+00 0.0000E+00 -6.1218E+03
    715      2.675 2.700E+06 1.471E+05 5.829E+08 1.024E-04 1.775E-03 2.168E+03 2.183E+03 4.733E+06 6.339E+03 0.0000E+00 0.0000E+00 -6.7349E+03
    720      2.700 3.275E+06 1.809E+05 7.072E+08 1.020E-04 1.775E-03 2.388E+03 2.404E+03 5.740E+06 7.040E+03 0.0000E+00 0.0000E+00 -7.3931E+03
    725      2.725 3.966E+06 2.222E+05 8.569E+08 1.021E-04 1.774E-03 2.629E+03 2.645E+03 6.952E+06 7.806E+03 0.0000E+00 0.0000E+00 -8.0979E+03
    730      2.750 4.797E+06 2.724E+05 1.037E+09 1.023E-04 1.772E-03 2.891E+03 2.908E+03 8.408E+06 8.640E+03 0.0000E+00 0.0000E+00 -8.8511E+03
    735      2.775 5.795E+06 3.336E+05 1.253E+09 1.024E-04 1.769E-03 3.178E+03 3.195E+03 1.016E+07 9.549E+03 0.0000E+00 0.0000E+00 -9.6544E+03
    740      2.800 6.990E+06 4.079E+05 1.512E+09 1.022E-04 1.766E-03 3.492E+03 3.508E+03 1.225E+07 1.054E+04 0.0000E+00 0.0000E+00 -1.0510E+04
    745      2.825 8.422E+06 4.981E+05 1.822E+09 1.023E-04 1.762E-03 3.833E+03 3.849E+03 1.475E+07 1.161E+04 0.0000E+00 0.0000E+00 -1.1418E+04
    750      2.850 1.013E+07 6.074E+05 2.193E+09 1.027E-04 1.757E-03 4.205E+03 4.221E+03 1.775E+07 1.277E+04 0.0000E+00 0.0000E+00 -1.2382E+04
    755      2.875 1.218E+07 7.398E+05 2.636E+09 1.029E-04 1.754E-03 4.611E+03 4.625E+03 2.132E+07 1.402E+04 0.0000E+00 0.0000E+00 -1.3403E+04
    760      2.900 1.462E+07 8.998E+05 3.165E+09 1.028E-04 1.753E-03 5.052E+03 5.065E+03 2.559E+07 1.538E+04 0.0000E+00 0.0000E+00 -1.4482E+04
    765      2.925 1.752E+07 1.093E+06 3.795E+09 1.023E-04 1.753E-03 5.532E+03 5.543E+03 3.066E+07 1.684E+04 0.0000E+00 0.0000E+00 -1.5622E+04
    770      2.950 2.097E+07 1.326E+06 4.545E+09 1.019E-04 1.752E-03 6.053E+03 6.063E+03 3.670E+07 1.841E+04 0.0000E+00 0.0000E+00 -1.6824E+04
    775      2.975 2.508E+07 1.607E+06 5.435E+09 1.019E-04 1.750E-03 6.620E+03 6.627E+03 4.387E+07 2.010E+04 0.0000E+00 0.0000E+00 -1.8091E+04
    780      3.000 2.995E+07 1.944E+06 6.493E+09 1.022E-04 1.745E-03 7.235E+03 7.240E+03 5.238E+07 2.192E+04 0.0000E+00 0.0000E+00 -1.9424E+04
    785      3.025 3.573E+07 2.350E+06 7.747E+09 1.026E-04 1.740E-03 7.903E+03 7.904E+03 6.247E+07 2.386E+04 0.0000E+00 0.0000E+00 -2.0827E+04
    790      3.050 4.257E+07 2.836E+06 9.232E+09 1.028E-04 1.735E-03 8.628E+03 8.624E+03 7.440E+07 2.595E+04 0.0000E+00 0.0000E+00 -2.2300E+04
    795      3.075 5.066E+07 3.420E+06 1.099E+10 1.028E-04 1.731E-03 9.413E+03 9.404E+03 8.852E+07 2.818E+04 0.0000E+00 0.0000E+00 -2.3848E+04
    800      3.100 6.021E+07 4.118E+06 1.306E+10 1.025E-04 1.729E-03 1.026E+04 1.025E+04 1.052E+08 3.056E+04 0.0000E+00 0.0000E+00 -2.5473E+04
    805      3.125 7.148E+07 4.953E+06 1.551E+10 1.023E-04 1.727E-03 1.118E+04 1.116E+04 1.249E+08 3.310E+04 0.0000E+00 0.0000E+00 -2.7178E+04
    810      3.150 8.477E+07 5.949E+06 1.840E+10 1.024E-04 1.724E-03 1.218E+04 1.215E+04 1.480E+08 3.582E+04 0.0000E+00 0.0000E+00 -2.8967E+04
    815      3.175 1.004E+08 7.139E+06 2.180E+10 1.028E-04 1.722E-03 1.326E+04 1.322E+04 1.753E+08 3.871E+04 0.0000E+00 0.0000E+00 -3.0843E+04
    820      3.200 1.188E+08 8.556E+06 2.581E+10 1.031E-04 1.721E-03 1.442E+04 1.438E+04 2.074E+08 4.178E+04 0.0000E+00 0.0000E+00 -3.2810E+04
    825      3.225 1.404E+08 1.024E+07 3.051E+10 1.028E-04 1.722E-03 1.568E+04 1.563E+04 2.451E+08 4.505E+04 0.0000E+00 0.0000E+00 -3.4874E+04
    830      3.250 1.658E+08 1.225E+07 3.603E+10 1.021E-04 1.725E-03 1.704E+04 1.698E+04 2.893E+08 4.853E+04 0.0000E+00 0.0000E+00 -3.7039E+04
    835      3.275 1.955E+08 1.463E+07 4.250E+10 1.019E-04 1.727E-03 1.851E+04 1.843E+04 3.412E+08 5.221E+04 0.0000E+00 0.0000E+00 -3.9311E+04
    840      3.300 2.304E+08 1.745E+07 5.008E+10 1.024E-04 1.726E-03 2.010E+04 2.000E+04 4.019E+08 5.611E+04 0.0000E+00 0.0000E+00 -4.1695E+04
    845      3.325 2.711E+08 2.080E+07 5.896E+10 1.029E-04 1.726E-03 2.180E+04 2.169E+04 4.730E+08 6.025E+04 0.0000E+00 0.0000E+00 -4.4197E+04
    850      3.350 3.187E+08 2.475E+07 6.933E+10 1.026E-04 1.727E-03 2.364E+04 2.352E+04 5.561E+08 6.465E+04 0.0000E+00 0.0000E+00 -4.6826E+04
    855      3.375 3.744E+08 2.944E+07 8.145E+10 1.019E-04 1.729E-03 2.563E+04 2.548E+04 6.531E+08 6.930E+04 0.0000E+00 0.0000E+00 -4.9588E+04
    860      3.400 4.393E+08 3.496E+07 9.559E+10 1.017E-04 1.728E-03 2.776E+04 2.760E+04 7.663E+08 7.422E+04 0.0000E+00 0.0000E+00 -5.2491E+04
    865      3.425 5.149E+08 4.149E+07 1.121E+11 1.025E-04 1.724E-03 3.006E+04 2.988E+04 8.982E+08 7.941E+04 0.0000E+00 0.0000E+00 -5.5545E+04
    870      3.450 6.030E+08 4.918E+07 1.313E+11 1.032E-04 1.721E-03 3.253E+04 3.233E+04 1.052E+09 8.490E+04 0.0000E+00 0.0000E+00 -5.8759E+04
    875      3.475 7.055E+08 5.823E+07 1.536E+11 1.031E-04 1.721E-03 3.519E+04 3.497E+04 1.231E+09 9.072E+04 0.0000E+00 0.0000E+00 -6.2144E+04
    880      3.500 8.246E+08 6.888E+07 1.796E+11 1.024E-04 1.724E-03 3.805E+04 3.781E+04 1.439E+09 9.800E+04 0.0000E+00 0.0000E+00 -6.5711E+04
    885      3.525 9.630E+08 8.139E+07 2.098E+11 1.019E-04 1.726E-03 4.112E+04 4.086E+04 1.680E+09 1.058E+05 0.0000E+00 0.0000E+00 -6.9473E+04
    890      3.550 1.124E+09 9.609E+07 2.448E+11 1.021E-04 1.727E-03 4.442E+04 4.413E+04 1.961E+09 1.142E+05 0.0000E+00 0.0000E+00 -7.3443E+04
    895      3.575 1.310E+09 1.133E+08 2.854E+11 1.026E-04 1.726E-03 4.797E+04 4.765E+04 2.286E+09 1.235E+05 0.0000E+00 0.0000E+00 -7.7635E+04
    900      3.600 1.526E+09 1.335E+08 3.324E+11 1.029E-04 1.726E-03 5.177E+04 5.143E+04 2.662E+09 1.336E+05 0.0000E+00 0.0000E+00 -8.2065E+04
    905      3.625 1.776E+09 1.572E+08 3.868E+11 1.026E-04 1.728E-03 5.585E+04 5.548E+04 3.099E+09 1.446E+05 0.0000E+00 0.0000E+00 -8.6750E+04
    910      3.650 2.065E+09 1.848E+08 4.498E+11 1.022E-04 1.731E-03 6.022E+04 5.984E+04 3.603E+09 1.563E+05 0.0000E+00 0.0000E+00 -9.1708E+04
    915      3.675 2.399E+09 2.171E+08 5.226E+11 1.021E-04 1.732E-03 6.491E+04 6.450E+04 4.187E+09 1.690E+05 0.0000E+00 0.0000E+00 -9.6959E+04
    920      3.700 2.785E+09 2.549E+08 6.066E+11 1.023E-04 1.733E-03 6.994E+04 6.951E+04 4.861E+09 1.827E+05 0.0000E+00 0.0000E+00 -1.0252E+05
    925      3.725 3.231E+09 2.989E+08 7.036E+11 1.026E-04 1.732E-03 7.532E+04 7.488E+04 5.640E+09 1.974E+05 0.0000E+00 0.0000E+00 -1.0842E+05
    930      3.750 3.745E+09 3.503E+08 8.155E+11 1.025E-04 1.733E-03 8.109E+04 8.063E+04 6.538E+09 2.132E+05 0.0000E+00 0.0000E+00 -1.1469E+05
    935      3.775 4.338E+09 4.101E+08 9.443E+11 1.021E-04 1.734E-03 8.726E+04 8.679E+04 7.573E+09 2.302E+05 0.0000E+00 0.0000E+00 -1.2133E+05
    940      3.800 5.020E+09 4.797E+08 1.093E+12 1.021E-04 1.733E-03 9.386E+04 9.339E+04 8.766E+09 2.485E+05 0.0000E+00 0.0000E+00 -1.2840E+05
    945      3.825 5.806E+09 5.606E+08 1.263E+12 1.027E-04 1.731E-03 1.009E+05 1.005E+05 1.014E+10 2.682E+05 0.0000E+00 0.0000E+00 -1.3590E+05
    950      3.850 6.710E+09 6.547E+08 1.460E+12 1.032E-04 1.731E-03 1.085E+05 1.080E+05 1.172E+10 2.893E+05 0.0000E+00 0.0000E+00 -1.4388E+05
    955      3.875 7.749E+09 7.639E+08 1.685E+12 1.029E-04 1.733E-03 1.166E+05 1.161E+05 1.354E+10 3.120E+05 0.0000E+00 0.0000E+00 -1.5238E+05
    960      3.900 8.943E+09 8.906E+08 1.945E+12 1.022E-04 1.737E-03 1.252E+05 1.248E+05 1.563E+10 3.364E+05 0.0000E+00 0.0000E+00 -1.6141E+05
    965      3.925 1.031E+10 1.037E+09 2.242E+12 1.021E-04 1.740E-03 1.345E+05 1.341E+05 1.802E+10 3.625E+05 0.0000E+00 0.0000E+00 -1.7103E+05
    970      3.950 1.189E+10 1.208E+09 2.583E+12 1.023E-04 1.742E-03 1.443E+05 1.440E+05 2.078E+10 3.906E+05 0.0000E+00 0.0000E+00 -1.8127E+05
    975      3.975 1.369E+10 1.405E+09 2.974E+12 1.022E-04 1.743E-03 1.549E+05 1.546E+05 2.394E+10 4.207E+05 0.0000E+00 0.0000E+00 -1.9218E+05
    980      4.000 1.575E+10 1.633E+09 3.422E+12 1.020E-04 1.743E-03 1.661E+05 1.659E+05 2.756E+10 4.529E+05 0.0000E+00 0.0000E+00 -2.0380E+05
    985      4.025 1.812E+10 1.896E+09 3.935E+12 1.031E-04 1.742E-03 1.781E+05 1.780E+05 3.171E+10 4.874E+05 0.0000E+00 0.0000E+00 -2.1617E+05
    990      4.050 2.082E+10 2.201E+09 4.522E+12 1.050E-04 1.743E-03 1.910E+05 1.909E+05 3.646E+10 5.243E+05 0.0000E+00 0.0000E+00 -2.2935E+05
    995      4.075 2.391E+10 2.552E+09 5.194E+12 1.053E-04 1.756E-03 2.046E+05 2.047E+05 4.190E+10 5.638E+05 0.0000E+00 0.0000E+00 -2.4339E+05
   1000      4.100 2.745E+10 2.957E+09 5.961E+12 1.028E-04 1.779E-03 2.192E+05 2.195E+05 4.812E+10 6.061E+05 0.0000E+00 0.0000E+00 -2.5835E+05
   1005      4.125 3.149E+10 3.425E+09 6.838E+12 1.000E-04 1.803E-03 2.348E+05 2.352E+05 5.523E+10 6.511E+05 0.0000E+00 0.0000E+00 -2.7428E+05
   1010      4.150 3.609E+10 3.963E+09 7.840E+12 9.978E-05 1.818E-03 2.514E+05 2.520E+05 6.335E+10 6.994E+05 0.0000E+00 0.0000E+00 -2.9124E+05
   1015      4.175 4.135E+10 4.583E+09 8.983E+12 1.015E-04 1.822E-03 2.691E+05 2.699E+05 7.263E+10 7.508E+05 0.0000E+00 0.0000E+00 -3.0931E+05
   1020      4.200 4.733E+10 5.297E+09 1.029E+13 1.026E-04 1.823E-03 2.880E+05 2.890E+05 8.322E+10 8.056E+05 0.0000E+00 0.0000E+00 -3.2854E+05
   1025      4.225 5.416E+10 6.117E+09 1.177E+13 1.023E-04 1.823E-03 3.081E+05 3.093E+05 9.531E+10 8.640E+05 0.0000E+00 0.0000E+00 -3.4901E+05
   1030      4.250 6.192E+10 7.059E+09 1.347E+13 1.019E-04 1.823E-03 3.295E+05 3.310E+05 1.091E+11 9.263E+05 0.0000E+00 0.0000E+00 -3.7079E+05
   1035      4.275 7.076E+10 8.142E+09 1.540E+13 1.024E-04 1.821E-03 3.524E+05 3.541E+05 1.248E+11 9.925E+05 0.0000E+00 0.0000E+00 -3.9396E+05
   1040      4.300 8.080E+10 9.384E+09 1.760E+13 1.028E-04 1.818E-03 3.767E+05 3.787E+05 1.427E+11 1.063E+06 0.0000E+00 0.0000E+00 -4.1861E+05
   1045      4.325 9.221E+10 1.081E+10 2.010E+13 1.025E-04 1.817E-03 4.025E+05 4.049E+05 1.630E+11 1.138E+06 0.0000E+00 0.0000E+00 -4.4481E+05
   1050      4.350 1.052E+11 1.244E+10 2.294E+13 1.020E-04 1.815E-03 4.301E+05 4.328E+05 1.862E+11 1.217E+06 0.0000E+00 0.0000E+00 -4.7267E+05
   1055      4.375 1.199E+11 1.431E+10 2.617E+13 1.019E-04 1.812E-03 4.594E+05 4.625E+05 2.125E+11 1.301E+06 0.0000E+00 0.0000E+00 -5.0227E+05
   1060      4.400 1.366E+11 1.645E+10 2.985E+13 1.022E-04 1.807E-03 4.906E+05 4.941E+05 2.424E+11 1.391E+06 0.0000E+00 0.0000E+00 -5.3371E+05
   1065      4.425 1.555E+11 1.890E+10 3.402E+13 1.025E-04 1.800E-03 5.237E+05 5.277E+05 2.764E+11 1.485E+06 0.0000E+00 0.0000E+00 -5.6711E+05
   1070      4.450 1.769E+11 2.170E+10 3.876E+13 1.027E-04 1.794E-03 5.590E+05 5.634E+05 3.150E+11 1.585E+06 0.0000E+00 0.0000E+00 -6.0256E+05
   1075      4.475 2.011E+11 2.490E+10 4.413E+13 1.028E-04 1.788E-03 5.965E+05 6.013E+05 3.587E+11 1.691E+06 0.0000E+00 0.0000E+00 -6.4018E+05
   1080      4.500 2.286E+11 2.856E+10 5.023E+13 1.028E-04 1.784E-03 6.364E+05 6.416E+05 4.083E+11 1.803E+06 0.0000E+00 0.0000E+00 -6.8010E+05
   1085      4.525 2.596E+11 3.273E+10 5.714E+13 1.027E-04 1.781E-03 6.787E+05 6.844E+05 4.646E+11 1.921E+06 0.0000E+00 0.0000E+00 -7.2244E+05
   1090      4.550 2.946E+11 3.748E+10 6.496E+13 1.027E-04 1.780E-03 7.237E+05 7.299E+05 5.283E+11 2.045E+06 0.0000E+00 0.0000E+00 -7.6733E+05
   1095      4.575 3.342E+11 4.291E+10 7.382E+13 1.025E-04 1.779E-03 7.715E+05 7.781E+05 6.004E+11 2.177E+06 0.0000E+00 0.0000E+00 -8.1490E+05
   1100      4.600 3.789E+11 4.908E+10 8.385E+13 1.023E-04 1.778E-03 8.222E+05 8.293E+05 6.819E+11 2.315E+06 0.0000E+00 0.0000E+00 -8.6531E+05
   1105      4.625 4.294E+11 5.612E+10 9.519E+13 1.022E-04 1.777E-03 8.761E+05 8.836E+05 7.741E+11 2.460E+06 0.0000E+00 0.0000E+00 -9.1870E+05
   1110      4.650 4.863E+11 6.412E+10 1.080E+14 1.023E-04 1.775E-03 9.332E+05 9.412E+05 8.783E+11 2.613E+06 0.0000E+00 0.0000E+00 -9.7522E+05
   1115      4.675 5.504E+11 7.322E+10 1.225E+14 1.024E-04 1.773E-03 9.938E+05 1.002E+06 9.960E+11 2.773E+06 0.0000E+00 0.0000E+00 -1.0350E+06
   1120      4.700 6.226E+11 8.356E+10 1.388E+14 1.024E-04 1.770E-03 1.058E+06 1.067E+06 1.129E+12 2.941E+06 0.0000E+00 0.0000E+00 -1.0984E+06
   1125      4.725 7.039E+11 9.531E+10 1.573E+14 1.024E-04 1.767E-03 1.126E+06 1.135E+06 1.279E+12 3.117E+06 0.0000E+00 0.0000E+00 -1.1653E+06
   1130      4.750 7.953E+11 1.087E+11 1.781E+14 1.026E-04 1.764E-03 1.198E+06 1.208E+06 1.448E+12 3.302E+06 0.0000E+00 0.0000E+00 -1.2361E+06
   1135      4.775 8.982E+11 1.238E+11 2.016E+14 1.028E-04 1.761E-03 1.275E+06 1.285E+06 1.638E+12 3.495E+06 0.0000E+00 0.0000E+00 -1.3109E+06
   1140      4.800 1.014E+12 1.410E+11 2.281E+14 1.027E-04 1.760E-03 1.356E+06 1.366E+06 1.853E+12 3.697E+06 0.0000E+00 0.0000E+00 -1.3900E+06
   1145      4.825 1.144E+12 1.604E+11 2.579E+14 1.024E-04 1.759E-03 1.442E+06 1.452E+06 2.094E+12 3.908E+06 0.0000E+00 0.0000E+00 -1.4735E+06
   1150      4.850 1.290E+12 1.824E+11 2.914E+14 1.021E-04 1.758E-03 1.533E+06 1.543E+06 2.365E+12 4.128E+06 0.0000E+00 0.0000E+00 -1.5617E+06
   1155      4.875 1.453E+12 2.074E+11 3.291E+14 1.021E-04 1.756E-03 1.629E+06 1.639E+06 2.671E+12 4.357E+06 0.0000E+00 0.0000E+00 -1.6548E+06
   1160      4.900 1.637E+12 2.356E+11 3.715E+14 1.023E-04 1.752E-03 1.731E+06 1.741E+06 3.013E+12 4.596E+06 0.0000E+00 0.0000E+00 -1.7530E+06
   1165      4.925 1.843E+12 2.675E+11 4.192E+14 1.025E-04 1.748E-03 1.838E+06 1.849E+06 3.398E+12 4.845E+06 0.0000E+00 0.0000E+00 -1.8566E+06
   1170      4.950 2.073E+12 3.036E+11 4.727E+14 1.025E-04 1.743E-03 1.952E+06 1.962E+06 3.831E+12 5.105E+06 0.0000E+00 0.0000E+00 -1.9659E+06
   1175      4.975 2.332E+12 3.444E+11 5.328E+14 1.024E-04 1.739E-03 2.073E+06 2.082E+06 4.315E+12 5.374E+06 0.0000E+00 0.0000E+00 -2.0810E+06
   1180      5.000 2.621E+12 3.904E+11 6.002E+14 1.026E-04 1.735E-03 2.200E+06 2.209E+06 4.859E+12 5.654E+06 0.0000E+00 0.0000E+00 -2.2024E+06
   1185      5.025 2.945E+12 4.424E+11 6.758E+14 1.028E-04 1.731E-03 2.334E+06 2.342E+06 5.468E+12 5.945E+06 0.0000E+00 0.0000E+00 -2.3303E+06
   1190      5.050 3.306E+12 5.010E+11 7.604E+14 1.026E-04 1.728E-03 2.476E+06 2.483E+06 6.150E+12 6.247E+06 0.0000E+00 0.0000E+00 -2.4650E+06
   1195      5.075 3.711E+12 5.670E+11 8.553E+14 1.020E-04 1.726E-03 2.626E+06 2.632E+06 6.913E+12 6.571E+06 0.0000E+00 0.0000E+00 -2.6068E+06
   1200      5.100 4.163E+12 6.415E+11 9.615E+14 1.018E-04 1.722E-03 2.784E+06 2.789E+06 7.766E+12 7.012E+06 0.0000E+00 0.0000E+00 -2.7560E+06
   1205      5.125 4.668E+12 7.253E+11 1.080E+15 1.025E-04 1.716E-03 2.951E+06 2.955E+06 8.720E+12 7.479E+06 0.0000E+00 0.0000E+00 -2.9131E+06
   1210      5.150 5.232E+12 8.197E+11 1.213E+15 1.031E-04 1.709E-03 3.127E+06 3.129E+06 9.787E+12 7.975E+06 0.0000E+00 0.0000E+00 -3.0783E+06
   1215      5.175 5.860E+12 9.259E+11 1.362E+15 1.029E-04 1.705E-03 3.313E+06 3.313E+06 1.098E+13 8.500E+06 0.0000E+00 0.0000E+00 -3.2520E+06
   1220      5.200 6.562E+12 1.045E+12 1.527E+15 1.021E-04 1.703E-03 3.509E+06 3.507E+06 1.231E+13 9.055E+06 0.0000E+00 0.0000E+00 -3.4347E+06
   1225      5.225 7.343E+12 1.180E+12 1.712E+15 1.021E-04 1.700E-03 3.716E+06 3.711E+06 1.379E+13 9.643E+06 0.0000E+00 0.0000E+00 -3.6267E+06
   1230      5.250 8.214E+12 1.330E+12 1.919E+15 1.028E-04 1.695E-03 3.934E+06 3.926E+06 1.544E+13 1.027E+07 0.0000E+00 0.0000E+00 -3.8284E+06
   1235      5.275 9.184E+12 1.500E+12 2.149E+15 1.033E-04 1.691E-03 4.163E+06 4.152E+06 1.728E+13 1.092E+07 0.0000E+00 0.0000E+00 -4.0403E+06
   1240      5.300 1.026E+13 1.690E+12 2.406E+15 1.032E-04 1.691E-03 4.405E+06 4.390E+06 1.934E+13 1.162E+07 0.0000E+00 0.0000E+00 -4.2628E+06
   1245      5.325 1.147E+13 1.903E+12 2.692E+15 1.034E-04 1.695E-03 4.659E+06 4.640E+06 2.162E+13 1.235E+07 0.0000E+00 0.0000E+00 -4.4963E+06
   1250      5.350 1.280E+13 2.142E+12 3.011E+15 1.043E-04 1.703E-03 4.927E+06 4.904E+06 2.416E+13 1.312E+07 0.0000E+00 0.0000E+00 -4.7414E+06
   1255      5.375 1.429E+13 2.410E+12 3.365E+15 1.043E-04 1.718E-03 5.209E+06 5.181E+06 2.699E+13 1.393E+07 0.0000E+00 0.0000E+00 -4.9986E+06
   1260      5.400 1.594E+13 2.710E+12 3.759E+15 1.024E-04 1.741E-03 5.506E+06 5.472E+06 3.013E+13 1.479E+07 0.0000E+00 0.0000E+00 -5.2683E+06
   1265      5.425 1.777E+13 3.046E+12 4.198E+15 1.001E-04 1.762E-03 5.818E+06 5.778E+06 3.362E+13 1.569E+07 0.0000E+00 0.0000E+00 -5.5510E+06
   1270      5.450 1.981E+13 3.423E+12 4.685E+15 9.964E-05 1.775E-03 6.146E+06 6.100E+06 3.749E+13 1.664E+07 0.0000E+00 0.0000E+00 -5.8473E+06
   1275      5.475 2.207E+13 3.844E+12 5.226E+15 1.012E-04 1.776E-03 6.491E+06 6.438E+06 4.179E+13 1.764E+07 0.0000E+00 0.0000E+00 -6.1578E+06
   1280      5.500 2.458E+13 4.314E+12 5.826E+15 1.027E-04 1.771E-03 6.854E+06 6.793E+06 4.656E+13 1.869E+07 0.0000E+00 0.0000E+00 -6.4830E+06
   1285      5.525 2.736E+13 4.841E+12 6.493E+15 1.028E-04 1.768E-03 7.235E+06 7.166E+06 5.185E+13 1.979E+07 0.0000E+00 0.0000E+00 -6.8234E+06
   1290      5.550 3.045E+13 5.429E+12 7.231E+15 1.024E-04 1.765E-03 7.636E+06 7.557E+06 5.771E+13 2.095E+07 0.0000E+00 0.0000E+00 -7.1797E+06
   1295      5.575 3.387E+13 6.085E+12 8.050E+15 1.024E-04 1.763E-03 8.057E+06 7.968E+06 6.420E+13 2.216E+07 0.0000E+00 0.0000E+00 -7.5524E+06
   1300      5.600 3.765E+13 6.818E+12 8.958E+15 1.025E-04 1.760E-03 8.499E+06 8.399E+06 7.139E+13 2.343E+07 0.0000E+00 0.0000E+00 -7.9422E+06
   1305      5.625 4.185E+13 7.636E+12 9.963E+15 1.022E-04 1.758E-03 8.963E+06 8.852E+06 7.934E+13 2.476E+07 0.0000E+00 0.0000E+00 -8.3497E+06
   1310      5.650 4.649E+13 8.549E+12 1.107E+16 1.020E-04 1.755E-03 9.450E+06 9.326E+06 8.814E+13 2.615E+07 0.0000E+00 0.0000E+00 -8.7755E+06
   1315      5.675 5.163E+13 9.566E+12 1.231E+16 1.023E-04 1.750E-03 9.961E+06 9.824E+06 9.786E+13 2.761E+07 0.0000E+00 0.0000E+00 -9.2201E+06
   1320      5.700 5.731E+13 1.070E+13 1.367E+16 1.028E-04 1.744E-03 1.050E+07 1.035E+07 1.086E+14 2.914E+07 0.0000E+00 0.0000E+00 -9.6844E+06
   1325      5.725 6.359E+13 1.196E+13 1.517E+16 1.029E-04 1.740E-03 1.106E+07 1.089E+07 1.205E+14 3.073E+07 0.0000E+00 0.0000E+00 -1.0169E+07
   1330      5.750 7.053E+13 1.337E+13 1.683E+16 1.027E-04 1.738E-03 1.165E+07 1.147E+07 1.336E+14 3.240E+07 0.0000E+00 0.0000E+00 -1.0674E+07
   1335      5.775 7.820E+13 1.493E+13 1.867E+16 1.026E-04 1.737E-03 1.227E+07 1.207E+07 1.481E+14 3.414E+07 0.0000E+00 0.0000E+00 -1.1201E+07
   1340      5.800 8.668E+13 1.668E+13 2.069E+16 1.027E-04 1.737E-03 1.292E+07 1.270E+07 1.640E+14 3.595E+07 0.0000E+00 0.0000E+00 -1.1750E+07
   1345      5.825 9.603E+13 1.861E+13 2.292E+16 1.026E-04 1.738E-03 1.360E+07 1.336E+07 1.816E+14 3.785E+07 0.0000E+00 0.0000E+00 -1.2322E+07
   1350      5.850 1.064E+14 2.077E+13 2.539E+16 1.025E-04 1.740E-03 1.431E+07 1.405E+07 2.010E+14 3.982E+07 0.0000E+00 0.0000E+00 -1.2917E+07
   1355      5.875 1.177E+14 2.316E+13 2.810E+16 1.026E-04 1.742E-03 1.505E+07 1.477E+07 2.224E+14 4.188E+07 0.0000E+00 0.0000E+00 -1.3536E+07
   1360      5.900 1.303E+14 2.582E+13 3.110E+16 1.027E-04 1.744E-03 1.583E+07 1.553E+07 2.459E+14 4.403E+07 0.0000E+00 0.0000E+00 -1.4181E+07
   1365      5.925 1.442E+14 2.877E+13 3.439E+16 1.025E-04 1.748E-03 1.665E+07 1.632E+07 2.719E+14 4.626E+07 0.0000E+00 0.0000E+00 -1.4850E+07
   1370      5.950 1.594E+14 3.205E+13 3.802E+16 1.023E-04 1.751E-03 1.751E+07 1.715E+07 3.004E+14 4.858E+07 0.0000E+00 0.0000E+00 -1.5546E+07
   1375      5.975 1.762E+14 3.569E+13 4.202E+16 1.025E-04 1.755E-03 1.841E+07 1.802E+07 3.317E+14 5.100E+07 0.0000E+00 0.0000E+00 -1.6268E+07
   1380      6.000 1.947E+14 3.972E+13 4.641E+16 1.030E-04 1.758E-03 1.934E+07 1.893E+07 3.662E+14 5.351E+07 0.0000E+00 0.0000E+00 -1.7018E+07
   1385      6.025 2.151E+14 4.419E+13 5.124E+16 1.028E-04 1.763E-03 2.033E+07 1.988E+07 4.041E+14 5.613E+07 0.0000E+00 0.0000E+00 -1.7796E+07
   1390      6.050 2.376E+14 4.915E+13 5.655E+16 1.019E-04 1.770E-03 2.135E+07 2.087E+07 4.458E+14 5.884E+07 0.0000E+00 0.0000E+00 -1.8602E+07
   1395      6.075 2.622E+14 5.465E+13 6.239E+16 1.013E-04 1.775E-03 2.243E+07 2.191E+07 4.915E+14 6.167E+07 0.0000E+00 0.0000E+00 -1.9437E+07
   1400      6.100 2.894E+14 6.073E+13 6.879E+16 1.018E-04 1.775E-03 2.355E+07 2.299E+07 5.417E+14 6.460E+07 0.0000E+00 0.0000E+00 -2.0302E+07
   1405      6.125 3.192E+14 6.747E+13 7.583E+16 1.025E-04 1.772E-03 2.473E+07 2.413E+07 5.968E+14 6.764E+07 0.0000E+00 0.0000E+00 -2.1197E+07
   1410      6.150 3.520E+14 7.493E+13 8.355E+16 1.025E-04 1.769E-03 2.595E+07 2.531E+07 6.572E+14 7.080E+07 0.0000E+00 0.0000E+00 -2.2123E+07
   1415      6.175 3.880E+14 8.318E+13 9.202E+16 1.019E-04 1.767E-03 2.724E+07 2.655E+07 7.235E+14 7.408E+07 0.0000E+00 0.0000E+00 -2.3080E+07
   1420      6.200 4.275E+14 9.230E+13 1.013E+17 1.020E-04 1.762E-03 2.858E+07 2.784E+07 7.961E+14 7.747E+07 0.0000E+00 0.0000E+00 -2.4068E+07
   1425      6.225 4.709E+14 1.024E+14 1.115E+17 1.028E-04 1.756E-03 2.998E+07 2.920E+07 8.757E+14 8.099E+07 0.0000E+00 0.0000E+00 -2.5089E+07
   1430      6.250 5.186E+14 1.135E+14 1.227E+17 1.032E-04 1.751E-03 3.145E+07 3.061E+07 9.628E+14 8.464E+07 0.0000E+00 0.0000E+00 -2.6142E+07
   1435      6.275 5.708E+14 1.259E+14 1.349E+17 1.029E-04 1.749E-03 3.298E+07 3.208E+07 1.058E+15 8.844E+07 0.0000E+00 0.0000E+00 -2.7227E+07
   1440      6.300 6.281E+14 1.395E+14 1.483E+17 1.026E-04 1.749E-03 3.457E+07 3.362E+07 1.163E+15 9.333E+07 0.0000E+00 0.0000E+00 -2.8346E+07
   1445      6.325 6.909E+14 1.545E+14 1.629E+17 1.032E-04 1.749E-03 3.624E+07 3.522E+07 1.277E+15 9.844E+07 0.0000E+00 0.0000E+00 -2.9498E+07
   1450      6.350 7.598E+14 1.711E+14 1.789E+17 1.039E-04 1.753E-03 3.798E+07 3.690E+07 1.402E+15 1.038E+08 0.0000E+00 0.0000E+00 -3.0683E+07
   1455      6.375 8.352E+14 1.894E+14 1.965E+17 1.036E-04 1.762E-03 3.980E+07 3.864E+07 1.539E+15 1.094E+08 0.0000E+00 0.0000E+00 -3.1902E+07
   1460      6.400 9.177E+14 2.095E+14 2.157E+17 1.022E-04 1.776E-03 4.170E+07 4.046E+07 1.688E+15 1.152E+08 0.0000E+00 0.0000E+00 -3.3154E+07
   1465      6.425 1.008E+15 2.318E+14 2.366E+17 1.011E-04 1.788E-03 4.368E+07 4.237E+07 1.851E+15 1.213E+08 0.0000E+00 0.0000E+00 -3.4440E+07
   1470      6.450 1.107E+15 2.563E+14 2.595E+17 1.011E-04 1.795E-03 4.574E+07 4.435E+07 2.030E+15 1.277E+08 0.0000E+00 0.0000E+00 -3.5759E+07
   1475      6.475 1.215E+15 2.833E+14 2.845E+17 1.019E-04 1.797E-03 4.790E+07 4.641E+07 2.224E+15 1.344E+08 0.0000E+00 0.0000E+00 -3.7112E+07
   1480      6.500 1.334E+15 3.130E+14 3.118E+17 1.026E-04 1.796E-03 5.014E+07 4.857E+07 2.437E+15 1.413E+08 0.0000E+00 0.0000E+00 -3.8498E+07
   1485      6.525 1.463E+15 3.458E+14 3.417E+17 1.029E-04 1.795E-03 5.249E+07 5.081E+07 2.668E+15 1.485E+08 0.0000E+00 0.0000E+00 -3.9917E+07
   1490      6.550 1.605E+15 3.818E+14 3.742E+17 1.029E-04 1.797E-03 5.493E+07 5.315E+07 2.921E+15 1.560E+08 0.0000E+00 0.0000E+00 -4.1368E+07
   1495      6.575 1.759E+15 4.215E+14 4.097E+17 1.026E-04 1.799E-03 5.747E+07 5.559E+07 3.197E+15 1.639E+08 0.0000E+00 0.0000E+00 -4.2851E+07
   1500      6.600 1.928E+15 4.651E+14 4.484E+17 1.023E-04 1.803E-03 6.013E+07 5.813E+07 3.497E+15 1.720E+08 0.0000E+00 0.0000E+00 -4.4366E+07
   1505      6.625 2.112E+15 5.131E+14 4.905E+17 1.022E-04 1.806E-03 6.289E+07 6.077E+07 3.824E+15 1.805E+08 0.0000E+00 0.0000E+00 -4.5911E+07
   1510      6.650 2.314E+15 5.658E+14 5.365E+17 1.023E-04 1.809E-03 6.577E+07 6.353E+07 4.181E+15 1.893E+08 0.0000E+00 0.0000E+00 -4.7487E+07
   1515      6.675 2.533E+15 6.238E+14 5.865E+17 1.024E-04 1.810E-03 6.877E+07 6.640E+07 4.569E+15 1.985E+08 0.0000E+00 0.0000E+00 -4.9092E+07
   1520      6.700 2.773E+15 6.874E+14 6.411E+17 1.023E-04 1.811E-03 7.189E+07 6.939E+07 4.992E+15 2.080E+08 0.0000E+00 0.0000E+00 -5.0726E+07
   1525      6.725 3.035E+15 7.573E+14 7.004E+17 1.022E-04 1.812E-03 7.515E+07 7.250E+07 5.451E+15 2.179E+08 0.0000E+00 0.0000E+00 -5.2387E+07
   1530      6.750 3.320E+15 8.340E+14 7.650E+17 1.023E-04 1.812E-03 7.854E+07 7.573E+07 5.952E+15 2.282E+08 0.0000E+00 0.0000E+00 -5.4075E+07
   1535      6.775 3.630E+15 9.183E+14 8.352E+17 1.023E-04 1.811E-03 8.206E+07 7.910E+07 6.496E+15 2.389E+08 0.0000E+00 0.0000E+00 -5.5787E+07
   1540      6.800 3.969E+15 1.011E+15 9.116E+17 1.022E-04 1.809E-03 8.573E+07 8.261E+07 7.087E+15 2.499E+08 0.0000E+00 0.0000E+00 -5.7524E+07
   1545      6.825 4.338E+15 1.112E+15 9.946E+17 1.023E-04 1.807E-03 8.955E+07 8.625E+07 7.730E+15 2.614E+08 0.0000E+00 0.0000E+00 -5.9284E+07
   1550      6.850 4.740E+15 1.223E+15 1.085E+18 1.024E-04 1.803E-03 9.353E+07 9.005E+07 8.428E+15 2.733E+08 0.0000E+00 0.0000E+00 -6.1066E+07
   1555      6.875 5.178E+15 1.345E+15 1.183E+18 1.024E-04 1.800E-03 9.766E+07 9.400E+07 9.187E+15 2.856E+08 0.0000E+00 0.0000E+00 -6.2867E+07
   1560      6.900 5.654E+15 1.478E+15 1.289E+18 1.021E-04 1.796E-03 1.020E+08 9.810E+07 1.001E+16 2.984E+08 0.0000E+00 0.0000E+00 -6.4687E+07
   1565      6.925 6.173E+15 1.624E+15 1.405E+18 1.020E-04 1.790E-03 1.064E+08 1.024E+08 1.090E+16 3.116E+08 0.0000E+00 0.0000E+00 -6.6524E+07
   1570      6.950 6.738E+15 1.784E+15 1.531E+18 1.024E-04 1.783E-03 1.111E+08 1.068E+08 1.187E+16 3.252E+08 0.0000E+00 0.0000E+00 -6.8377E+07
   1575      6.975 7.352E+15 1.960E+15 1.667E+18 1.031E-04 1.776E-03 1.159E+08 1.114E+08 1.293E+16 3.393E+08 0.0000E+00 0.0000E+00 -7.0244E+07
   1580      7.000 8.019E+15 2.151E+15 1.815E+18 1.032E-04 1.771E-03 1.210E+08 1.162E+08 1.407E+16 3.539E+08 0.0000E+00 0.0000E+00 -7.2124E+07
   1585      7.025 8.746E+15 2.361E+15 1.975E+18 1.026E-04 1.768E-03 1.262E+08 1.212E+08 1.531E+16 3.690E+08 0.0000E+00 0.0000E+00 -7.4014E+07
   1590      7.050 9.535E+15 2.591E+15 2.149E+18 1.021E-04 1.767E-03 1.316E+08 1.264E+08 1.665E+16 3.845E+08 0.0000E+00 0.0000E+00 -7.5914E+07
   1595      7.075 1.039E+16 2.842E+15 2.337E+18 1.024E-04 1.764E-03 1.373E+08 1.318E+08 1.810E+16 4.006E+08 0.0000E+00 0.0000E+00 -7.7821E+07
   1600      7.100 1.132E+16 3.116E+15 2.541E+18 1.030E-04 1.761E-03 1.431E+08 1.374E+08 1.968E+16 4.172E+08 0.0000E+00 0.0000E+00 -7.9736E+07
   1605      7.125 1.234E+16 3.416E+15 2.762E+18 1.031E-04 1.760E-03 1.492E+08 1.432E+08 2.139E+16 4.342E+08 0.0000E+00 0.0000E+00 -8.1655E+07
   1610      7.150 1.344E+16 3.744E+15 3.001E+18 1.026E-04 1.762E-03 1.556E+08 1.492E+08 2.323E+16 4.518E+08 0.0000E+00 0.0000E+00 -8.3577E+07
   1615      7.175 1.463E+16 4.102E+15 3.260E+18 1.024E-04 1.764E-03 1.621E+08 1.555E+08 2.523E+16 4.700E+08 0.0000E+00 0.0000E+00 -8.5502E+07
   1620      7.200 1.593E+16 4.492E+15 3.541E+18 1.028E-04 1.766E-03 1.690E+08 1.620E+08 2.740E+16 4.886E+08 0.0000E+00 0.0000E+00 -8.7428E+07
   1625      7.225 1.733E+16 4.919E+15 3.844E+18 1.030E-04 1.770E-03 1.761E+08 1.688E+08 2.974E+16 5.078E+08 0.0000E+00 0.0000E+00 -8.9354E+07
   1630      7.250 1.886E+16 5.385E+15 4.173E+18 1.022E-04 1.776E-03 1.834E+08 1.758E+08 3.228E+16 5.276E+08 0.0000E+00 0.0000E+00 -9.1280E+07
   1635      7.275 2.051E+16 5.893E+15 4.528E+18 1.009E-04 1.781E-03 1.911E+08 1.831E+08 3.502E+16 5.479E+08 0.0000E+00 0.0000E+00 -9.3204E+07
   1640      7.300 2.231E+16 6.447E+15 4.912E+18 1.007E-04 1.779E-03 1.990E+08 1.907E+08 3.798E+16 5.687E+08 0.0000E+00 0.0000E+00 -9.5126E+07
   1645      7.325 2.425E+16 7.052E+15 5.327E+18 1.019E-04 1.771E-03 2.072E+08 1.985E+08 4.119E+16 5.902E+08 0.0000E+00 0.0000E+00 -9.7046E+07
   1650      7.350 2.636E+16 7.711E+15 5.775E+18 1.031E-04 1.760E-03 2.158E+08 2.067E+08 4.465E+16 6.121E+08 0.0000E+00 0.0000E+00 -9.8963E+07
   1655      7.375 2.865E+16 8.429E+15 6.260E+18 1.032E-04 1.752E-03 2.247E+08 2.152E+08 4.839E+16 6.346E+08 0.0000E+00 0.0000E+00 -1.0088E+08
   1660      7.400 3.112E+16 9.212E+15 6.784E+18 1.025E-04 1.747E-03 2.339E+08 2.240E+08 5.243E+16 6.578E+08 0.0000E+00 0.0000E+00 -1.0279E+08
   1665      7.425 3.380E+16 1.006E+16 7.349E+18 1.021E-04 1.741E-03 2.434E+08 2.331E+08 5.679E+16 6.815E+08 0.0000E+00 0.0000E+00 -1.0470E+08
   1670      7.450 3.671E+16 1.099E+16 7.959E+18 1.023E-04 1.735E-03 2.533E+08 2.426E+08 6.150E+16 7.057E+08 0.0000E+00 0.0000E+00 -1.0662E+08
   1675      7.475 3.985E+16 1.201E+16 8.618E+18 1.027E-04 1.728E-03 2.636E+08 2.524E+08 6.659E+16 7.306E+08 0.0000E+00 0.0000E+00 -1.0853E+08
   1680      7.500 4.325E+16 1.311E+16 9.329E+18 1.026E-04 1.721E-03 2.743E+08 2.626E+08 7.208E+16 7.560E+08 0.0000E+00 0.0000E+00 -1.1045E+08
   1685      7.525 4.693E+16 1.431E+16 1.010E+19 1.024E-04 1.715E-03 2.853E+08 2.731E+08 7.800E+16 7.819E+08 0.0000E+00 0.0000E+00 -1.1237E+08
   1690      7.550 5.091E+16 1.561E+16 1.092E+19 1.023E-04 1.709E-03 2.968E+08 2.841E+08 8.439E+16 8.085E+08 0.0000E+00 0.0000E+00 -1.1430E+08
   1695      7.575 5.521E+16 1.703E+16 1.182E+19 1.026E-04 1.702E-03 3.087E+08 2.954E+08 9.128E+16 8.356E+08 0.0000E+00 0.0000E+00 -1.1624E+08
   1700      7.600 5.986E+16 1.857E+16 1.278E+19 1.029E-04 1.696E-03 3.210E+08 3.072E+08 9.871E+16 8.633E+08 0.0000E+00 0.0000E+00 -1.1819E+08
   1705      7.625 6.489E+16 2.025E+16 1.382E+19 1.028E-04 1.691E-03 3.338E+08 3.194E+08 1.067E+17 8.915E+08 0.0000E+00 0.0000E+00 -1.2016E+08
   1710      7.650 7.032E+16 2.207E+16 1.494E+19 1.021E-04 1.688E-03 3.470E+08 3.321E+08 1.153E+17 9.203E+08 0.0000E+00 0.0000E+00 -1.2216E+08
   1715      7.675 7.619E+16 2.405E+16 1.614E+19 1.017E-04 1.683E-03 3.607E+08 3.452E+08 1.246E+17 9.497E+08 0.0000E+00 0.0000E+00 -1.2418E+08
   1720      7.700 8.253E+16 2.621E+16 1.744E+19 1.021E-04 1.676E-03 3.750E+08 3.588E+08 1.347E+17 9.796E+08 0.0000E+00 0.0000E+00 -1.2623E+08
   1725      7.725 8.937E+16 2.855E+16 1.884E+19 1.029E-04 1.667E-03 3.897E+08 3.729E+08 1.455E+17 1.010E+09 0.0000E+00 0.0000E+00 -1.2832E+08
   1730      7.750 9.675E+16 3.109E+16 2.034E+19 1.032E-04 1.660E-03 4.050E+08 3.875E+08 1.571E+17 1.041E+09 0.0000E+00 0.0000E+00 -1.3046E+08
   1735      7.775 1.047E+17 3.385E+16 2.196E+19 1.029E-04 1.656E-03 4.208E+08 4.026E+08 1.696E+17 1.073E+09 0.0000E+00 0.0000E+00 -1.3265E+08
   1740      7.800 1.133E+17 3.684E+16 2.371E+19 1.028E-04 1.653E-03 4.372E+08 4.183E+08 1.830E+17 1.105E+09 0.0000E+00 0.0000E+00 -1.3490E+08
   1745      7.825 1.226E+17 4.009E+16 2.559E+19 1.030E-04 1.653E-03 4.542E+08 4.345E+08 1.975E+17 1.137E+09 0.0000E+00 0.0000E+00 -1.3723E+08
   1750      7.850 1.326E+17 4.361E+16 2.761E+19 1.027E-04 1.654E-03 4.718E+08 4.513E+08 2.131E+17 1.170E+09 0.0000E+00 0.0000E+00 -1.3963E+08
   1755      7.875 1.434E+17 4.743E+16 2.978E+19 1.021E-04 1.656E-03 4.900E+08 4.687E+08 2.299E+17 1.204E+09 0.0000E+00 0.0000E+00 -1.4211E+08
   1760      7.900 1.550E+17 5.158E+16 3.212E+19 1.028E-04 1.658E-03 5.089E+08 4.867E+08 2.479E+17 1.241E+09 0.0000E+00 0.0000E+00 -1.4470E+08
   1765      7.925 1.675E+17 5.607E+16 3.463E+19 1.051E-04 1.661E-03 5.284E+08 5.054E+08 2.673E+17 1.288E+09 0.0000E+00 0.0000E+00 -1.4740E+08
   1770      7.950 1.809E+17 6.094E+16 3.733E+19 1.063E-04 1.676E-03 5.486E+08 5.247E+08 2.882E+17 1.337E+09 0.0000E+00 0.0000E+00 -1.5023E+08
   1775      7.975 1.954E+17 6.622E+16 4.024E+19 1.039E-04 1.706E-03 5.696E+08 5.447E+08 3.106E+17 1.388E+09 0.0000E+00 0.0000E+00 -1.5319E+08
   1780      8.000 2.111E+17 7.194E+16 4.336E+19 9.971E-05 1.742E-03 5.913E+08 5.654E+08 3.346E+17 1.440E+09 0.0000E+00 0.0000E+00 -1.5631E+08
   1785      8.025 2.279E+17 7.813E+16 4.671E+19 9.792E-05 1.765E-03 6.137E+08 5.869E+08 3.605E+17 1.494E+09 0.0000E+00 0.0000E+00 -1.5959E+08
   1790      8.050 2.459E+17 8.483E+16 5.031E+19 9.986E-05 1.771E-03 6.369E+08 6.090E+08 3.883E+17 1.550E+09 0.0000E+00 0.0000E+00 -1.6306E+08
   1795      8.075 2.654E+17 9.209E+16 5.418E+19 1.027E-04 1.766E-03 6.609E+08 6.320E+08 4.181E+17 1.607E+09 0.0000E+00 0.0000E+00 -1.6673E+08
   1800      8.100 2.863E+17 9.994E+16 5.833E+19 1.034E-04 1.761E-03 6.858E+08 6.557E+08 4.502E+17 1.667E+09 0.0000E+00 0.0000E+00 -1.7062E+08
   1805      8.125 3.088E+17 1.084E+17 6.279E+19 1.026E-04 1.760E-03 7.115E+08 6.803E+08 4.845E+17 1.729E+09 0.0000E+00 0.0000E+00 -1.7475E+08
   1810      8.150 3.330E+17 1.176E+17 6.757E+19 1.022E-04 1.759E-03 7.381E+08 7.057E+08 5.214E+17 1.792E+09 0.0000E+00 0.0000E+00 -1.7914E+08
   1815      8.175 3.589E+17 1.276E+17 7.271E+19 1.025E-04 1.758E-03 7.657E+08 7.320E+08 5.610E+17 1.858E+09 0.0000E+00 0.0000E+00 -1.8382E+08
   1820      8.200 3.868E+17 1.383E+17 7.821E+19 1.025E-04 1.757E-03 7.941E+08 7.592E+08 6.035E+17 1.925E+09 0.0000E+00 0.0000E+00 -1.8879E+08
   1825      8.225 4.168E+17 1.499E+17 8.412E+19 1.021E-04 1.756E-03 8.236E+08 7.873E+08 6.491E+17 1.995E+09 0.0000E+00 0.0000E+00 -1.9410E+08
   1830      8.250 4.490E+17 1.625E+17 9.045E+19 1.020E-04 1.754E-03 8.540E+08 8.164E+08 6.979E+17 2.067E+09 0.0000E+00 0.0000E+00 -1.9976E+08
   1835      8.275 4.836E+17 1.761E+17 9.724E+19 1.025E-04 1.750E-03 8.855E+08 8.465E+08 7.503E+17 2.141E+09 0.0000E+00 0.0000E+00 -2.0580E+08
   1840      8.300 5.207E+17 1.907E+17 1.045E+20 1.030E-04 1.746E-03 9.180E+08 8.776E+08 8.065E+17 2.217E+09 0.0000E+00 0.0000E+00 -2.1225E+08
   1845      8.325 5.605E+17 2.065E+17 1.123E+20 1.028E-04 1.745E-03 9.516E+08 9.098E+08 8.667E+17 2.296E+09 0.0000E+00 0.0000E+00 -2.1913E+08
   1850      8.350 6.032E+17 2.236E+17 1.207E+20 1.024E-04 1.744E-03 9.864E+08 9.430E+08 9.312E+17 2.377E+09 0.0000E+00 0.0000E+00 -2.2649E+08
   1855      8.375 6.490E+17 2.420E+17 1.296E+20 1.022E-04 1.744E-03 1.022E+09 9.774E+08 1.000E+18 2.460E+09 0.0000E+00 0.0000E+00 -2.3434E+08
   1860      8.400 6.981E+17 2.619E+17 1.392E+20 1.021E-04 1.742E-03 1.059E+09 1.013E+09 1.074E+18 2.546E+09 0.0000E+00 0.0000E+00 -2.4273E+08
   1865      8.425 7.508E+17 2.834E+17 1.495E+20 1.020E-04 1.739E-03 1.098E+09 1.050E+09 1.154E+18 2.634E+09 0.0000E+00 0.0000E+00 -2.5168E+08
   1870      8.450 8.073E+17 3.065E+17 1.605E+20 1.022E-04 1.734E-03 1.137E+09 1.088E+09 1.238E+18 2.725E+09 0.0000E+00 0.0000E+00 -2.6124E+08
   1875      8.475 8.679E+17 3.315E+17 1.722E+20 1.028E-04 1.728E-03 1.178E+09 1.127E+09 1.329E+18 2.819E+09 0.0000E+00 0.0000E+00 -2.7144E+08
   1880      8.500 9.327E+17 3.584E+17 1.848E+20 1.034E-04 1.723E-03 1.221E+09 1.167E+09 1.427E+18 2.915E+09 0.0000E+00 0.0000E+00 -2.8231E+08
   1885      8.525 1.002E+18 3.874E+17 1.983E+20 1.031E-04 1.722E-03 1.264E+09 1.209E+09 1.531E+18 3.014E+09 0.0000E+00 0.0000E+00 -2.9390E+08
   1890      8.550 1.077E+18 4.186E+17 2.127E+20 1.024E-04 1.724E-03 1.310E+09 1.253E+09 1.642E+18 3.116E+09 0.0000E+00 0.0000E+00 -3.0625E+08
   1895      8.575 1.156E+18 4.523E+17 2.281E+20 1.031E-04 1.726E-03 1.356E+09 1.297E+09 1.761E+18 3.220E+09 0.0000E+00 0.0000E+00 -3.1941E+08
   1900      8.600 1.242E+18 4.886E+17 2.446E+20 1.050E-04 1.731E-03 1.404E+09 1.344E+09 1.889E+18 3.328E+09 0.0000E+00 0.0000E+00 -3.3340E+08
   1905      8.625 1.333E+18 5.276E+17 2.622E+20 1.056E-04 1.746E-03 1.454E+09 1.391E+09 2.025E+18 3.439E+09 0.0000E+00 0.0000E+00 -3.4829E+08
   1910      8.650 1.431E+18 5.697E+17 2.810E+20 1.030E-04 1.774E-03 1.505E+09 1.441E+09 2.171E+18 3.552E+09 0.0000E+00 0.0000E+00 -3.6411E+08
   1915      8.675 1.536E+18 6.149E+17 3.012E+20 9.937E-05 1.803E-03 1.558E+09 1.492E+09 2.327E+18 3.669E+09 0.0000E+00 0.0000E+00 -3.8092E+08
   1920      8.700 1.648E+18 6.636E+17 3.227E+20 9.860E-05 1.820E-03 1.613E+09 1.544E+09 2.493E+18 3.789E+09 0.0000E+00 0.0000E+00 -3.9876E+08
   1925      8.725 1.768E+18 7.160E+17 3.456E+20 1.011E-04 1.822E-03 1.669E+09 1.599E+09 2.671E+18 3.912E+09 0.0000E+00 0.0000E+00 -4.1768E+08
   1930      8.750 1.896E+18 7.723E+17 3.702E+20 1.035E-04 1.819E-03 1.728E+09 1.655E+09 2.862E+18 4.039E+09 0.0000E+00 0.0000E+00 -4.3774E+08
   1935      8.775 2.034E+18 8.329E+17 3.964E+20 1.035E-04 1.818E-03 1.788E+09 1.713E+09 3.065E+18 4.169E+09 0.0000E+00 0.0000E+00 -4.5898E+08
   1940      8.800 2.180E+18 8.981E+17 4.244E+20 1.022E-04 1.822E-03 1.850E+09 1.773E+09 3.282E+18 4.302E+09 0.0000E+00 0.0000E+00 -4.8146E+08
   1945      8.825 2.337E+18 9.682E+17 4.542E+20 1.016E-04 1.825E-03 1.914E+09 1.835E+09 3.515E+18 4.439E+09 0.0000E+00 0.0000E+00 -5.0523E+08
   1950      8.850 2.505E+18 1.043E+18 4.861E+20 1.020E-04 1.825E-03 1.980E+09 1.899E+09 3.763E+18 4.580E+09 0.0000E+00 0.0000E+00 -5.3035E+08
   1955      8.875 2.684E+18 1.124E+18 5.202E+20 1.024E-04 1.824E-03 2.048E+09 1.965E+09 4.027E+18 4.724E+09 0.0000E+00 0.0000E+00 -5.5688E+08
   1960      8.900 2.876E+18 1.211E+18 5.565E+20 1.025E-04 1.821E-03 2.118E+09 2.033E+09 4.310E+18 4.873E+09 0.0000E+00 0.0000E+00 -5.8486E+08
   1965      8.925 3.081E+18 1.305E+18 5.952E+20 1.026E-04 1.820E-03 2.191E+09 2.104E+09 4.612E+18 5.025E+09 0.0000E+00 0.0000E+00 -6.1437E+08
   1970      8.950 3.300E+18 1.405E+18 6.366E+20 1.028E-04 1.819E-03 2.265E+09 2.176E+09 4.935E+18 5.180E+09 0.0000E+00 0.0000E+00 -6.4545E+08
   1975      8.975 3.534E+18 1.513E+18 6.806E+20 1.027E-04 1.819E-03 2.343E+09 2.252E+09 5.279E+18 5.340E+09 0.0000E+00 0.0000E+00 -6.7817E+08
   1980      9.000 3.783E+18 1.628E+18 7.277E+20 1.024E-04 1.820E-03 2.422E+09 2.329E+09 5.646E+18 5.504E+09 0.0000E+00 0.0000E+00 -7.1258E+08
   1985      9.025 4.050E+18 1.752E+18 7.778E+20 1.023E-04 1.820E-03 2.504E+09 2.409E+09 6.038E+18 5.673E+09 0.0000E+00 0.0000E+00 -7.4874E+08
   1990      9.050 4.335E+18 1.885E+18 8.313E+20 1.025E-04 1.821E-03 2.589E+09 2.492E+09 6.456E+18 5.845E+09 0.0000E+00 0.0000E+00 -7.8672E+08
   1995      9.075 4.639E+18 2.028E+18 8.883E+20 1.025E-04 1.821E-03 2.676E+09 2.577E+09 6.903E+18 6.022E+09 0.0000E+00 0.0000E+00 -8.2658E+08
   2000      9.100 4.964E+18 2.181E+18 9.490E+20 1.025E-04 1.821E-03 2.766E+09 2.666E+09 7.379E+18 6.203E+09 0.0000E+00 0.0000E+00 -8.6836E+08
   2005      9.125 5.311E+18 2.346E+18 1.014E+21 1.027E-04 1.822E-03 2.859E+09 2.757E+09 7.887E+18 6.389E+09 0.0000E+00 0.0000E+00 -9.1214E+08
   2010      9.150 5.681E+18 2.522E+18 1.083E+21 1.028E-04 1.823E-03 2.955E+09 2.851E+09 8.429E+18 6.579E+09 0.0000E+00 0.0000E+00 -9.5797E+08
   2015      9.175 6.076E+18 2.711E+18 1.156E+21 1.026E-04 1.826E-03 3.053E+09 2.948E+09 9.007E+18 6.774E+09 0.0000E+00 0.0000E+00 -1.0059E+09
   2020      9.200 6.498E+18 2.914E+18 1.235E+21 1.022E-04 1.829E-03 3.155E+09 3.048E+09 9.624E+18 6.975E+09 0.0000E+00 0.0000E+00 -1.0560E+09
   2025      9.225 6.947E+18 3.131E+18 1.318E+21 1.019E-04 1.832E-03 3.260E+09 3.152E+09 1.028E+19 7.180E+09 0.0000E+00 0.0000E+00 -1.1084E+09
   2030      9.250 7.427E+18 3.363E+18 1.407E+21 1.020E-04 1.832E-03 3.368E+09 3.259E+09 1.098E+19 7.390E+09 0.0000E+00 0.0000E+00 -1.1630E+09
   2035      9.275 7.939E+18 3.613E+18 1.502E+21 1.022E-04 1.831E-03 3.480E+09 3.369E+09 1.173E+19 7.605E+09 0.0000E+00 0.0000E+00 -1.2199E+09
   2040      9.300 8.485E+18 3.880E+18 1.603E+21 1.021E-04 1.828E-03 3.595E+09 3.483E+09 1.253E+19 7.826E+09 0.0000E+00 0.0000E+00 -1.2793E+09
   2045      9.325 9.068E+18 4.166E+18 1.710E+21 1.021E-04 1.824E-03 3.713E+09 3.601E+09 1.338E+19 8.053E+09 0.0000E+00 0.0000E+00 -1.3411E+09
   2050      9.350 9.689E+18 4.472E+18 1.824E+21 1.023E-04 1.818E-03 3.835E+09 3.722E+09 1.428E+19 8.284E+09 0.0000E+00 0.0000E+00 -1.4053E+09
   2055      9.375 1.035E+19 4.800E+18 1.946E+21 1.024E-04 1.812E-03 3.961E+09 3.848E+09 1.525E+19 8.522E+09 0.0000E+00 0.0000E+00 -1.4721E+09
   2060      9.400 1.106E+19 5.151E+18 2.076E+21 1.024E-04 1.805E-03 4.091E+09 3.977E+09 1.628E+19 8.766E+09 0.0000E+00 0.0000E+00 -1.5415E+09
   2065      9.425 1.181E+19 5.527E+18 2.214E+21 1.023E-04 1.798E-03 4.225E+09 4.111E+09 1.737E+19 9.016E+09 0.0000E+00 0.0000E+00 -1.6136E+09
   2070      9.450 1.261E+19 5.930E+18 2.361E+21 1.023E-04 1.790E-03 4.363E+09 4.249E+09 1.854E+19 9.272E+09 0.0000E+00 0.0000E+00 -1.6883E+09
   2075      9.475 1.347E+19 6.360E+18 2.517E+21 1.025E-04 1.782E-03 4.505E+09 4.391E+09 1.979E+19 9.535E+09 0.0000E+00 0.0000E+00 -1.7656E+09
   2080      9.500 1.438E+19 6.821E+18 2.683E+21 1.025E-04 1.774E-03 4.651E+09 4.538E+09 2.111E+19 9.804E+09 0.0000E+00 0.0000E+00 -1.8458E+09
   2085      9.525 1.536E+19 7.314E+18 2.860E+21 1.023E-04 1.766E-03 4.802E+09 4.690E+09 2.253E+19 1.009E+10 0.0000E+00 0.0000E+00 -1.9286E+09
   2090      9.550 1.639E+19 7.842E+18 3.049E+21 1.024E-04 1.757E-03 4.958E+09 4.846E+09 2.403E+19 1.040E+10 0.0000E+00 0.0000E+00 -2.0143E+09
   2095      9.575 1.750E+19 8.406E+18 3.249E+21 1.028E-04 1.748E-03 5.118E+09 5.008E+09 2.564E+19 1.071E+10 0.0000E+00 0.0000E+00 -2.1027E+09
   2100      9.600 1.867E+19 9.009E+18 3.462E+21 1.028E-04 1.741E-03 5.284E+09 5.175E+09 2.735E+19 1.104E+10 0.0000E+00 0.0000E+00 -2.1940E+09
   2105      9.625 1.993E+19 9.654E+18 3.689E+21 1.023E-04 1.735E-03 5.454E+09 5.347E+09 2.917E+19 1.137E+10 0.0000E+00 0.0000E+00 -2.2881E+09
   2110      9.650 2.127E+19 1.034E+19 3.931E+21 1.021E-04 1.728E-03 5.630E+09 5.525E+09 3.111E+19 1.171E+10 0.0000E+00 0.0000E+00 -2.3850E+09
   2115      9.675 2.269E+19 1.108E+19 4.187E+21 1.025E-04 1.720E-03 5.811E+09 5.708E+09 3.317E+19 1.206E+10 0.0000E+00 0.0000E+00 -2.4847E+09
   2120      9.700 2.421E+19 1.187E+19 4.460E+21 1.031E-04 1.712E-03 5.997E+09 5.898E+09 3.537E+19 1.242E+10 0.0000E+00 0.0000E+00 -2.5872E+09
   2125      9.725 2.582E+19 1.271E+19 4.751E+21 1.028E-04 1.706E-03 6.189E+09 6.093E+09 3.771E+19 1.280E+10 0.0000E+00 0.0000E+00 -2.6925E+09
   2130      9.750 2.755E+19 1.361E+19 5.060E+21 1.022E-04 1.702E-03 6.387E+09 6.294E+09 4.021E+19 1.318E+10 0.0000E+00 0.0000E+00 -2.8005E+09
   2135      9.775 2.938E+19 1.457E+19 5.388E+21 1.025E-04 1.696E-03 6.591E+09 6.503E+09 4.286E+19 1.359E+10 0.0000E+00 0.0000E+00 -2.9113E+09
   2140      9.800 3.134E+19 1.560E+19 5.738E+21 1.037E-04 1.692E-03 6.802E+09 6.717E+09 4.569E+19 1.406E+10 0.0000E+00 0.0000E+00 -3.0247E+09
   2145      9.825 3.342E+19 1.670E+19 6.109E+21 1.042E-04 1.692E-03 7.018E+09 6.939E+09 4.870E+19 1.454E+10 0.0000E+00 0.0000E+00 -3.1407E+09
   2150      9.850 3.563E+19 1.787E+19 6.504E+21 1.031E-04 1.700E-03 7.242E+09 7.167E+09 5.191E+19 1.505E+10 0.0000E+00 0.0000E+00 -3.2592E+09
   2155      9.875 3.800E+19 1.913E+19 6.924E+21 1.013E-04 1.710E-03 7.472E+09 7.403E+09 5.532E+19 1.556E+10 0.0000E+00 0.0000E+00 -3.3802E+09
   2160      9.900 4.051E+19 2.046E+19 7.371E+21 1.007E-04 1.716E-03 7.709E+09 7.647E+09 5.895E+19 1.610E+10 0.0000E+00 0.0000E+00 -3.5036E+09
   2165      9.925 4.319E+19 2.189E+19 7.845E+21 1.016E-04 1.715E-03 7.953E+09 7.898E+09 6.282E+19 1.665E+10 0.0000E+00 0.0000E+00 -3.6293E+09
   2170      9.950 4.604E+19 2.342E+19 8.350E+21 1.027E-04 1.710E-03 8.205E+09 8.157E+09 6.693E+19 1.722E+10 0.0000E+00 0.0000E+00 -3.7571E+09
   2175      9.975 4.908E+19 2.505E+19 8.886E+21 1.028E-04 1.706E-03 8.465E+09 8.424E+09 7.131E+19 1.781E+10 0.0000E+00 0.0000E+00 -3.8869E+09
   2180     10.000 5.231E+19 2.678E+19 9.457E+21 1.024E-04 1.703E-03 8.732E+09 8.700E+09 7.597E+19 1.841E+10 0.0000E+00 0.0000E+00 -4.0186E+09
   2185     10.025 5.575E+19 2.864E+19 1.006E+22 1.022E-04 1.700E-03 9.007E+09 8.985E+09 8.093E+19 1.904E+10 0.0000E+00 0.0000E+00 -4.1521E+09
   2190     10.050 5.942E+19 3.062E+19 1.071E+22 1.025E-04 1.697E-03 9.291E+09 9.278E+09 8.621E+19 1.969E+10 0.0000E+00 0.0000E+00 -4.2871E+09
