#--it-----t--------dt-------EEK-------EEM-------EEGW------hrms------urms------brms------umax------bmax------o2m------divu2m----gg2m---
    0   1.0000  8.85E-03 0.000E+00 1.085E-01 0.000E+00 0.000E+00 0.000E+00 4.658E-01 0.000E+00 1.663E+00 0.000E+00 0.000E+00 0.00E+00
    1   1.0089  7.61E-03 6.931E-04 1.077E-01 6.652E-06 2.831E-05 3.722E-02 4.641E-01 3.336E-01 1.585E+00 3.101E+00 3.168E+00 3.99E-05
    2   1.0165  7.40E-03 2.028E-03 1.060E-01 2.049E-05 9.487E-05 6.360E-02 4.604E-01 4.383E-01 1.495E+00 9.233E+00 8.133E+00 1.23E-04
    3   1.0239  7.28E-03 3.418E-03 1.039E-01 3.768E-05 1.913E-04 8.241E-02 4.558E-01 5.161E-01 1.434E+00 1.592E+01 1.105E+01 2.26E-04
    4   1.0311  7.25E-03 4.578E-03 1.017E-01 5.630E-05 3.116E-04 9.506E-02 4.511E-01 5.527E-01 1.373E+00 2.170E+01 1.092E+01 3.38E-04
    5   1.0384  7.25E-03 5.507E-03 9.963E-02 7.544E-05 4.525E-04 1.038E-01 4.464E-01 5.760E-01 1.370E+00 2.616E+01 9.159E+00 4.53E-04
    6   1.0456  7.20E-03 6.317E-03 9.765E-02 9.425E-05 6.111E-04 1.108E-01 4.419E-01 6.014E-01 1.296E+00 2.940E+01 7.742E+00 5.66E-04
    7   1.0528  7.18E-03 7.099E-03 9.582E-02 1.120E-04 7.836E-04 1.172E-01 4.378E-01 6.033E-01 1.269E+00 3.170E+01 7.722E+00 6.72E-04
    8   1.0600  7.27E-03 7.888E-03 9.415E-02 1.283E-04 9.677E-04 1.234E-01 4.339E-01 6.363E-01 1.220E+00 3.339E+01 8.874E+00 7.70E-04
    9   1.0673  7.23E-03 8.675E-03 9.260E-02 1.431E-04 1.164E-03 1.294E-01 4.303E-01 6.471E-01 1.211E+00 3.475E+01 1.038E+01 8.59E-04
   10   1.0745  7.25E-03 9.409E-03 9.119E-02 1.561E-04 1.367E-03 1.347E-01 4.271E-01 6.418E-01 1.292E+00 3.593E+01 1.146E+01 9.36E-04
   11   1.0818  7.43E-03 1.007E-02 8.990E-02 1.673E-04 1.578E-03 1.393E-01 4.240E-01 6.671E-01 1.316E+00 3.704E+01 1.185E+01 1.00E-03
   12   1.0892  7.40E-03 1.068E-02 8.868E-02 1.769E-04 1.797E-03 1.434E-01 4.211E-01 6.794E-01 1.295E+00 3.814E+01 1.166E+01 1.06E-03
   13   1.0966  7.37E-03 1.122E-02 8.754E-02 1.847E-04 2.019E-03 1.470E-01 4.184E-01 6.973E-01 1.277E+00 3.918E+01 1.120E+01 1.11E-03
   14   1.1040  7.32E-03 1.172E-02 8.646E-02 1.909E-04 2.241E-03 1.502E-01 4.158E-01 7.120E-01 1.265E+00 4.012E+01 1.075E+01 1.15E-03
   15   1.1113  7.33E-03 1.218E-02 8.544E-02 1.957E-04 2.462E-03 1.531E-01 4.134E-01 7.233E-01 1.194E+00 4.095E+01 1.043E+01 1.17E-03
   16   1.1186  7.35E-03 1.262E-02 8.447E-02 1.991E-04 2.683E-03 1.558E-01 4.110E-01 7.295E-01 1.201E+00 4.165E+01 1.024E+01 1.19E-03
   17   1.1260  7.24E-03 1.303E-02 8.354E-02 2.015E-04 2.902E-03 1.584E-01 4.088E-01 7.277E-01 1.210E+00 4.224E+01 1.013E+01 1.21E-03
   18   1.1332  7.25E-03 1.342E-02 8.267E-02 2.030E-04 3.115E-03 1.607E-01 4.066E-01 7.163E-01 1.208E+00 4.271E+01 1.005E+01 1.22E-03
   19   1.1405  7.26E-03 1.379E-02 8.184E-02 2.037E-04 3.324E-03 1.629E-01 4.046E-01 7.109E-01 1.184E+00 4.310E+01 9.985E+00 1.22E-03
   20   1.1477  7.19E-03 1.413E-02 8.105E-02 2.039E-04 3.531E-03 1.649E-01 4.026E-01 7.307E-01 1.194E+00 4.343E+01 9.922E+00 1.22E-03
   21   1.1549  7.21E-03 1.445E-02 8.031E-02 2.036E-04 3.730E-03 1.668E-01 4.008E-01 7.445E-01 1.194E+00 4.371E+01 9.869E+00 1.22E-03
   22   1.1621  7.34E-03 1.476E-02 7.960E-02 2.030E-04 3.925E-03 1.686E-01 3.990E-01 7.511E-01 1.210E+00 4.395E+01 9.822E+00 1.22E-03
   23   1.1695  7.46E-03 1.505E-02 7.891E-02 2.022E-04 4.119E-03 1.702E-01 3.973E-01 7.594E-01 1.198E+00 4.416E+01 9.776E+00 1.21E-03
   24   1.1769  7.33E-03 1.533E-02 7.824E-02 2.013E-04 4.309E-03 1.718E-01 3.956E-01 7.789E-01 1.205E+00 4.436E+01 9.725E+00 1.21E-03
   25   1.1842  7.26E-03 1.558E-02 7.761E-02 2.004E-04 4.490E-03 1.733E-01 3.940E-01 7.861E-01 1.243E+00 4.454E+01 9.668E+00 1.20E-03
   26   1.1915  7.14E-03 1.583E-02 7.701E-02 1.996E-04 4.664E-03 1.747E-01 3.925E-01 7.859E-01 1.260E+00 4.470E+01 9.607E+00 1.20E-03
   27   1.1987  7.02E-03 1.605E-02 7.645E-02 1.990E-04 4.829E-03 1.760E-01 3.910E-01 8.031E-01 1.255E+00 4.484E+01 9.549E+00 1.19E-03
   28   1.2057  6.93E-03 1.627E-02 7.592E-02 1.985E-04 4.984E-03 1.772E-01 3.897E-01 8.127E-01 1.228E+00 4.497E+01 9.497E+00 1.19E-03
   29   1.2126  6.88E-03 1.647E-02 7.542E-02 1.981E-04 5.133E-03 1.783E-01 3.884E-01 8.128E-01 1.240E+00 4.509E+01 9.456E+00 1.19E-03
   30   1.2195  6.89E-03 1.666E-02 7.494E-02 1.980E-04 5.275E-03 1.794E-01 3.871E-01 8.032E-01 1.249E+00 4.520E+01 9.426E+00 1.19E-03
   31   1.2264  6.94E-03 1.685E-02 7.447E-02 1.980E-04 5.412E-03 1.805E-01 3.859E-01 7.860E-01 1.243E+00 4.530E+01 9.403E+00 1.19E-03
   32   1.2333  7.03E-03 1.703E-02 7.402E-02 1.983E-04 5.544E-03 1.815E-01 3.848E-01 8.031E-01 1.228E+00 4.539E+01 9.383E+00 1.19E-03
   33   1.2403  7.16E-03 1.720E-02 7.358E-02 1.988E-04 5.673E-03 1.824E-01 3.836E-01 8.155E-01 1.235E+00 4.548E+01 9.361E+00 1.19E-03
   34   1.2475  7.19E-03 1.738E-02 7.314E-02 1.994E-04 5.799E-03 1.834E-01 3.825E-01 8.203E-01 1.246E+00 4.556E+01 9.332E+00 1.20E-03
   35   1.2547  7.09E-03 1.754E-02 7.272E-02 2.003E-04 5.921E-03 1.843E-01 3.814E-01 8.169E-01 1.244E+00 4.564E+01 9.297E+00 1.20E-03
   36   1.2618  7.04E-03 1.769E-02 7.232E-02 2.013E-04 6.036E-03 1.852E-01 3.803E-01 8.068E-01 1.226E+00 4.571E+01 9.259E+00 1.21E-03
   37   1.2688  7.02E-03 1.784E-02 7.193E-02 2.025E-04 6.145E-03 1.860E-01 3.793E-01 8.187E-01 1.203E+00 4.577E+01 9.219E+00 1.21E-03
   38   1.2758  6.99E-03 1.798E-02 7.155E-02 2.037E-04 6.250E-03 1.868E-01 3.783E-01 8.408E-01 1.215E+00 4.583E+01 9.181E+00 1.22E-03
   39   1.2828  7.01E-03 1.812E-02 7.119E-02 2.051E-04 6.350E-03 1.875E-01 3.773E-01 8.603E-01 1.268E+00 4.589E+01 9.147E+00 1.23E-03
   40   1.2898  7.01E-03 1.825E-02 7.084E-02 2.065E-04 6.447E-03 1.882E-01 3.764E-01 8.763E-01 1.289E+00 4.594E+01 9.116E+00 1.24E-03
   41   1.2968  7.02E-03 1.838E-02 7.049E-02 2.080E-04 6.540E-03 1.889E-01 3.755E-01 8.869E-01 1.274E+00 4.599E+01 9.089E+00 1.25E-03
   42   1.3039  7.04E-03 1.850E-02 7.016E-02 2.095E-04 6.629E-03 1.896E-01 3.746E-01 8.904E-01 1.255E+00 4.604E+01 9.062E+00 1.26E-03
   43   1.3109  6.99E-03 1.862E-02 6.984E-02 2.110E-04 6.716E-03 1.902E-01 3.737E-01 8.853E-01 1.262E+00 4.608E+01 9.035E+00 1.27E-03
   44   1.3179  6.97E-03 1.873E-02 6.952E-02 2.125E-04 6.799E-03 1.908E-01 3.729E-01 8.722E-01 1.245E+00 4.612E+01 9.008E+00 1.27E-03
   45   1.3249  6.99E-03 1.883E-02 6.922E-02 2.140E-04 6.879E-03 1.914E-01 3.721E-01 8.818E-01 1.228E+00 4.616E+01 8.979E+00 1.28E-03
   46   1.3319  7.04E-03 1.894E-02 6.892E-02 2.154E-04 6.957E-03 1.920E-01 3.713E-01 8.905E-01 1.204E+00 4.619E+01 8.949E+00 1.29E-03
   47   1.3389  7.11E-03 1.904E-02 6.862E-02 2.168E-04 7.033E-03 1.925E-01 3.705E-01 8.970E-01 1.165E+00 4.622E+01 8.918E+00 1.30E-03
   48   1.3460  7.09E-03 1.913E-02 6.833E-02 2.181E-04 7.107E-03 1.931E-01 3.697E-01 8.996E-01 1.145E+00 4.625E+01 8.886E+00 1.31E-03
   49   1.3531  7.04E-03 1.922E-02 6.805E-02 2.194E-04 7.179E-03 1.936E-01 3.689E-01 8.965E-01 1.156E+00 4.628E+01 8.855E+00 1.32E-03
   50   1.3602  7.03E-03 1.931E-02 6.778E-02 2.205E-04 7.248E-03 1.940E-01 3.682E-01 8.869E-01 1.157E+00 4.630E+01 8.824E+00 1.32E-03
   51   1.3672  7.04E-03 1.939E-02 6.751E-02 2.216E-04 7.316E-03 1.945E-01 3.675E-01 8.711E-01 1.197E+00 4.632E+01 8.794E+00 1.33E-03
   52   1.3742  7.07E-03 1.947E-02 6.725E-02 2.226E-04 7.382E-03 1.949E-01 3.667E-01 8.729E-01 1.209E+00 4.634E+01 8.764E+00 1.34E-03
   53   1.3813  7.12E-03 1.955E-02 6.699E-02 2.235E-04 7.446E-03 1.953E-01 3.660E-01 8.771E-01 1.194E+00 4.636E+01 8.735E+00 1.34E-03
   54   1.3884  7.08E-03 1.962E-02 6.674E-02 2.244E-04 7.510E-03 1.957E-01 3.653E-01 8.794E-01 1.155E+00 4.638E+01 8.705E+00 1.35E-03
   55   1.3955  7.07E-03 1.969E-02 6.649E-02 2.251E-04 7.573E-03 1.961E-01 3.647E-01 8.823E-01 1.115E+00 4.639E+01 8.675E+00 1.35E-03
   56   1.4026  7.03E-03 1.975E-02 6.624E-02 2.257E-04 7.634E-03 1.964E-01 3.640E-01 8.856E-01 1.135E+00 4.640E+01 8.645E+00 1.35E-03
   57   1.4096  7.00E-03 1.982E-02 6.601E-02 2.263E-04 7.693E-03 1.968E-01 3.633E-01 8.756E-01 1.152E+00 4.641E+01 8.615E+00 1.36E-03
   58   1.4166  6.98E-03 1.987E-02 6.577E-02 2.268E-04 7.752E-03 1.971E-01 3.627E-01 8.591E-01 1.155E+00 4.642E+01 8.585E+00 1.36E-03
   59   1.4236  6.97E-03 1.993E-02 6.555E-02 2.272E-04 7.809E-03 1.974E-01 3.621E-01 8.481E-01 1.144E+00 4.643E+01 8.554E+00 1.36E-03
   60   1.4305  6.98E-03 1.998E-02 6.532E-02 2.276E-04 7.865E-03 1.977E-01 3.614E-01 8.460E-01 1.135E+00 4.643E+01 8.523E+00 1.37E-03
   61   1.4375  6.93E-03 2.002E-02 6.510E-02 2.279E-04 7.921E-03 1.979E-01 3.608E-01 8.568E-01 1.127E+00 4.644E+01 8.492E+00 1.37E-03
   62   1.4444  6.89E-03 2.007E-02 6.489E-02 2.281E-04 7.975E-03 1.982E-01 3.602E-01 8.609E-01 1.127E+00 4.644E+01 8.461E+00 1.37E-03
   63   1.4513  6.90E-03 2.011E-02 6.467E-02 2.283E-04 8.029E-03 1.984E-01 3.596E-01 8.589E-01 1.133E+00 4.644E+01 8.430E+00 1.37E-03
   64   1.4582  6.91E-03 2.014E-02 6.446E-02 2.285E-04 8.082E-03 1.986E-01 3.591E-01 8.541E-01 1.143E+00 4.645E+01 8.399E+00 1.37E-03
   65   1.4651  6.84E-03 2.018E-02 6.426E-02 2.286E-04 8.135E-03 1.988E-01 3.585E-01 8.827E-01 1.155E+00 4.645E+01 8.369E+00 1.37E-03
   66   1.4720  6.82E-03 2.021E-02 6.406E-02 2.287E-04 8.186E-03 1.990E-01 3.579E-01 9.019E-01 1.165E+00 4.645E+01 8.338E+00 1.37E-03
   67   1.4788  6.82E-03 2.024E-02 6.386E-02 2.288E-04 8.237E-03 1.991E-01 3.574E-01 8.935E-01 1.171E+00 4.644E+01 8.308E+00 1.37E-03
   68   1.4856  6.93E-03 2.026E-02 6.366E-02 2.289E-04 8.287E-03 1.993E-01 3.568E-01 8.916E-01 1.172E+00 4.644E+01 8.278E+00 1.37E-03
   69   1.4926  6.91E-03 2.029E-02 6.346E-02 2.289E-04 8.337E-03 1.994E-01 3.563E-01 8.876E-01 1.168E+00 4.644E+01 8.246E+00 1.37E-03
   70   1.4995  6.85E-03 2.031E-02 6.327E-02 2.290E-04 8.387E-03 1.995E-01 3.557E-01 8.976E-01 1.161E+00 4.643E+01 8.214E+00 1.37E-03
   71   1.5063  6.84E-03 2.033E-02 6.308E-02 2.291E-04 8.436E-03 1.996E-01 3.552E-01 8.945E-01 1.153E+00 4.642E+01 8.183E+00 1.37E-03
   72   1.5132  6.86E-03 2.034E-02 6.289E-02 2.291E-04 8.485E-03 1.997E-01 3.547E-01 8.813E-01 1.147E+00 4.642E+01 8.151E+00 1.37E-03
   73   1.5200  6.86E-03 2.036E-02 6.270E-02 2.292E-04 8.533E-03 1.998E-01 3.541E-01 8.861E-01 1.144E+00 4.641E+01 8.118E+00 1.37E-03
   74   1.5269  6.88E-03 2.037E-02 6.252E-02 2.292E-04 8.580E-03 1.999E-01 3.536E-01 8.810E-01 1.156E+00 4.640E+01 8.086E+00 1.38E-03
   75   1.5338  6.77E-03 2.037E-02 6.233E-02 2.293E-04 8.628E-03 2.000E-01 3.531E-01 8.754E-01 1.172E+00 4.639E+01 8.053E+00 1.38E-03
   76   1.5405  6.78E-03 2.038E-02 6.215E-02 2.293E-04 8.674E-03 2.000E-01 3.526E-01 8.785E-01 1.182E+00 4.637E+01 8.021E+00 1.38E-03
   77   1.5473  6.90E-03 2.038E-02 6.198E-02 2.294E-04 8.720E-03 2.000E-01 3.521E-01 9.031E-01 1.185E+00 4.636E+01 7.989E+00 1.38E-03
   78   1.5542  6.86E-03 2.039E-02 6.180E-02 2.295E-04 8.766E-03 2.001E-01 3.516E-01 9.288E-01 1.182E+00 4.635E+01 7.956E+00 1.38E-03
   79   1.5611  6.84E-03 2.039E-02 6.162E-02 2.296E-04 8.811E-03 2.001E-01 3.511E-01 9.513E-01 1.175E+00 4.633E+01 7.923E+00 1.38E-03
   80   1.5679  6.71E-03 2.038E-02 6.144E-02 2.297E-04 8.856E-03 2.001E-01 3.506E-01 9.670E-01 1.169E+00 4.632E+01 7.891E+00 1.38E-03
   81   1.5746  6.61E-03 2.038E-02 6.127E-02 2.298E-04 8.900E-03 2.001E-01 3.501E-01 9.699E-01 1.172E+00 4.630E+01 7.859E+00 1.38E-03
   82   1.5812  6.57E-03 2.038E-02 6.111E-02 2.299E-04 8.942E-03 2.001E-01 3.496E-01 9.516E-01 1.188E+00 4.628E+01 7.828E+00 1.38E-03
   83   1.5878  6.63E-03 2.037E-02 6.094E-02 2.300E-04 8.984E-03 2.000E-01 3.491E-01 9.363E-01 1.200E+00 4.627E+01 7.797E+00 1.38E-03
   84   1.5945  6.87E-03 2.036E-02 6.078E-02 2.301E-04 9.026E-03 2.000E-01 3.486E-01 9.224E-01 1.205E+00 4.625E+01 7.766E+00 1.38E-03
   85   1.6013  6.90E-03 2.035E-02 6.061E-02 2.303E-04 9.069E-03 2.000E-01 3.482E-01 9.081E-01 1.202E+00 4.623E+01 7.733E+00 1.38E-03
   86   1.6082  6.86E-03 2.033E-02 6.044E-02 2.304E-04 9.112E-03 1.999E-01 3.477E-01 9.304E-01 1.190E+00 4.620E+01 7.699E+00 1.38E-03
   87   1.6151  6.82E-03 2.032E-02 6.027E-02 2.306E-04 9.154E-03 1.999E-01 3.472E-01 9.347E-01 1.195E+00 4.618E+01 7.666E+00 1.38E-03
   88   1.6219  6.79E-03 2.030E-02 6.011E-02 2.307E-04 9.195E-03 1.998E-01 3.467E-01 9.079E-01 1.196E+00 4.616E+01 7.634E+00 1.38E-03
   89   1.6287  6.75E-03 2.029E-02 5.995E-02 2.309E-04 9.236E-03 1.997E-01 3.463E-01 8.909E-01 1.190E+00 4.613E+01 7.602E+00 1.39E-03
   90   1.6354  6.70E-03 2.027E-02 5.978E-02 2.310E-04 9.276E-03 1.996E-01 3.458E-01 9.029E-01 1.178E+00 4.610E+01 7.570E+00 1.39E-03
   91   1.6421  6.65E-03 2.025E-02 5.963E-02 2.312E-04 9.315E-03 1.996E-01 3.453E-01 9.128E-01 1.165E+00 4.608E+01 7.538E+00 1.39E-03
   92   1.6488  6.61E-03 2.023E-02 5.947E-02 2.313E-04 9.354E-03 1.995E-01 3.449E-01 9.205E-01 1.174E+00 4.605E+01 7.507E+00 1.39E-03
   93   1.6554  6.59E-03 2.021E-02 5.932E-02 2.314E-04 9.392E-03 1.994E-01 3.444E-01 9.260E-01 1.181E+00 4.602E+01 7.475E+00 1.39E-03
   94   1.6620  6.57E-03 2.018E-02 5.916E-02 2.316E-04 9.429E-03 1.993E-01 3.440E-01 9.289E-01 1.184E+00 4.599E+01 7.444E+00 1.39E-03
   95   1.6686  6.57E-03 2.016E-02 5.901E-02 2.317E-04 9.466E-03 1.991E-01 3.435E-01 9.296E-01 1.184E+00 4.596E+01 7.412E+00 1.39E-03
   96   1.6751  6.58E-03 2.013E-02 5.886E-02 2.319E-04 9.503E-03 1.990E-01 3.431E-01 9.687E-01 1.186E+00 4.593E+01 7.381E+00 1.39E-03
   97   1.6817  6.58E-03 2.010E-02 5.871E-02 2.320E-04 9.539E-03 1.989E-01 3.427E-01 9.980E-01 1.184E+00 4.590E+01 7.349E+00 1.39E-03
   98   1.6883  6.50E-03 2.008E-02 5.856E-02 2.322E-04 9.575E-03 1.988E-01 3.422E-01 9.988E-01 1.194E+00 4.586E+01 7.318E+00 1.39E-03
   99   1.6948  6.60E-03 2.005E-02 5.842E-02 2.323E-04 9.610E-03 1.986E-01 3.418E-01 9.462E-01 1.212E+00 4.583E+01 7.287E+00 1.39E-03
  100   1.7014  6.78E-03 2.002E-02 5.827E-02 2.324E-04 9.645E-03 1.985E-01 3.414E-01 9.480E-01 1.223E+00 4.579E+01 7.255E+00 1.39E-03
  101   1.7082  6.85E-03 1.999E-02 5.812E-02 2.326E-04 9.681E-03 1.984E-01 3.409E-01 9.509E-01 1.226E+00 4.576E+01 7.223E+00 1.40E-03
  102   1.7150  6.85E-03 1.995E-02 5.797E-02 2.327E-04 9.716E-03 1.982E-01 3.405E-01 9.452E-01 1.224E+00 4.572E+01 7.190E+00 1.40E-03
  103   1.7219  6.89E-03 1.992E-02 5.781E-02 2.329E-04 9.752E-03 1.980E-01 3.400E-01 9.489E-01 1.221E+00 4.568E+01 7.158E+00 1.40E-03
  104   1.7288  6.93E-03 1.988E-02 5.766E-02 2.330E-04 9.786E-03 1.979E-01 3.396E-01 9.471E-01 1.223E+00 4.564E+01 7.126E+00 1.40E-03
  105   1.7357  6.84E-03 1.985E-02 5.751E-02 2.332E-04 9.821E-03 1.977E-01 3.392E-01 8.890E-01 1.237E+00 4.560E+01 7.093E+00 1.40E-03
  106   1.7425  6.77E-03 1.981E-02 5.737E-02 2.333E-04 9.855E-03 1.975E-01 3.387E-01 9.209E-01 1.249E+00 4.555E+01 7.061E+00 1.40E-03
  107   1.7493  6.71E-03 1.977E-02 5.722E-02 2.334E-04 9.888E-03 1.973E-01 3.383E-01 9.354E-01 1.257E+00 4.551E+01 7.029E+00 1.40E-03
  108   1.7560  6.65E-03 1.973E-02 5.708E-02 2.336E-04 9.920E-03 1.972E-01 3.379E-01 9.242E-01 1.258E+00 4.547E+01 6.998E+00 1.40E-03
  109   1.7627  6.65E-03 1.969E-02 5.694E-02 2.337E-04 9.952E-03 1.970E-01 3.374E-01 9.259E-01 1.253E+00 4.542E+01 6.967E+00 1.40E-03
  110   1.7693  6.64E-03 1.966E-02 5.680E-02 2.338E-04 9.983E-03 1.968E-01 3.370E-01 9.449E-01 1.241E+00 4.538E+01 6.936E+00 1.40E-03
  111   1.7760  6.59E-03 1.962E-02 5.666E-02 2.340E-04 1.001E-02 1.966E-01 3.366E-01 9.473E-01 1.237E+00 4.533E+01 6.905E+00 1.40E-03
  112   1.7825  6.64E-03 1.957E-02 5.652E-02 2.341E-04 1.004E-02 1.964E-01 3.362E-01 9.439E-01 1.239E+00 4.529E+01 6.875E+00 1.40E-03
  113   1.7892  6.64E-03 1.953E-02 5.638E-02 2.342E-04 1.007E-02 1.962E-01 3.358E-01 9.438E-01 1.237E+00 4.524E+01 6.845E+00 1.41E-03
  114   1.7958  6.65E-03 1.949E-02 5.624E-02 2.343E-04 1.010E-02 1.960E-01 3.354E-01 9.393E-01 1.232E+00 4.519E+01 6.814E+00 1.41E-03
  115   1.8025  6.65E-03 1.945E-02 5.611E-02 2.344E-04 1.013E-02 1.958E-01 3.350E-01 9.342E-01 1.225E+00 4.514E+01 6.783E+00 1.41E-03
  116   1.8091  6.66E-03 1.940E-02 5.597E-02 2.345E-04 1.016E-02 1.956E-01 3.346E-01 9.255E-01 1.217E+00 4.509E+01 6.752E+00 1.41E-03
  117   1.8158  6.67E-03 1.936E-02 5.584E-02 2.346E-04 1.019E-02 1.954E-01 3.342E-01 9.129E-01 1.220E+00 4.504E+01 6.721E+00 1.41E-03
  118   1.8225  6.70E-03 1.932E-02 5.570E-02 2.348E-04 1.022E-02 1.952E-01 3.338E-01 9.015E-01 1.226E+00 4.499E+01 6.691E+00 1.41E-03
  119   1.8292  6.73E-03 1.927E-02 5.557E-02 2.349E-04 1.025E-02 1.949E-01 3.334E-01 9.000E-01 1.229E+00 4.493E+01 6.660E+00 1.41E-03
  120   1.8359  6.70E-03 1.922E-02 5.544E-02 2.350E-04 1.027E-02 1.947E-01 3.330E-01 9.061E-01 1.231E+00 4.488E+01 6.630E+00 1.41E-03
  121   1.8426  6.67E-03 1.918E-02 5.530E-02 2.351E-04 1.030E-02 1.945E-01 3.326E-01 9.109E-01 1.232E+00 4.483E+01 6.599E+00 1.41E-03
  122   1.8493  6.65E-03 1.913E-02 5.517E-02 2.352E-04 1.033E-02 1.943E-01 3.322E-01 9.141E-01 1.234E+00 4.477E+01 6.569E+00 1.41E-03
  123   1.8559  6.64E-03 1.908E-02 5.504E-02 2.354E-04 1.035E-02 1.940E-01 3.318E-01 9.151E-01 1.234E+00 4.472E+01 6.539E+00 1.41E-03
  124   1.8625  6.65E-03 1.903E-02 5.491E-02 2.355E-04 1.038E-02 1.938E-01 3.314E-01 9.169E-01 1.232E+00 4.466E+01 6.508E+00 1.41E-03
  125   1.8692  6.67E-03 1.899E-02 5.479E-02 2.356E-04 1.040E-02 1.935E-01 3.310E-01 9.121E-01 1.231E+00 4.461E+01 6.478E+00 1.41E-03
  126   1.8759  6.70E-03 1.894E-02 5.466E-02 2.357E-04 1.043E-02 1.933E-01 3.306E-01 9.008E-01 1.236E+00 4.455E+01 6.448E+00 1.41E-03
  127   1.8826  6.75E-03 1.889E-02 5.453E-02 2.358E-04 1.045E-02 1.931E-01 3.302E-01 9.060E-01 1.240E+00 4.449E+01 6.418E+00 1.42E-03
  128   1.8893  6.73E-03 1.884E-02 5.440E-02 2.360E-04 1.048E-02 1.928E-01 3.299E-01 9.123E-01 1.243E+00 4.443E+01 6.388E+00 1.42E-03
  129   1.8960  6.72E-03 1.879E-02 5.427E-02 2.361E-04 1.050E-02 1.926E-01 3.295E-01 9.122E-01 1.246E+00 4.437E+01 6.358E+00 1.42E-03
  130   1.9028  6.73E-03 1.874E-02 5.415E-02 2.362E-04 1.052E-02 1.923E-01 3.291E-01 9.061E-01 1.247E+00 4.431E+01 6.329E+00 1.42E-03
  131   1.9095  6.78E-03 1.868E-02 5.402E-02 2.363E-04 1.055E-02 1.920E-01 3.287E-01 8.945E-01 1.245E+00 4.425E+01 6.299E+00 1.42E-03
  132   1.9163  6.78E-03 1.863E-02 5.390E-02 2.364E-04 1.057E-02 1.918E-01 3.283E-01 8.945E-01 1.249E+00 4.419E+01 6.269E+00 1.42E-03
  133   1.9230  6.70E-03 1.858E-02 5.377E-02 2.365E-04 1.059E-02 1.915E-01 3.279E-01 9.071E-01 1.266E+00 4.413E+01 6.239E+00 1.42E-03
  134   1.9297  6.64E-03 1.853E-02 5.365E-02 2.366E-04 1.062E-02 1.913E-01 3.276E-01 9.168E-01 1.282E+00 4.407E+01 6.209E+00 1.42E-03
  135   1.9364  6.62E-03 1.847E-02 5.353E-02 2.367E-04 1.064E-02 1.910E-01 3.272E-01 9.229E-01 1.294E+00 4.401E+01 6.180E+00 1.42E-03
  136   1.9430  6.63E-03 1.842E-02 5.341E-02 2.367E-04 1.066E-02 1.907E-01 3.268E-01 9.252E-01 1.302E+00 4.394E+01 6.151E+00 1.42E-03
  137   1.9496  6.67E-03 1.837E-02 5.329E-02 2.368E-04 1.068E-02 1.905E-01 3.265E-01 9.237E-01 1.307E+00 4.388E+01 6.123E+00 1.42E-03
  138   1.9563  6.73E-03 1.832E-02 5.317E-02 2.369E-04 1.070E-02 1.902E-01 3.261E-01 9.184E-01 1.310E+00 4.382E+01 6.094E+00 1.42E-03
  139   1.9630  6.81E-03 1.826E-02 5.305E-02 2.369E-04 1.072E-02 1.899E-01 3.257E-01 9.099E-01 1.313E+00 4.375E+01 6.065E+00 1.42E-03
  140   1.9698  6.88E-03 1.821E-02 5.293E-02 2.370E-04 1.074E-02 1.897E-01 3.254E-01 8.989E-01 1.316E+00 4.369E+01 6.036E+00 1.42E-03
  141   1.9767  6.96E-03 1.815E-02 5.281E-02 2.370E-04 1.076E-02 1.894E-01 3.250E-01 8.861E-01 1.316E+00 4.362E+01 6.006E+00 1.42E-03
  142   1.9837  6.93E-03 1.809E-02 5.269E-02 2.371E-04 1.078E-02 1.891E-01 3.246E-01 8.723E-01 1.313E+00 4.355E+01 5.976E+00 1.42E-03
  143   1.9906  6.86E-03 1.804E-02 5.257E-02 2.371E-04 1.080E-02 1.888E-01 3.242E-01 8.740E-01 1.305E+00 4.348E+01 5.946E+00 1.42E-03
  144   1.9975  6.79E-03 1.798E-02 5.245E-02 2.372E-04 1.082E-02 1.885E-01 3.239E-01 8.750E-01 1.293E+00 4.341E+01 5.917E+00 1.42E-03
  145   2.0043  6.74E-03 1.792E-02 5.233E-02 2.372E-04 1.084E-02 1.882E-01 3.235E-01 8.772E-01 1.279E+00 4.334E+01 5.889E+00 1.42E-03
  146   2.0110  6.71E-03 1.787E-02 5.222E-02 2.373E-04 1.086E-02 1.879E-01 3.232E-01 8.846E-01 1.264E+00 4.327E+01 5.860E+00 1.42E-03
  147   2.0177  6.69E-03 1.781E-02 5.210E-02 2.373E-04 1.088E-02 1.876E-01 3.228E-01 8.949E-01 1.248E+00 4.320E+01 5.832E+00 1.42E-03
  148   2.0244  6.69E-03 1.776E-02 5.199E-02 2.374E-04 1.090E-02 1.874E-01 3.225E-01 9.019E-01 1.234E+00 4.313E+01 5.805E+00 1.42E-03
  149   2.0311  6.71E-03 1.770E-02 5.188E-02 2.375E-04 1.091E-02 1.871E-01 3.221E-01 9.044E-01 1.223E+00 4.306E+01 5.777E+00 1.42E-03
  150   2.0378  6.74E-03 1.764E-02 5.177E-02 2.375E-04 1.093E-02 1.868E-01 3.218E-01 9.005E-01 1.211E+00 4.299E+01 5.749E+00 1.43E-03
  151   2.0445  6.73E-03 1.759E-02 5.166E-02 2.376E-04 1.095E-02 1.865E-01 3.214E-01 9.046E-01 1.207E+00 4.292E+01 5.721E+00 1.43E-03
  152   2.0513  6.70E-03 1.753E-02 5.155E-02 2.377E-04 1.096E-02 1.862E-01 3.211E-01 9.115E-01 1.211E+00 4.285E+01 5.694E+00 1.43E-03
  153   2.0580  6.69E-03 1.747E-02 5.144E-02 2.378E-04 1.098E-02 1.859E-01 3.207E-01 9.153E-01 1.215E+00 4.278E+01 5.666E+00 1.43E-03
  154   2.0647  6.70E-03 1.742E-02 5.133E-02 2.379E-04 1.100E-02 1.856E-01 3.204E-01 9.157E-01 1.219E+00 4.271E+01 5.639E+00 1.43E-03
  155   2.0714  6.71E-03 1.736E-02 5.122E-02 2.380E-04 1.101E-02 1.853E-01 3.201E-01 9.129E-01 1.221E+00 4.264E+01 5.611E+00 1.43E-03
  156   2.0781  6.73E-03 1.730E-02 5.111E-02 2.381E-04 1.103E-02 1.850E-01 3.197E-01 9.185E-01 1.227E+00 4.257E+01 5.584E+00 1.43E-03
  157   2.0848  6.74E-03 1.725E-02 5.100E-02 2.382E-04 1.104E-02 1.847E-01 3.194E-01 9.224E-01 1.230E+00 4.249E+01 5.557E+00 1.43E-03
  158   2.0915  6.75E-03 1.719E-02 5.090E-02 2.383E-04 1.106E-02 1.844E-01 3.190E-01 9.220E-01 1.230E+00 4.242E+01 5.531E+00 1.43E-03
  159   2.0983  6.75E-03 1.713E-02 5.079E-02 2.384E-04 1.107E-02 1.841E-01 3.187E-01 9.173E-01 1.227E+00 4.235E+01 5.504E+00 1.43E-03
  160   2.1050  6.75E-03 1.707E-02 5.068E-02 2.385E-04 1.109E-02 1.838E-01 3.184E-01 9.084E-01 1.220E+00 4.227E+01 5.478E+00 1.43E-03
  161   2.1118  6.74E-03 1.702E-02 5.058E-02 2.386E-04 1.110E-02 1.835E-01 3.180E-01 8.953E-01 1.210E+00 4.220E+01 5.451E+00 1.43E-03
  162   2.1185  6.74E-03 1.696E-02 5.047E-02 2.387E-04 1.112E-02 1.832E-01 3.177E-01 8.874E-01 1.199E+00 4.212E+01 5.425E+00 1.43E-03
  163   2.1253  6.75E-03 1.690E-02 5.037E-02 2.389E-04 1.113E-02 1.829E-01 3.174E-01 9.105E-01 1.195E+00 4.205E+01 5.399E+00 1.43E-03
  164   2.1320  6.76E-03 1.684E-02 5.026E-02 2.390E-04 1.114E-02 1.826E-01 3.171E-01 9.232E-01 1.198E+00 4.197E+01 5.372E+00 1.43E-03
  165   2.1388  6.76E-03 1.678E-02 5.016E-02 2.391E-04 1.116E-02 1.823E-01 3.167E-01 9.249E-01 1.204E+00 4.189E+01 5.346E+00 1.43E-03
  166   2.1455  6.77E-03 1.672E-02 5.006E-02 2.392E-04 1.117E-02 1.820E-01 3.164E-01 9.162E-01 1.218E+00 4.182E+01 5.320E+00 1.43E-03
  167   2.1523  6.79E-03 1.667E-02 4.995E-02 2.392E-04 1.118E-02 1.817E-01 3.161E-01 9.005E-01 1.231E+00 4.174E+01 5.294E+00 1.44E-03
  168   2.1591  6.78E-03 1.661E-02 4.985E-02 2.393E-04 1.120E-02 1.814E-01 3.158E-01 9.051E-01 1.243E+00 4.166E+01 5.268E+00 1.44E-03
  169   2.1659  6.77E-03 1.655E-02 4.975E-02 2.394E-04 1.121E-02 1.810E-01 3.154E-01 9.170E-01 1.254E+00 4.159E+01 5.242E+00 1.44E-03
  170   2.1727  6.68E-03 1.649E-02 4.965E-02 2.395E-04 1.122E-02 1.807E-01 3.151E-01 9.349E-01 1.263E+00 4.151E+01 5.216E+00 1.44E-03
  171   2.1793  6.62E-03 1.643E-02 4.955E-02 2.395E-04 1.123E-02 1.804E-01 3.148E-01 9.464E-01 1.268E+00 4.143E+01 5.191E+00 1.44E-03
  172   2.1860  6.58E-03 1.638E-02 4.945E-02 2.396E-04 1.125E-02 1.801E-01 3.145E-01 9.525E-01 1.269E+00 4.135E+01 5.167E+00 1.44E-03
  173   2.1925  6.57E-03 1.632E-02 4.936E-02 2.396E-04 1.126E-02 1.798E-01 3.142E-01 9.541E-01 1.273E+00 4.128E+01 5.142E+00 1.44E-03
  174   2.1991  6.58E-03 1.626E-02 4.926E-02 2.396E-04 1.127E-02 1.795E-01 3.139E-01 9.521E-01 1.280E+00 4.120E+01 5.118E+00 1.44E-03
  175   2.2057  6.60E-03 1.621E-02 4.916E-02 2.396E-04 1.128E-02 1.792E-01 3.136E-01 9.473E-01 1.283E+00 4.112E+01 5.093E+00 1.44E-03
  176   2.2123  6.58E-03 1.615E-02 4.907E-02 2.397E-04 1.129E-02 1.789E-01 3.133E-01 9.401E-01 1.285E+00 4.105E+01 5.069E+00 1.44E-03
  177   2.2189  6.55E-03 1.609E-02 4.897E-02 2.397E-04 1.130E-02 1.786E-01 3.130E-01 9.309E-01 1.285E+00 4.097E+01 5.045E+00 1.44E-03
  178   2.2254  6.54E-03 1.604E-02 4.888E-02 2.397E-04 1.131E-02 1.783E-01 3.127E-01 9.198E-01 1.282E+00 4.089E+01 5.021E+00 1.44E-03
  179   2.2320  6.54E-03 1.598E-02 4.879E-02 2.397E-04 1.132E-02 1.780E-01 3.124E-01 9.069E-01 1.278E+00 4.082E+01 4.997E+00 1.44E-03
  180   2.2385  6.55E-03 1.592E-02 4.869E-02 2.397E-04 1.133E-02 1.777E-01 3.121E-01 8.924E-01 1.273E+00 4.074E+01 4.974E+00 1.44E-03
  181   2.2451  6.56E-03 1.587E-02 4.860E-02 2.397E-04 1.134E-02 1.774E-01 3.118E-01 8.798E-01 1.274E+00 4.066E+01 4.950E+00 1.44E-03
  182   2.2516  6.49E-03 1.581E-02 4.851E-02 2.397E-04 1.135E-02 1.771E-01 3.115E-01 8.698E-01 1.274E+00 4.058E+01 4.927E+00 1.44E-03
  183   2.2581  6.44E-03 1.576E-02 4.842E-02 2.398E-04 1.136E-02 1.768E-01 3.112E-01 8.742E-01 1.277E+00 4.050E+01 4.904E+00 1.44E-03
  184   2.2646  6.43E-03 1.570E-02 4.833E-02 2.398E-04 1.137E-02 1.765E-01 3.109E-01 8.834E-01 1.282E+00 4.043E+01 4.881E+00 1.44E-03
  185   2.2710  6.44E-03 1.565E-02 4.824E-02 2.398E-04 1.138E-02 1.762E-01 3.106E-01 8.840E-01 1.289E+00 4.035E+01 4.859E+00 1.44E-03
  186   2.2774  6.33E-03 1.559E-02 4.815E-02 2.398E-04 1.139E-02 1.759E-01 3.103E-01 8.716E-01 1.295E+00 4.027E+01 4.837E+00 1.44E-03
  187   2.2837  6.26E-03 1.554E-02 4.806E-02 2.399E-04 1.140E-02 1.756E-01 3.100E-01 8.763E-01 1.299E+00 4.020E+01 4.815E+00 1.44E-03
  188   2.2900  6.20E-03 1.549E-02 4.798E-02 2.399E-04 1.141E-02 1.753E-01 3.098E-01 8.786E-01 1.300E+00 4.012E+01 4.794E+00 1.44E-03
  189   2.2962  6.13E-03 1.543E-02 4.789E-02 2.399E-04 1.142E-02 1.750E-01 3.095E-01 8.780E-01 1.299E+00 4.005E+01 4.773E+00 1.44E-03
  190   2.3023  6.06E-03 1.538E-02 4.781E-02 2.400E-04 1.143E-02 1.747E-01 3.092E-01 8.737E-01 1.295E+00 3.997E+01 4.753E+00 1.44E-03
  191   2.3084  6.02E-03 1.533E-02 4.772E-02 2.400E-04 1.144E-02 1.744E-01 3.089E-01 8.812E-01 1.289E+00 3.990E+01 4.733E+00 1.44E-03
  192   2.3144  5.99E-03 1.528E-02 4.764E-02 2.400E-04 1.144E-02 1.741E-01 3.087E-01 8.845E-01 1.281E+00 3.983E+01 4.713E+00 1.44E-03
  193   2.3204  6.00E-03 1.523E-02 4.756E-02 2.401E-04 1.145E-02 1.739E-01 3.084E-01 8.801E-01 1.282E+00 3.975E+01 4.693E+00 1.44E-03
  194   2.3264  6.02E-03 1.518E-02 4.748E-02 2.401E-04 1.146E-02 1.736E-01 3.082E-01 8.923E-01 1.283E+00 3.968E+01 4.673E+00 1.44E-03
  195   2.3324  6.06E-03 1.513E-02 4.740E-02 2.401E-04 1.147E-02 1.733E-01 3.079E-01 9.198E-01 1.281E+00 3.961E+01 4.653E+00 1.44E-03
  196   2.3385  6.11E-03 1.508E-02 4.732E-02 2.402E-04 1.147E-02 1.730E-01 3.076E-01 9.251E-01 1.275E+00 3.953E+01 4.633E+00 1.44E-03
  197   2.3446  6.16E-03 1.503E-02 4.724E-02 2.402E-04 1.148E-02 1.727E-01 3.074E-01 9.052E-01 1.266E+00 3.946E+01 4.613E+00 1.44E-03
  198   2.3508  6.21E-03 1.498E-02 4.716E-02 2.402E-04 1.149E-02 1.724E-01 3.071E-01 8.749E-01 1.253E+00 3.938E+01 4.592E+00 1.44E-03
  199   2.3570  6.29E-03 1.493E-02 4.708E-02 2.403E-04 1.149E-02 1.722E-01 3.068E-01 8.886E-01 1.253E+00 3.931E+01 4.572E+00 1.44E-03
  200   2.3633  6.39E-03 1.488E-02 4.699E-02 2.403E-04 1.150E-02 1.719E-01 3.066E-01 9.003E-01 1.256E+00 3.923E+01 4.552E+00 1.44E-03
  201   2.3696  6.46E-03 1.482E-02 4.691E-02 2.403E-04 1.151E-02 1.716E-01 3.063E-01 9.096E-01 1.257E+00 3.915E+01 4.531E+00 1.44E-03
  202   2.3761  6.47E-03 1.477E-02 4.683E-02 2.404E-04 1.152E-02 1.713E-01 3.060E-01 9.161E-01 1.259E+00 3.907E+01 4.510E+00 1.44E-03
  203   2.3826  6.42E-03 1.472E-02 4.674E-02 2.404E-04 1.152E-02 1.710E-01 3.058E-01 9.214E-01 1.261E+00 3.899E+01 4.489E+00 1.44E-03
  204   2.3890  6.39E-03 1.467E-02 4.666E-02 2.405E-04 1.153E-02 1.707E-01 3.055E-01 9.396E-01 1.263E+00 3.891E+01 4.468E+00 1.44E-03
  205   2.3954  6.38E-03 1.461E-02 4.658E-02 2.405E-04 1.154E-02 1.704E-01 3.052E-01 9.550E-01 1.268E+00 3.883E+01 4.448E+00 1.44E-03
  206   2.4018  6.36E-03 1.456E-02 4.650E-02 2.406E-04 1.154E-02 1.701E-01 3.049E-01 9.671E-01 1.275E+00 3.875E+01 4.427E+00 1.44E-03
  207   2.4081  6.35E-03 1.451E-02 4.641E-02 2.406E-04 1.155E-02 1.698E-01 3.047E-01 9.752E-01 1.278E+00 3.867E+01 4.407E+00 1.44E-03
  208   2.4145  6.33E-03 1.446E-02 4.633E-02 2.407E-04 1.155E-02 1.695E-01 3.044E-01 9.791E-01 1.280E+00 3.859E+01 4.387E+00 1.44E-03
  209   2.4208  6.33E-03 1.441E-02 4.625E-02 2.407E-04 1.156E-02 1.692E-01 3.041E-01 9.787E-01 1.279E+00 3.852E+01 4.368E+00 1.44E-03
  210   2.4271  6.32E-03 1.436E-02 4.617E-02 2.408E-04 1.157E-02 1.689E-01 3.039E-01 9.740E-01 1.278E+00 3.844E+01 4.348E+00 1.44E-03
  211   2.4335  6.31E-03 1.431E-02 4.609E-02 2.408E-04 1.157E-02 1.686E-01 3.036E-01 9.656E-01 1.275E+00 3.836E+01 4.329E+00 1.45E-03
  212   2.4398  6.30E-03 1.426E-02 4.601E-02 2.409E-04 1.158E-02 1.683E-01 3.034E-01 9.541E-01 1.272E+00 3.828E+01 4.310E+00 1.45E-03
  213   2.4461  6.27E-03 1.420E-02 4.594E-02 2.410E-04 1.158E-02 1.680E-01 3.031E-01 9.518E-01 1.268E+00 3.820E+01 4.291E+00 1.45E-03
  214   2.4523  6.22E-03 1.415E-02 4.586E-02 2.410E-04 1.159E-02 1.677E-01 3.028E-01 9.494E-01 1.263E+00 3.812E+01 4.272E+00 1.45E-03
  215   2.4586  6.17E-03 1.411E-02 4.578E-02 2.411E-04 1.159E-02 1.674E-01 3.026E-01 9.409E-01 1.269E+00 3.804E+01 4.253E+00 1.45E-03
  216   2.4647  6.14E-03 1.406E-02 4.570E-02 2.411E-04 1.160E-02 1.671E-01 3.023E-01 9.274E-01 1.275E+00 3.797E+01 4.234E+00 1.45E-03
  217   2.4709  6.11E-03 1.401E-02 4.563E-02 2.412E-04 1.160E-02 1.669E-01 3.021E-01 9.102E-01 1.278E+00 3.789E+01 4.216E+00 1.45E-03
  218   2.4770  6.03E-03 1.396E-02 4.555E-02 2.413E-04 1.161E-02 1.666E-01 3.018E-01 8.907E-01 1.278E+00 3.781E+01 4.197E+00 1.45E-03
  219   2.4830  5.94E-03 1.391E-02 4.548E-02 2.413E-04 1.161E-02 1.663E-01 3.016E-01 8.701E-01 1.276E+00 3.774E+01 4.179E+00 1.45E-03
  220   2.4889  5.88E-03 1.387E-02 4.541E-02 2.414E-04 1.162E-02 1.660E-01 3.014E-01 8.575E-01 1.272E+00 3.766E+01 4.161E+00 1.45E-03
  221   2.4948  5.85E-03 1.382E-02 4.533E-02 2.414E-04 1.162E-02 1.658E-01 3.011E-01 8.634E-01 1.266E+00 3.759E+01 4.144E+00 1.45E-03
  222   2.5007  5.83E-03 1.377E-02 4.526E-02 2.415E-04 1.163E-02 1.655E-01 3.009E-01 8.634E-01 1.260E+00 3.752E+01 4.127E+00 1.45E-03
  223   2.5065  5.83E-03 1.373E-02 4.519E-02 2.415E-04 1.163E-02 1.652E-01 3.006E-01 8.565E-01 1.253E+00 3.744E+01 4.111E+00 1.45E-03
  224   2.5123  5.83E-03 1.368E-02 4.512E-02 2.416E-04 1.163E-02 1.649E-01 3.004E-01 8.411E-01 1.246E+00 3.737E+01 4.094E+00 1.45E-03
  225   2.5182  5.84E-03 1.364E-02 4.505E-02 2.416E-04 1.164E-02 1.647E-01 3.002E-01 8.560E-01 1.239E+00 3.730E+01 4.078E+00 1.45E-03
  226   2.5240  5.85E-03 1.359E-02 4.498E-02 2.417E-04 1.164E-02 1.644E-01 2.999E-01 8.685E-01 1.239E+00 3.722E+01 4.062E+00 1.45E-03
  227   2.5299  5.87E-03 1.355E-02 4.491E-02 2.417E-04 1.165E-02 1.641E-01 2.997E-01 8.747E-01 1.240E+00 3.715E+01 4.045E+00 1.45E-03
  228   2.5357  5.89E-03 1.350E-02 4.484E-02 2.417E-04 1.165E-02 1.639E-01 2.995E-01 8.916E-01 1.241E+00 3.708E+01 4.029E+00 1.45E-03
  229   2.5416  5.93E-03 1.346E-02 4.477E-02 2.418E-04 1.165E-02 1.636E-01 2.992E-01 8.992E-01 1.248E+00 3.700E+01 4.012E+00 1.45E-03
  230   2.5475  5.98E-03 1.341E-02 4.470E-02 2.418E-04 1.166E-02 1.633E-01 2.990E-01 8.969E-01 1.258E+00 3.693E+01 3.995E+00 1.45E-03
  231   2.5535  6.02E-03 1.337E-02 4.463E-02 2.418E-04 1.166E-02 1.631E-01 2.988E-01 8.852E-01 1.266E+00 3.685E+01 3.979E+00 1.45E-03
  232   2.5596  6.06E-03 1.332E-02 4.456E-02 2.418E-04 1.167E-02 1.628E-01 2.985E-01 8.651E-01 1.272E+00 3.678E+01 3.962E+00 1.45E-03
  233   2.5656  6.11E-03 1.328E-02 4.449E-02 2.418E-04 1.167E-02 1.625E-01 2.983E-01 8.400E-01 1.276E+00 3.670E+01 3.945E+00 1.45E-03
  234   2.5717  6.16E-03 1.323E-02 4.442E-02 2.419E-04 1.167E-02 1.622E-01 2.981E-01 8.527E-01 1.277E+00 3.662E+01 3.928E+00 1.45E-03
  235   2.5779  6.21E-03 1.319E-02 4.435E-02 2.419E-04 1.168E-02 1.620E-01 2.978E-01 8.614E-01 1.276E+00 3.655E+01 3.911E+00 1.45E-03
  236   2.5841  6.26E-03 1.314E-02 4.428E-02 2.419E-04 1.168E-02 1.617E-01 2.976E-01 8.663E-01 1.284E+00 3.647E+01 3.894E+00 1.45E-03
  237   2.5903  6.31E-03 1.309E-02 4.420E-02 2.419E-04 1.168E-02 1.614E-01 2.973E-01 8.679E-01 1.292E+00 3.639E+01 3.877E+00 1.45E-03
  238   2.5966  6.36E-03 1.305E-02 4.413E-02 2.419E-04 1.169E-02 1.611E-01 2.971E-01 8.666E-01 1.302E+00 3.631E+01 3.860E+00 1.45E-03
  239   2.6030  6.42E-03 1.300E-02 4.406E-02 2.419E-04 1.169E-02 1.608E-01 2.968E-01 8.635E-01 1.311E+00 3.623E+01 3.843E+00 1.45E-03
  240   2.6094  6.49E-03 1.295E-02 4.399E-02 2.419E-04 1.169E-02 1.605E-01 2.966E-01 8.592E-01 1.317E+00 3.615E+01 3.825E+00 1.45E-03
  241   2.6159  6.56E-03 1.291E-02 4.391E-02 2.419E-04 1.170E-02 1.603E-01 2.963E-01 8.545E-01 1.320E+00 3.607E+01 3.808E+00 1.45E-03
  242   2.6225  6.61E-03 1.286E-02 4.384E-02 2.419E-04 1.170E-02 1.600E-01 2.961E-01 8.515E-01 1.319E+00 3.599E+01 3.790E+00 1.45E-03
  243   2.6291  6.58E-03 1.281E-02 4.376E-02 2.419E-04 1.170E-02 1.597E-01 2.958E-01 8.610E-01 1.314E+00 3.591E+01 3.772E+00 1.45E-03
  244   2.6357  6.56E-03 1.276E-02 4.369E-02 2.419E-04 1.171E-02 1.594E-01 2.956E-01 8.620E-01 1.306E+00 3.582E+01 3.755E+00 1.45E-03
  245   2.6422  6.54E-03 1.272E-02 4.361E-02 2.419E-04 1.171E-02 1.591E-01 2.953E-01 8.537E-01 1.298E+00 3.574E+01 3.737E+00 1.45E-03
  246   2.6488  6.53E-03 1.267E-02 4.354E-02 2.419E-04 1.171E-02 1.588E-01 2.951E-01 8.502E-01 1.291E+00 3.566E+01 3.720E+00 1.45E-03
  247   2.6553  6.51E-03 1.262E-02 4.347E-02 2.418E-04 1.172E-02 1.585E-01 2.948E-01 8.477E-01 1.283E+00 3.558E+01 3.703E+00 1.45E-03
  248   2.6618  6.46E-03 1.258E-02 4.339E-02 2.418E-04 1.172E-02 1.582E-01 2.946E-01 8.344E-01 1.277E+00 3.550E+01 3.686E+00 1.45E-03
  249   2.6683  6.40E-03 1.253E-02 4.332E-02 2.418E-04 1.172E-02 1.579E-01 2.944E-01 8.390E-01 1.271E+00 3.542E+01 3.669E+00 1.45E-03
  250   2.6747  6.36E-03 1.248E-02 4.325E-02 2.418E-04 1.172E-02 1.576E-01 2.941E-01 8.423E-01 1.265E+00 3.534E+01 3.653E+00 1.45E-03
  251   2.6810  6.36E-03 1.244E-02 4.318E-02 2.418E-04 1.173E-02 1.574E-01 2.939E-01 8.432E-01 1.260E+00 3.526E+01 3.636E+00 1.45E-03
  252   2.6874  6.39E-03 1.240E-02 4.311E-02 2.418E-04 1.173E-02 1.571E-01 2.936E-01 8.414E-01 1.256E+00 3.518E+01 3.621E+00 1.45E-03
  253   2.6938  6.45E-03 1.235E-02 4.304E-02 2.418E-04 1.173E-02 1.568E-01 2.934E-01 8.365E-01 1.252E+00 3.510E+01 3.605E+00 1.45E-03
  254   2.7002  6.50E-03 1.231E-02 4.297E-02 2.417E-04 1.173E-02 1.565E-01 2.932E-01 8.284E-01 1.247E+00 3.502E+01 3.589E+00 1.45E-03
  255   2.7067  6.50E-03 1.226E-02 4.290E-02 2.417E-04 1.173E-02 1.563E-01 2.929E-01 8.169E-01 1.242E+00 3.494E+01 3.573E+00 1.45E-03
  256   2.7132  6.50E-03 1.222E-02 4.283E-02 2.417E-04 1.174E-02 1.560E-01 2.927E-01 8.024E-01 1.251E+00 3.486E+01 3.557E+00 1.45E-03
  257   2.7197  6.50E-03 1.217E-02 4.276E-02 2.417E-04 1.174E-02 1.557E-01 2.924E-01 7.851E-01 1.269E+00 3.478E+01 3.541E+00 1.45E-03
  258   2.7262  6.49E-03 1.213E-02 4.269E-02 2.417E-04 1.174E-02 1.554E-01 2.922E-01 7.726E-01 1.284E+00 3.470E+01 3.525E+00 1.45E-03
  259   2.7327  6.48E-03 1.208E-02 4.262E-02 2.417E-04 1.174E-02 1.551E-01 2.920E-01 7.666E-01 1.295E+00 3.462E+01 3.509E+00 1.45E-03
  260   2.7392  6.47E-03 1.204E-02 4.255E-02 2.416E-04 1.174E-02 1.549E-01 2.917E-01 7.732E-01 1.302E+00 3.454E+01 3.494E+00 1.45E-03
  261   2.7456  6.45E-03 1.200E-02 4.248E-02 2.416E-04 1.175E-02 1.546E-01 2.915E-01 7.746E-01 1.307E+00 3.446E+01 3.478E+00 1.45E-03
  262   2.7521  6.44E-03 1.195E-02 4.241E-02 2.416E-04 1.175E-02 1.543E-01 2.912E-01 7.823E-01 1.309E+00 3.438E+01 3.462E+00 1.45E-03
  263   2.7585  6.44E-03 1.191E-02 4.234E-02 2.416E-04 1.175E-02 1.540E-01 2.910E-01 7.962E-01 1.310E+00 3.430E+01 3.446E+00 1.45E-03
  264   2.7650  6.43E-03 1.187E-02 4.228E-02 2.416E-04 1.175E-02 1.537E-01 2.908E-01 8.034E-01 1.309E+00 3.422E+01 3.431E+00 1.45E-03
  265   2.7714  6.44E-03 1.183E-02 4.221E-02 2.416E-04 1.175E-02 1.535E-01 2.905E-01 8.031E-01 1.308E+00 3.414E+01 3.416E+00 1.45E-03
  266   2.7779  6.45E-03 1.178E-02 4.214E-02 2.416E-04 1.175E-02 1.532E-01 2.903E-01 7.953E-01 1.306E+00 3.406E+01 3.400E+00 1.45E-03
  267   2.7843  6.47E-03 1.174E-02 4.207E-02 2.416E-04 1.175E-02 1.529E-01 2.901E-01 8.048E-01 1.304E+00 3.398E+01 3.385E+00 1.45E-03
  268   2.7908  6.49E-03 1.170E-02 4.200E-02 2.416E-04 1.175E-02 1.527E-01 2.898E-01 8.239E-01 1.301E+00 3.390E+01 3.370E+00 1.45E-03
  269   2.7973  6.51E-03 1.166E-02 4.194E-02 2.416E-04 1.176E-02 1.524E-01 2.896E-01 8.300E-01 1.298E+00 3.382E+01 3.356E+00 1.45E-03
  270   2.8038  6.54E-03 1.161E-02 4.187E-02 2.416E-04 1.176E-02 1.521E-01 2.894E-01 8.231E-01 1.293E+00 3.374E+01 3.341E+00 1.45E-03
  271   2.8103  6.58E-03 1.157E-02 4.180E-02 2.416E-04 1.176E-02 1.518E-01 2.891E-01 8.051E-01 1.287E+00 3.366E+01 3.326E+00 1.45E-03
  272   2.8169  6.62E-03 1.153E-02 4.173E-02 2.416E-04 1.176E-02 1.516E-01 2.889E-01 7.976E-01 1.280E+00 3.358E+01 3.311E+00 1.45E-03
  273   2.8235  6.66E-03 1.149E-02 4.167E-02 2.416E-04 1.176E-02 1.513E-01 2.887E-01 8.290E-01 1.273E+00 3.350E+01 3.296E+00 1.45E-03
  274   2.8302  6.71E-03 1.144E-02 4.160E-02 2.416E-04 1.176E-02 1.510E-01 2.884E-01 8.467E-01 1.267E+00 3.341E+01 3.281E+00 1.45E-03
  275   2.8369  6.66E-03 1.140E-02 4.153E-02 2.416E-04 1.176E-02 1.507E-01 2.882E-01 8.489E-01 1.263E+00 3.333E+01 3.266E+00 1.45E-03
  276   2.8435  6.61E-03 1.136E-02 4.146E-02 2.416E-04 1.176E-02 1.505E-01 2.880E-01 8.365E-01 1.260E+00 3.325E+01 3.251E+00 1.45E-03
  277   2.8502  6.57E-03 1.132E-02 4.140E-02 2.416E-04 1.176E-02 1.502E-01 2.877E-01 8.133E-01 1.259E+00 3.317E+01 3.236E+00 1.45E-03
  278   2.8567  6.54E-03 1.128E-02 4.133E-02 2.416E-04 1.176E-02 1.499E-01 2.875E-01 7.893E-01 1.258E+00 3.309E+01 3.222E+00 1.45E-03
  279   2.8633  6.52E-03 1.124E-02 4.126E-02 2.416E-04 1.176E-02 1.496E-01 2.873E-01 8.139E-01 1.257E+00 3.301E+01 3.207E+00 1.45E-03
  280   2.8698  6.51E-03 1.120E-02 4.120E-02 2.416E-04 1.176E-02 1.494E-01 2.870E-01 8.314E-01 1.254E+00 3.293E+01 3.193E+00 1.45E-03
  281   2.8763  6.50E-03 1.115E-02 4.113E-02 2.416E-04 1.176E-02 1.491E-01 2.868E-01 8.382E-01 1.250E+00 3.285E+01 3.179E+00 1.45E-03
  282   2.8828  6.50E-03 1.111E-02 4.107E-02 2.416E-04 1.176E-02 1.488E-01 2.866E-01 8.320E-01 1.248E+00 3.277E+01 3.165E+00 1.45E-03
  283   2.8893  6.48E-03 1.107E-02 4.100E-02 2.417E-04 1.176E-02 1.486E-01 2.864E-01 8.125E-01 1.247E+00 3.270E+01 3.151E+00 1.45E-03
  284   2.8958  6.45E-03 1.104E-02 4.094E-02 2.417E-04 1.176E-02 1.483E-01 2.861E-01 7.816E-01 1.245E+00 3.262E+01 3.137E+00 1.45E-03
  285   2.9022  6.42E-03 1.100E-02 4.088E-02 2.417E-04 1.176E-02 1.481E-01 2.859E-01 7.987E-01 1.242E+00 3.254E+01 3.124E+00 1.45E-03
  286   2.9086  6.39E-03 1.096E-02 4.081E-02 2.418E-04 1.176E-02 1.478E-01 2.857E-01 8.100E-01 1.239E+00 3.246E+01 3.110E+00 1.45E-03
  287   2.9150  6.36E-03 1.092E-02 4.075E-02 2.418E-04 1.175E-02 1.475E-01 2.855E-01 8.149E-01 1.244E+00 3.239E+01 3.097E+00 1.45E-03
  288   2.9214  6.34E-03 1.088E-02 4.069E-02 2.419E-04 1.175E-02 1.473E-01 2.853E-01 8.138E-01 1.249E+00 3.231E+01 3.084E+00 1.45E-03
  289   2.9277  6.31E-03 1.084E-02 4.063E-02 2.419E-04 1.175E-02 1.470E-01 2.850E-01 8.138E-01 1.253E+00 3.223E+01 3.071E+00 1.45E-03
  290   2.9340  6.30E-03 1.081E-02 4.056E-02 2.420E-04 1.175E-02 1.468E-01 2.848E-01 8.185E-01 1.256E+00 3.216E+01 3.058E+00 1.45E-03
  291   2.9403  6.28E-03 1.077E-02 4.050E-02 2.420E-04 1.175E-02 1.465E-01 2.846E-01 7.972E-01 1.257E+00 3.208E+01 3.045E+00 1.45E-03
  292   2.9466  6.26E-03 1.073E-02 4.044E-02 2.421E-04 1.175E-02 1.463E-01 2.844E-01 7.880E-01 1.258E+00 3.201E+01 3.032E+00 1.45E-03
  293   2.9529  6.25E-03 1.069E-02 4.038E-02 2.421E-04 1.175E-02 1.460E-01 2.842E-01 7.803E-01 1.262E+00 3.193E+01 3.019E+00 1.45E-03
  294   2.9591  6.24E-03 1.066E-02 4.032E-02 2.422E-04 1.175E-02 1.458E-01 2.840E-01 7.833E-01 1.265E+00 3.186E+01 3.007E+00 1.45E-03
  295   2.9654  6.23E-03 1.062E-02 4.026E-02 2.423E-04 1.175E-02 1.455E-01 2.838E-01 8.285E-01 1.267E+00 3.179E+01 2.994E+00 1.45E-03
  296   2.9716  6.22E-03 1.059E-02 4.020E-02 2.423E-04 1.174E-02 1.453E-01 2.836E-01 8.503E-01 1.268E+00 3.171E+01 2.982E+00 1.45E-03
  297   2.9778  6.21E-03 1.055E-02 4.014E-02 2.424E-04 1.174E-02 1.450E-01 2.834E-01 8.482E-01 1.269E+00 3.164E+01 2.970E+00 1.45E-03
  298   2.9840  6.22E-03 1.051E-02 4.009E-02 2.425E-04 1.174E-02 1.448E-01 2.831E-01 8.254E-01 1.270E+00 3.157E+01 2.958E+00 1.45E-03
  299   2.9902  6.23E-03 1.048E-02 4.003E-02 2.425E-04 1.174E-02 1.446E-01 2.829E-01 7.873E-01 1.271E+00 3.149E+01 2.946E+00 1.46E-03
  300   2.9965  6.15E-03 1.044E-02 3.997E-02 2.426E-04 1.174E-02 1.443E-01 2.827E-01 7.932E-01 1.275E+00 3.142E+01 2.934E+00 1.46E-03
  301   3.0026  5.99E-03 1.041E-02 3.991E-02 2.427E-04 1.174E-02 1.441E-01 2.825E-01 8.020E-01 1.278E+00 3.135E+01 2.922E+00 1.46E-03
  302   3.0086  5.87E-03 1.038E-02 3.985E-02 2.427E-04 1.174E-02 1.439E-01 2.823E-01 8.044E-01 1.278E+00 3.128E+01 2.910E+00 1.46E-03
  303   3.0145  5.77E-03 1.034E-02 3.980E-02 2.428E-04 1.173E-02 1.436E-01 2.821E-01 8.013E-01 1.277E+00 3.121E+01 2.899E+00 1.46E-03
  304   3.0203  5.71E-03 1.031E-02 3.975E-02 2.428E-04 1.173E-02 1.434E-01 2.819E-01 7.930E-01 1.273E+00 3.114E+01 2.889E+00 1.46E-03
  305   3.0260  5.67E-03 1.028E-02 3.969E-02 2.429E-04 1.173E-02 1.432E-01 2.818E-01 8.153E-01 1.269E+00 3.108E+01 2.878E+00 1.46E-03
  306   3.0316  5.68E-03 1.025E-02 3.964E-02 2.429E-04 1.173E-02 1.430E-01 2.816E-01 8.338E-01 1.263E+00 3.101E+01 2.868E+00 1.46E-03
  307   3.0373  5.65E-03 1.022E-02 3.959E-02 2.430E-04 1.173E-02 1.428E-01 2.814E-01 8.497E-01 1.258E+00 3.095E+01 2.857E+00 1.46E-03
  308   3.0430  5.42E-03 1.019E-02 3.954E-02 2.430E-04 1.172E-02 1.425E-01 2.812E-01 8.471E-01 1.252E+00 3.088E+01 2.847E+00 1.46E-03
  309   3.0484  5.26E-03 1.016E-02 3.949E-02 2.431E-04 1.172E-02 1.423E-01 2.810E-01 8.292E-01 1.247E+00 3.082E+01 2.837E+00 1.46E-03
  310   3.0536  5.18E-03 1.013E-02 3.944E-02 2.431E-04 1.172E-02 1.421E-01 2.809E-01 8.029E-01 1.242E+00 3.076E+01 2.828E+00 1.46E-03
  311   3.0588  5.16E-03 1.010E-02 3.939E-02 2.432E-04 1.172E-02 1.419E-01 2.807E-01 7.815E-01 1.238E+00 3.070E+01 2.819E+00 1.46E-03
  312   3.0640  5.19E-03 1.007E-02 3.934E-02 2.432E-04 1.172E-02 1.418E-01 2.805E-01 7.833E-01 1.234E+00 3.064E+01 2.810E+00 1.46E-03
  313   3.0692  5.25E-03 1.004E-02 3.930E-02 2.433E-04 1.172E-02 1.416E-01 2.803E-01 7.847E-01 1.231E+00 3.058E+01 2.800E+00 1.46E-03
  314   3.0744  5.35E-03 1.002E-02 3.925E-02 2.433E-04 1.171E-02 1.414E-01 2.802E-01 7.854E-01 1.236E+00 3.052E+01 2.791E+00 1.46E-03
  315   3.0798  5.50E-03 9.987E-03 3.920E-02 2.433E-04 1.171E-02 1.412E-01 2.800E-01 8.051E-01 1.241E+00 3.046E+01 2.782E+00 1.46E-03
  316   3.0853  5.58E-03 9.958E-03 3.915E-02 2.434E-04 1.171E-02 1.410E-01 2.798E-01 8.402E-01 1.244E+00 3.039E+01 2.772E+00 1.46E-03
  317   3.0909  5.61E-03 9.928E-03 3.910E-02 2.434E-04 1.171E-02 1.407E-01 2.797E-01 8.728E-01 1.247E+00 3.033E+01 2.762E+00 1.46E-03
  318   3.0965  5.69E-03 9.898E-03 3.905E-02 2.435E-04 1.171E-02 1.405E-01 2.795E-01 8.983E-01 1.248E+00 3.027E+01 2.752E+00 1.46E-03
  319   3.1022  5.78E-03 9.868E-03 3.900E-02 2.435E-04 1.171E-02 1.403E-01 2.793E-01 9.139E-01 1.248E+00 3.020E+01 2.742E+00 1.46E-03
  320   3.1079  5.86E-03 9.838E-03 3.895E-02 2.435E-04 1.170E-02 1.401E-01 2.791E-01 9.181E-01 1.249E+00 3.014E+01 2.732E+00 1.46E-03
  321   3.1138  5.89E-03 9.808E-03 3.890E-02 2.435E-04 1.170E-02 1.399E-01 2.789E-01 9.737E-01 1.249E+00 3.007E+01 2.722E+00 1.46E-03
  322   3.1197  5.88E-03 9.777E-03 3.885E-02 2.436E-04 1.170E-02 1.397E-01 2.787E-01 1.028E+00 1.250E+00 3.000E+01 2.712E+00 1.46E-03
  323   3.1256  5.87E-03 9.747E-03 3.879E-02 2.436E-04 1.170E-02 1.395E-01 2.785E-01 1.073E+00 1.251E+00 2.994E+01 2.701E+00 1.46E-03
  324   3.1314  5.87E-03 9.716E-03 3.874E-02 2.436E-04 1.170E-02 1.393E-01 2.784E-01 1.107E+00 1.253E+00 2.987E+01 2.691E+00 1.46E-03
  325   3.1373  5.87E-03 9.686E-03 3.869E-02 2.436E-04 1.169E-02 1.390E-01 2.782E-01 1.125E+00 1.255E+00 2.980E+01 2.681E+00 1.46E-03
  326   3.1432  5.87E-03 9.656E-03 3.864E-02 2.436E-04 1.169E-02 1.388E-01 2.780E-01 1.127E+00 1.257E+00 2.974E+01 2.671E+00 1.46E-03
  327   3.1490  5.88E-03 9.626E-03 3.859E-02 2.436E-04 1.169E-02 1.386E-01 2.778E-01 1.111E+00 1.259E+00 2.967E+01 2.661E+00 1.46E-03
  328   3.1549  5.90E-03 9.597E-03 3.854E-02 2.436E-04 1.169E-02 1.384E-01 2.776E-01 1.138E+00 1.261E+00 2.961E+01 2.651E+00 1.46E-03
  329   3.1608  5.90E-03 9.567E-03 3.849E-02 2.435E-04 1.168E-02 1.382E-01 2.774E-01 1.171E+00 1.263E+00 2.954E+01 2.642E+00 1.46E-03
  330   3.1667  5.86E-03 9.537E-03 3.843E-02 2.435E-04 1.168E-02 1.380E-01 2.773E-01 1.181E+00 1.265E+00 2.948E+01 2.632E+00 1.46E-03
  331   3.1726  5.91E-03 9.508E-03 3.838E-02 2.435E-04 1.168E-02 1.378E-01 2.771E-01 1.168E+00 1.267E+00 2.941E+01 2.622E+00 1.46E-03
  332   3.1785  6.03E-03 9.479E-03 3.833E-02 2.435E-04 1.168E-02 1.376E-01 2.769E-01 1.134E+00 1.268E+00 2.935E+01 2.613E+00 1.46E-03
  333   3.1845  6.12E-03 9.449E-03 3.828E-02 2.434E-04 1.168E-02 1.373E-01 2.767E-01 1.087E+00 1.270E+00 2.928E+01 2.603E+00 1.46E-03
  334   3.1907  6.04E-03 9.419E-03 3.823E-02 2.434E-04 1.167E-02 1.371E-01 2.765E-01 1.036E+00 1.270E+00 2.921E+01 2.593E+00 1.46E-03
  335   3.1967  5.96E-03 9.389E-03 3.818E-02 2.434E-04 1.167E-02 1.369E-01 2.763E-01 9.877E-01 1.270E+00 2.915E+01 2.583E+00 1.46E-03
  336   3.2027  5.89E-03 9.360E-03 3.813E-02 2.433E-04 1.167E-02 1.367E-01 2.761E-01 9.461E-01 1.268E+00 2.908E+01 2.573E+00 1.46E-03
  337   3.2085  5.83E-03 9.331E-03 3.808E-02 2.433E-04 1.167E-02 1.365E-01 2.760E-01 9.122E-01 1.265E+00 2.902E+01 2.564E+00 1.46E-03
  338   3.2144  5.77E-03 9.303E-03 3.803E-02 2.433E-04 1.166E-02 1.363E-01 2.758E-01 8.850E-01 1.261E+00 2.895E+01 2.554E+00 1.46E-03
  339   3.2201  5.72E-03 9.275E-03 3.798E-02 2.432E-04 1.166E-02 1.361E-01 2.756E-01 8.625E-01 1.256E+00 2.889E+01 2.545E+00 1.46E-03
  340   3.2259  5.69E-03 9.248E-03 3.793E-02 2.432E-04 1.166E-02 1.359E-01 2.754E-01 8.420E-01 1.255E+00 2.883E+01 2.536E+00 1.46E-03
  341   3.2316  5.66E-03 9.220E-03 3.788E-02 2.432E-04 1.166E-02 1.357E-01 2.753E-01 8.232E-01 1.257E+00 2.876E+01 2.527E+00 1.46E-03
  342   3.2372  5.64E-03 9.194E-03 3.784E-02 2.432E-04 1.166E-02 1.355E-01 2.751E-01 8.083E-01 1.259E+00 2.870E+01 2.518E+00 1.46E-03
  343   3.2428  5.63E-03 9.167E-03 3.779E-02 2.432E-04 1.165E-02 1.353E-01 2.749E-01 8.055E-01 1.260E+00 2.864E+01 2.510E+00 1.46E-03
  344   3.2485  5.62E-03 9.140E-03 3.774E-02 2.432E-04 1.165E-02 1.351E-01 2.747E-01 8.109E-01 1.261E+00 2.858E+01 2.501E+00 1.46E-03
  345   3.2541  5.62E-03 9.114E-03 3.770E-02 2.432E-04 1.165E-02 1.349E-01 2.746E-01 8.193E-01 1.260E+00 2.852E+01 2.492E+00 1.46E-03
  346   3.2597  5.62E-03 9.088E-03 3.765E-02 2.432E-04 1.165E-02 1.347E-01 2.744E-01 8.286E-01 1.259E+00 2.846E+01 2.484E+00 1.46E-03
  347   3.2653  5.63E-03 9.061E-03 3.760E-02 2.432E-04 1.164E-02 1.345E-01 2.742E-01 8.368E-01 1.258E+00 2.840E+01 2.475E+00 1.46E-03
  348   3.2710  5.64E-03 9.035E-03 3.756E-02 2.432E-04 1.164E-02 1.343E-01 2.741E-01 8.412E-01 1.256E+00 2.834E+01 2.467E+00 1.46E-03
  349   3.2766  5.65E-03 9.009E-03 3.751E-02 2.432E-04 1.164E-02 1.341E-01 2.739E-01 8.400E-01 1.254E+00 2.828E+01 2.458E+00 1.46E-03
  350   3.2822  5.67E-03 8.983E-03 3.746E-02 2.432E-04 1.164E-02 1.339E-01 2.737E-01 8.329E-01 1.251E+00 2.822E+01 2.450E+00 1.46E-03
  351   3.2879  5.68E-03 8.957E-03 3.742E-02 2.433E-04 1.163E-02 1.337E-01 2.736E-01 8.207E-01 1.249E+00 2.816E+01 2.441E+00 1.46E-03
  352   3.2936  5.70E-03 8.931E-03 3.737E-02 2.433E-04 1.163E-02 1.336E-01 2.734E-01 8.055E-01 1.250E+00 2.810E+01 2.433E+00 1.46E-03
  353   3.2993  5.72E-03 8.905E-03 3.733E-02 2.433E-04 1.163E-02 1.334E-01 2.732E-01 7.893E-01 1.250E+00 2.804E+01 2.425E+00 1.46E-03
  354   3.3050  5.75E-03 8.880E-03 3.728E-02 2.434E-04 1.163E-02 1.332E-01 2.731E-01 7.722E-01 1.249E+00 2.798E+01 2.416E+00 1.46E-03
  355   3.3108  5.77E-03 8.854E-03 3.723E-02 2.434E-04 1.162E-02 1.330E-01 2.729E-01 7.543E-01 1.247E+00 2.792E+01 2.408E+00 1.46E-03
  356   3.3165  5.79E-03 8.828E-03 3.719E-02 2.434E-04 1.162E-02 1.328E-01 2.727E-01 7.347E-01 1.243E+00 2.786E+01 2.399E+00 1.46E-03
  357   3.3223  5.82E-03 8.802E-03 3.714E-02 2.434E-04 1.162E-02 1.326E-01 2.725E-01 7.289E-01 1.245E+00 2.779E+01 2.391E+00 1.46E-03
  358   3.3281  5.85E-03 8.776E-03 3.709E-02 2.435E-04 1.162E-02 1.324E-01 2.724E-01 7.399E-01 1.248E+00 2.773E+01 2.383E+00 1.46E-03
  359   3.3340  5.88E-03 8.750E-03 3.705E-02 2.435E-04 1.161E-02 1.322E-01 2.722E-01 7.450E-01 1.250E+00 2.767E+01 2.374E+00 1.46E-03
  360   3.3399  5.92E-03 8.724E-03 3.700E-02 2.435E-04 1.161E-02 1.320E-01 2.720E-01 7.436E-01 1.250E+00 2.761E+01 2.366E+00 1.46E-03
  361   3.3458  5.96E-03 8.698E-03 3.695E-02 2.436E-04 1.161E-02 1.318E-01 2.719E-01 7.357E-01 1.249E+00 2.755E+01 2.357E+00 1.46E-03
  362   3.3518  6.00E-03 8.672E-03 3.691E-02 2.436E-04 1.161E-02 1.316E-01 2.717E-01 7.221E-01 1.246E+00 2.749E+01 2.349E+00 1.46E-03
  363   3.3578  6.04E-03 8.646E-03 3.686E-02 2.436E-04 1.160E-02 1.314E-01 2.715E-01 7.291E-01 1.244E+00 2.743E+01 2.340E+00 1.46E-03
  364   3.3638  6.09E-03 8.619E-03 3.681E-02 2.437E-04 1.160E-02 1.312E-01 2.713E-01 7.432E-01 1.244E+00 2.736E+01 2.332E+00 1.46E-03
  365   3.3699  6.14E-03 8.593E-03 3.676E-02 2.437E-04 1.160E-02 1.310E-01 2.712E-01 7.511E-01 1.244E+00 2.730E+01 2.323E+00 1.46E-03
  366   3.3760  6.19E-03 8.567E-03 3.672E-02 2.437E-04 1.159E-02 1.308E-01 2.710E-01 7.526E-01 1.243E+00 2.724E+01 2.315E+00 1.46E-03
  367   3.3822  6.23E-03 8.540E-03 3.667E-02 2.438E-04 1.159E-02 1.306E-01 2.708E-01 7.481E-01 1.243E+00 2.717E+01 2.306E+00 1.46E-03
  368   3.3884  6.28E-03 8.513E-03 3.662E-02 2.438E-04 1.159E-02 1.304E-01 2.706E-01 7.384E-01 1.244E+00 2.711E+01 2.297E+00 1.46E-03
  369   3.3947  6.31E-03 8.487E-03 3.657E-02 2.438E-04 1.159E-02 1.302E-01 2.704E-01 7.242E-01 1.248E+00 2.705E+01 2.288E+00 1.46E-03
  370   3.4010  6.35E-03 8.460E-03 3.652E-02 2.438E-04 1.158E-02 1.300E-01 2.703E-01 7.066E-01 1.252E+00 2.698E+01 2.279E+00 1.46E-03
  371   3.4074  6.37E-03 8.433E-03 3.647E-02 2.438E-04 1.158E-02 1.298E-01 2.701E-01 7.252E-01 1.255E+00 2.692E+01 2.270E+00 1.46E-03
  372   3.4138  6.36E-03 8.406E-03 3.642E-02 2.438E-04 1.158E-02 1.296E-01 2.699E-01 7.380E-01 1.257E+00 2.685E+01 2.261E+00 1.46E-03
  373   3.4201  6.30E-03 8.380E-03 3.637E-02 2.438E-04 1.157E-02 1.294E-01 2.697E-01 7.426E-01 1.258E+00 2.679E+01 2.253E+00 1.46E-03
  374   3.4264  6.23E-03 8.354E-03 3.633E-02 2.438E-04 1.157E-02 1.292E-01 2.695E-01 7.386E-01 1.257E+00 2.672E+01 2.244E+00 1.46E-03
  375   3.4326  6.16E-03 8.328E-03 3.628E-02 2.438E-04 1.157E-02 1.290E-01 2.694E-01 7.260E-01 1.254E+00 2.666E+01 2.236E+00 1.46E-03
  376   3.4388  6.10E-03 8.303E-03 3.623E-02 2.438E-04 1.157E-02 1.288E-01 2.692E-01 7.056E-01 1.249E+00 2.660E+01 2.228E+00 1.46E-03
  377   3.4449  6.03E-03 8.278E-03 3.619E-02 2.438E-04 1.156E-02 1.286E-01 2.690E-01 6.914E-01 1.243E+00 2.654E+01 2.220E+00 1.46E-03
  378   3.4509  5.97E-03 8.253E-03 3.614E-02 2.438E-04 1.156E-02 1.284E-01 2.689E-01 7.039E-01 1.238E+00 2.648E+01 2.212E+00 1.46E-03
  379   3.4569  5.91E-03 8.229E-03 3.610E-02 2.437E-04 1.156E-02 1.282E-01 2.687E-01 7.085E-01 1.234E+00 2.642E+01 2.204E+00 1.46E-03
  380   3.4628  5.87E-03 8.205E-03 3.605E-02 2.437E-04 1.155E-02 1.280E-01 2.685E-01 7.046E-01 1.228E+00 2.636E+01 2.197E+00 1.46E-03
  381   3.4687  5.83E-03 8.182E-03 3.601E-02 2.437E-04 1.155E-02 1.279E-01 2.684E-01 6.985E-01 1.225E+00 2.630E+01 2.189E+00 1.46E-03
  382   3.4745  5.81E-03 8.158E-03 3.596E-02 2.437E-04 1.155E-02 1.277E-01 2.682E-01 6.968E-01 1.224E+00 2.624E+01 2.182E+00 1.46E-03
  383   3.4803  5.80E-03 8.135E-03 3.592E-02 2.436E-04 1.155E-02 1.275E-01 2.680E-01 6.965E-01 1.222E+00 2.619E+01 2.174E+00 1.46E-03
  384   3.4861  5.79E-03 8.112E-03 3.588E-02 2.436E-04 1.154E-02 1.273E-01 2.679E-01 7.074E-01 1.218E+00 2.613E+01 2.167E+00 1.46E-03
  385   3.4919  5.80E-03 8.089E-03 3.584E-02 2.436E-04 1.154E-02 1.271E-01 2.677E-01 7.190E-01 1.215E+00 2.607E+01 2.160E+00 1.46E-03
  386   3.4977  5.80E-03 8.066E-03 3.579E-02 2.436E-04 1.154E-02 1.270E-01 2.676E-01 7.240E-01 1.215E+00 2.602E+01 2.153E+00 1.46E-03
  387   3.5035  5.82E-03 8.044E-03 3.575E-02 2.435E-04 1.154E-02 1.268E-01 2.674E-01 7.224E-01 1.216E+00 2.596E+01 2.145E+00 1.46E-03
  388   3.5093  5.83E-03 8.021E-03 3.571E-02 2.435E-04 1.153E-02 1.266E-01 2.672E-01 7.148E-01 1.218E+00 2.590E+01 2.138E+00 1.46E-03
  389   3.5152  5.85E-03 7.998E-03 3.567E-02 2.435E-04 1.153E-02 1.264E-01 2.671E-01 7.021E-01 1.218E+00 2.585E+01 2.131E+00 1.46E-03
  390   3.5210  5.86E-03 7.975E-03 3.562E-02 2.435E-04 1.153E-02 1.263E-01 2.669E-01 7.034E-01 1.218E+00 2.579E+01 2.124E+00 1.46E-03
  391   3.5269  5.88E-03 7.953E-03 3.558E-02 2.435E-04 1.153E-02 1.261E-01 2.668E-01 7.022E-01 1.218E+00 2.573E+01 2.116E+00 1.46E-03
  392   3.5327  5.89E-03 7.930E-03 3.554E-02 2.434E-04 1.152E-02 1.259E-01 2.666E-01 6.983E-01 1.217E+00 2.568E+01 2.109E+00 1.46E-03
  393   3.5386  5.91E-03 7.908E-03 3.550E-02 2.434E-04 1.152E-02 1.257E-01 2.664E-01 6.917E-01 1.217E+00 2.562E+01 2.102E+00 1.46E-03
  394   3.5445  5.93E-03 7.885E-03 3.545E-02 2.434E-04 1.152E-02 1.255E-01 2.663E-01 6.825E-01 1.217E+00 2.556E+01 2.095E+00 1.46E-03
  395   3.5505  5.96E-03 7.862E-03 3.541E-02 2.434E-04 1.151E-02 1.254E-01 2.661E-01 6.852E-01 1.219E+00 2.551E+01 2.088E+00 1.46E-03
  396   3.5564  5.98E-03 7.840E-03 3.537E-02 2.434E-04 1.151E-02 1.252E-01 2.660E-01 6.847E-01 1.222E+00 2.545E+01 2.080E+00 1.46E-03
  397   3.5624  6.02E-03 7.817E-03 3.532E-02 2.434E-04 1.151E-02 1.250E-01 2.658E-01 6.785E-01 1.227E+00 2.539E+01 2.073E+00 1.46E-03
  398   3.5684  6.05E-03 7.795E-03 3.528E-02 2.434E-04 1.151E-02 1.248E-01 2.656E-01 6.815E-01 1.234E+00 2.533E+01 2.066E+00 1.46E-03
  399   3.5745  6.09E-03 7.772E-03 3.524E-02 2.433E-04 1.150E-02 1.246E-01 2.655E-01 6.884E-01 1.241E+00 2.528E+01 2.059E+00 1.46E-03
  400   3.5806  6.14E-03 7.749E-03 3.520E-02 2.433E-04 1.150E-02 1.245E-01 2.653E-01 6.938E-01 1.247E+00 2.522E+01 2.051E+00 1.46E-03
  401   3.5867  6.19E-03 7.727E-03 3.515E-02 2.433E-04 1.150E-02 1.243E-01 2.652E-01 6.975E-01 1.251E+00 2.516E+01 2.044E+00 1.46E-03
  402   3.5929  6.25E-03 7.704E-03 3.511E-02 2.433E-04 1.149E-02 1.241E-01 2.650E-01 6.993E-01 1.257E+00 2.510E+01 2.037E+00 1.46E-03
  403   3.5991  6.31E-03 7.681E-03 3.506E-02 2.433E-04 1.149E-02 1.239E-01 2.648E-01 6.991E-01 1.262E+00 2.505E+01 2.029E+00 1.46E-03
  404   3.6055  6.38E-03 7.658E-03 3.502E-02 2.433E-04 1.149E-02 1.237E-01 2.647E-01 6.967E-01 1.267E+00 2.499E+01 2.022E+00 1.46E-03
  405   3.6118  6.45E-03 7.635E-03 3.498E-02 2.433E-04 1.148E-02 1.235E-01 2.645E-01 6.950E-01 1.271E+00 2.493E+01 2.015E+00 1.46E-03
  406   3.6183  6.52E-03 7.612E-03 3.493E-02 2.433E-04 1.148E-02 1.234E-01 2.643E-01 6.973E-01 1.275E+00 2.487E+01 2.007E+00 1.46E-03
  407   3.6248  6.60E-03 7.588E-03 3.489E-02 2.433E-04 1.148E-02 1.232E-01 2.641E-01 6.984E-01 1.278E+00 2.481E+01 2.000E+00 1.46E-03
  408   3.6314  6.68E-03 7.565E-03 3.484E-02 2.434E-04 1.147E-02 1.230E-01 2.640E-01 6.966E-01 1.279E+00 2.475E+01 1.993E+00 1.46E-03
  409   3.6381  6.71E-03 7.541E-03 3.479E-02 2.434E-04 1.147E-02 1.228E-01 2.638E-01 6.938E-01 1.280E+00 2.468E+01 1.985E+00 1.46E-03
  410   3.6448  6.72E-03 7.517E-03 3.475E-02 2.434E-04 1.147E-02 1.226E-01 2.636E-01 7.019E-01 1.279E+00 2.462E+01 1.977E+00 1.46E-03
  411   3.6515  6.73E-03 7.494E-03 3.470E-02 2.434E-04 1.146E-02 1.224E-01 2.634E-01 7.117E-01 1.278E+00 2.456E+01 1.970E+00 1.46E-03
  412   3.6582  6.74E-03 7.470E-03 3.466E-02 2.434E-04 1.146E-02 1.222E-01 2.633E-01 7.188E-01 1.280E+00 2.450E+01 1.962E+00 1.46E-03
  413   3.6650  6.75E-03 7.446E-03 3.461E-02 2.435E-04 1.146E-02 1.220E-01 2.631E-01 7.233E-01 1.282E+00 2.444E+01 1.955E+00 1.46E-03
  414   3.6717  6.76E-03 7.423E-03 3.456E-02 2.435E-04 1.145E-02 1.218E-01 2.629E-01 7.253E-01 1.282E+00 2.438E+01 1.947E+00 1.46E-03
  415   3.6785  6.75E-03 7.399E-03 3.452E-02 2.435E-04 1.145E-02 1.216E-01 2.628E-01 7.252E-01 1.281E+00 2.432E+01 1.939E+00 1.46E-03
  416   3.6852  6.72E-03 7.376E-03 3.447E-02 2.436E-04 1.145E-02 1.214E-01 2.626E-01 7.232E-01 1.279E+00 2.426E+01 1.932E+00 1.46E-03
  417   3.6920  6.69E-03 7.353E-03 3.443E-02 2.436E-04 1.144E-02 1.213E-01 2.624E-01 7.277E-01 1.277E+00 2.419E+01 1.924E+00 1.46E-03
  418   3.6987  6.67E-03 7.330E-03 3.438E-02 2.436E-04 1.144E-02 1.211E-01 2.622E-01 7.421E-01 1.275E+00 2.413E+01 1.917E+00 1.46E-03
  419   3.7053  6.65E-03 7.308E-03 3.434E-02 2.437E-04 1.144E-02 1.209E-01 2.621E-01 7.460E-01 1.273E+00 2.408E+01 1.910E+00 1.46E-03
  420   3.7120  6.62E-03 7.285E-03 3.429E-02 2.437E-04 1.143E-02 1.207E-01 2.619E-01 7.397E-01 1.271E+00 2.402E+01 1.903E+00 1.46E-03
  421   3.7186  6.60E-03 7.263E-03 3.425E-02 2.437E-04 1.143E-02 1.205E-01 2.617E-01 7.243E-01 1.269E+00 2.396E+01 1.896E+00 1.46E-03
  422   3.7252  6.58E-03 7.241E-03 3.421E-02 2.437E-04 1.143E-02 1.203E-01 2.616E-01 7.148E-01 1.266E+00 2.390E+01 1.889E+00 1.46E-03
  423   3.7318  6.56E-03 7.219E-03 3.416E-02 2.438E-04 1.142E-02 1.202E-01 2.614E-01 7.150E-01 1.264E+00 2.384E+01 1.882E+00 1.46E-03
  424   3.7383  6.55E-03 7.197E-03 3.412E-02 2.438E-04 1.142E-02 1.200E-01 2.612E-01 7.150E-01 1.263E+00 2.378E+01 1.875E+00 1.46E-03
  425   3.7449  6.54E-03 7.175E-03 3.408E-02 2.438E-04 1.142E-02 1.198E-01 2.611E-01 7.147E-01 1.263E+00 2.372E+01 1.868E+00 1.46E-03
  426   3.7514  6.53E-03 7.154E-03 3.404E-02 2.438E-04 1.141E-02 1.196E-01 2.609E-01 7.142E-01 1.263E+00 2.367E+01 1.861E+00 1.46E-03
  427   3.7580  6.52E-03 7.132E-03 3.399E-02 2.438E-04 1.141E-02 1.194E-01 2.607E-01 7.136E-01 1.264E+00 2.361E+01 1.855E+00 1.46E-03
  428   3.7645  6.52E-03 7.111E-03 3.395E-02 2.438E-04 1.141E-02 1.193E-01 2.606E-01 7.128E-01 1.265E+00 2.355E+01 1.848E+00 1.46E-03
  429   3.7710  6.52E-03 7.090E-03 3.391E-02 2.438E-04 1.140E-02 1.191E-01 2.604E-01 7.121E-01 1.265E+00 2.350E+01 1.841E+00 1.46E-03
  430   3.7775  6.53E-03 7.069E-03 3.387E-02 2.438E-04 1.140E-02 1.189E-01 2.603E-01 7.113E-01 1.264E+00 2.344E+01 1.835E+00 1.46E-03
  431   3.7840  6.54E-03 7.048E-03 3.382E-02 2.438E-04 1.140E-02 1.187E-01 2.601E-01 7.105E-01 1.261E+00 2.338E+01 1.828E+00 1.46E-03
  432   3.7906  6.55E-03 7.027E-03 3.378E-02 2.438E-04 1.139E-02 1.186E-01 2.599E-01 7.095E-01 1.258E+00 2.333E+01 1.821E+00 1.46E-03
  433   3.7971  6.56E-03 7.006E-03 3.374E-02 2.438E-04 1.139E-02 1.184E-01 2.598E-01 7.097E-01 1.259E+00 2.327E+01 1.815E+00 1.46E-03
  434   3.8037  6.58E-03 6.985E-03 3.370E-02 2.438E-04 1.139E-02 1.182E-01 2.596E-01 7.095E-01 1.259E+00 2.322E+01 1.808E+00 1.46E-03
  435   3.8103  6.60E-03 6.964E-03 3.366E-02 2.438E-04 1.138E-02 1.180E-01 2.594E-01 7.065E-01 1.259E+00 2.316E+01 1.802E+00 1.46E-03
  436   3.8169  6.62E-03 6.943E-03 3.361E-02 2.437E-04 1.138E-02 1.179E-01 2.593E-01 7.017E-01 1.259E+00 2.310E+01 1.795E+00 1.46E-03
  437   3.8235  6.64E-03 6.923E-03 3.357E-02 2.437E-04 1.138E-02 1.177E-01 2.591E-01 6.983E-01 1.258E+00 2.305E+01 1.789E+00 1.46E-03
  438   3.8301  6.67E-03 6.902E-03 3.353E-02 2.437E-04 1.137E-02 1.175E-01 2.590E-01 6.943E-01 1.257E+00 2.299E+01 1.782E+00 1.46E-03
  439   3.8368  6.69E-03 6.881E-03 3.349E-02 2.437E-04 1.137E-02 1.173E-01 2.588E-01 6.898E-01 1.255E+00 2.294E+01 1.776E+00 1.46E-03
  440   3.8435  6.72E-03 6.860E-03 3.345E-02 2.437E-04 1.136E-02 1.172E-01 2.586E-01 6.849E-01 1.253E+00 2.288E+01 1.769E+00 1.46E-03
  441   3.8502  6.75E-03 6.840E-03 3.341E-02 2.436E-04 1.136E-02 1.170E-01 2.585E-01 6.799E-01 1.250E+00 2.282E+01 1.763E+00 1.46E-03
  442   3.8570  6.78E-03 6.819E-03 3.336E-02 2.436E-04 1.136E-02 1.168E-01 2.583E-01 6.748E-01 1.247E+00 2.277E+01 1.756E+00 1.46E-03
  443   3.8637  6.81E-03 6.799E-03 3.332E-02 2.436E-04 1.135E-02 1.166E-01 2.582E-01 6.698E-01 1.244E+00 2.271E+01 1.750E+00 1.46E-03
  444   3.8706  6.85E-03 6.778E-03 3.328E-02 2.436E-04 1.135E-02 1.164E-01 2.580E-01 6.646E-01 1.241E+00 2.265E+01 1.743E+00 1.46E-03
  445   3.8774  6.91E-03 6.757E-03 3.324E-02 2.436E-04 1.135E-02 1.163E-01 2.578E-01 6.678E-01 1.238E+00 2.260E+01 1.737E+00 1.46E-03
  446   3.8843  6.98E-03 6.737E-03 3.319E-02 2.436E-04 1.134E-02 1.161E-01 2.577E-01 6.691E-01 1.235E+00 2.254E+01 1.730E+00 1.46E-03
  447   3.8913  7.07E-03 6.716E-03 3.315E-02 2.436E-04 1.134E-02 1.159E-01 2.575E-01 6.830E-01 1.234E+00 2.248E+01 1.724E+00 1.46E-03
  448   3.8984  7.19E-03 6.695E-03 3.311E-02 2.436E-04 1.134E-02 1.157E-01 2.573E-01 6.918E-01 1.237E+00 2.243E+01 1.717E+00 1.46E-03
  449   3.9056  7.31E-03 6.674E-03 3.307E-02 2.437E-04 1.133E-02 1.156E-01 2.572E-01 6.939E-01 1.241E+00 2.237E+01 1.711E+00 1.46E-03
  450   3.9129  7.37E-03 6.652E-03 3.302E-02 2.437E-04 1.133E-02 1.154E-01 2.570E-01 6.904E-01 1.244E+00 2.231E+01 1.704E+00 1.46E-03
  451   3.9202  7.36E-03 6.631E-03 3.298E-02 2.437E-04 1.133E-02 1.152E-01 2.568E-01 6.899E-01 1.247E+00 2.225E+01 1.697E+00 1.46E-03
  452   3.9276  7.33E-03 6.610E-03 3.293E-02 2.437E-04 1.132E-02 1.150E-01 2.566E-01 6.727E-01 1.250E+00 2.219E+01 1.690E+00 1.46E-03
  453   3.9349  7.31E-03 6.588E-03 3.289E-02 2.438E-04 1.132E-02 1.148E-01 2.565E-01 6.556E-01 1.254E+00 2.213E+01 1.684E+00 1.46E-03
  454   3.9422  7.30E-03 6.567E-03 3.284E-02 2.438E-04 1.131E-02 1.146E-01 2.563E-01 6.670E-01 1.256E+00 2.207E+01 1.677E+00 1.46E-03
  455   3.9495  7.27E-03 6.546E-03 3.280E-02 2.438E-04 1.131E-02 1.145E-01 2.561E-01 6.817E-01 1.257E+00 2.201E+01 1.670E+00 1.46E-03
  456   3.9568  7.24E-03 6.526E-03 3.276E-02 2.439E-04 1.131E-02 1.143E-01 2.560E-01 6.902E-01 1.257E+00 2.195E+01 1.664E+00 1.46E-03
  457   3.9641  7.21E-03 6.505E-03 3.272E-02 2.439E-04 1.130E-02 1.141E-01 2.558E-01 6.923E-01 1.255E+00 2.190E+01 1.657E+00 1.46E-03
  458   3.9713  7.19E-03 6.485E-03 3.267E-02 2.439E-04 1.130E-02 1.139E-01 2.556E-01 6.877E-01 1.251E+00 2.184E+01 1.651E+00 1.46E-03
  459   3.9785  7.18E-03 6.465E-03 3.263E-02 2.439E-04 1.130E-02 1.137E-01 2.555E-01 6.767E-01 1.245E+00 2.178E+01 1.644E+00 1.46E-03
  460   3.9857  7.18E-03 6.445E-03 3.259E-02 2.439E-04 1.129E-02 1.136E-01 2.553E-01 6.656E-01 1.237E+00 2.173E+01 1.638E+00 1.46E-03
  461   3.9928  7.17E-03 6.425E-03 3.255E-02 2.439E-04 1.129E-02 1.134E-01 2.551E-01 6.597E-01 1.229E+00 2.167E+01 1.632E+00 1.46E-03
  462   4.0000  7.15E-03 6.405E-03 3.250E-02 2.439E-04 1.128E-02 1.132E-01 2.550E-01 6.524E-01 1.220E+00 2.162E+01 1.626E+00 1.46E-03
  463   4.0072  7.11E-03 6.385E-03 3.246E-02 2.439E-04 1.128E-02 1.130E-01 2.548E-01 6.441E-01 1.211E+00 2.156E+01 1.620E+00 1.46E-03
  464   4.0143  7.03E-03 6.366E-03 3.242E-02 2.439E-04 1.128E-02 1.129E-01 2.546E-01 6.410E-01 1.206E+00 2.151E+01 1.614E+00 1.46E-03
  465   4.0213  6.96E-03 6.347E-03 3.238E-02 2.439E-04 1.127E-02 1.127E-01 2.545E-01 6.489E-01 1.201E+00 2.145E+01 1.608E+00 1.46E-03
  466   4.0282  6.89E-03 6.328E-03 3.234E-02 2.439E-04 1.127E-02 1.125E-01 2.543E-01 6.623E-01 1.196E+00 2.140E+01 1.602E+00 1.46E-03
  467   4.0351  6.84E-03 6.309E-03 3.230E-02 2.439E-04 1.127E-02 1.124E-01 2.542E-01 6.700E-01 1.191E+00 2.135E+01 1.596E+00 1.46E-03
  468   4.0420  6.81E-03 6.291E-03 3.226E-02 2.439E-04 1.126E-02 1.122E-01 2.540E-01 6.728E-01 1.186E+00 2.129E+01 1.591E+00 1.46E-03
  469   4.0488  6.79E-03 6.273E-03 3.222E-02 2.439E-04 1.126E-02 1.120E-01 2.539E-01 6.821E-01 1.181E+00 2.124E+01 1.585E+00 1.46E-03
  470   4.0556  6.79E-03 6.255E-03 3.219E-02 2.439E-04 1.126E-02 1.119E-01 2.537E-01 6.871E-01 1.181E+00 2.119E+01 1.579E+00 1.46E-03
  471   4.0624  6.81E-03 6.237E-03 3.215E-02 2.439E-04 1.125E-02 1.117E-01 2.536E-01 6.877E-01 1.186E+00 2.114E+01 1.574E+00 1.46E-03
  472   4.0692  6.83E-03 6.219E-03 3.211E-02 2.439E-04 1.125E-02 1.116E-01 2.534E-01 6.841E-01 1.189E+00 2.109E+01 1.568E+00 1.46E-03
  473   4.0760  6.86E-03 6.201E-03 3.207E-02 2.440E-04 1.125E-02 1.114E-01 2.533E-01 6.770E-01 1.190E+00 2.104E+01 1.563E+00 1.46E-03
  474   4.0829  6.90E-03 6.183E-03 3.203E-02 2.440E-04 1.124E-02 1.112E-01 2.531E-01 6.672E-01 1.190E+00 2.099E+01 1.557E+00 1.46E-03
  475   4.0898  6.94E-03 6.165E-03 3.199E-02 2.440E-04 1.124E-02 1.111E-01 2.530E-01 6.559E-01 1.188E+00 2.093E+01 1.552E+00 1.46E-03
  476   4.0967  6.99E-03 6.147E-03 3.196E-02 2.440E-04 1.124E-02 1.109E-01 2.528E-01 6.440E-01 1.185E+00 2.088E+01 1.546E+00 1.46E-03
  477   4.1037  7.04E-03 6.129E-03 3.192E-02 2.440E-04 1.123E-02 1.108E-01 2.527E-01 6.322E-01 1.181E+00 2.083E+01 1.541E+00 1.46E-03
  478   4.1108  7.10E-03 6.111E-03 3.188E-02 2.440E-04 1.123E-02 1.106E-01 2.525E-01 6.225E-01 1.177E+00 2.078E+01 1.536E+00 1.46E-03
  479   4.1179  7.10E-03 6.093E-03 3.184E-02 2.440E-04 1.123E-02 1.104E-01 2.523E-01 6.360E-01 1.173E+00 2.073E+01 1.530E+00 1.46E-03
  480   4.1250  7.09E-03 6.075E-03 3.180E-02 2.440E-04 1.122E-02 1.103E-01 2.522E-01 6.427E-01 1.168E+00 2.067E+01 1.525E+00 1.46E-03
  481   4.1320  7.09E-03 6.057E-03 3.176E-02 2.440E-04 1.122E-02 1.101E-01 2.520E-01 6.425E-01 1.167E+00 2.062E+01 1.519E+00 1.46E-03
  482   4.1391  7.10E-03 6.039E-03 3.172E-02 2.440E-04 1.122E-02 1.099E-01 2.519E-01 6.498E-01 1.169E+00 2.057E+01 1.514E+00 1.46E-03
  483   4.1462  7.11E-03 6.021E-03 3.168E-02 2.440E-04 1.121E-02 1.098E-01 2.517E-01 6.576E-01 1.171E+00 2.052E+01 1.508E+00 1.46E-03
  484   4.1533  7.12E-03 6.003E-03 3.164E-02 2.440E-04 1.121E-02 1.096E-01 2.516E-01 6.646E-01 1.170E+00 2.047E+01 1.503E+00 1.46E-03
  485   4.1605  7.14E-03 5.985E-03 3.161E-02 2.439E-04 1.121E-02 1.095E-01 2.514E-01 6.694E-01 1.169E+00 2.042E+01 1.497E+00 1.46E-03
  486   4.1676  7.16E-03 5.968E-03 3.157E-02 2.439E-04 1.120E-02 1.093E-01 2.513E-01 6.711E-01 1.166E+00 2.037E+01 1.492E+00 1.46E-03
  487   4.1748  7.19E-03 5.950E-03 3.153E-02 2.439E-04 1.120E-02 1.091E-01 2.511E-01 6.693E-01 1.164E+00 2.031E+01 1.486E+00 1.46E-03
  488   4.1820  7.22E-03 5.932E-03 3.149E-02 2.438E-04 1.120E-02 1.090E-01 2.510E-01 6.646E-01 1.160E+00 2.026E+01 1.481E+00 1.46E-03
  489   4.1892  7.25E-03 5.915E-03 3.145E-02 2.438E-04 1.119E-02 1.088E-01 2.508E-01 6.577E-01 1.157E+00 2.021E+01 1.476E+00 1.46E-03
  490   4.1964  7.28E-03 5.897E-03 3.141E-02 2.437E-04 1.119E-02 1.086E-01 2.506E-01 6.524E-01 1.154E+00 2.016E+01 1.470E+00 1.46E-03
  491   4.2037  7.31E-03 5.879E-03 3.137E-02 2.437E-04 1.119E-02 1.085E-01 2.505E-01 6.536E-01 1.152E+00 2.011E+01 1.465E+00 1.46E-03
  492   4.2110  7.34E-03 5.862E-03 3.134E-02 2.436E-04 1.118E-02 1.083E-01 2.503E-01 6.545E-01 1.150E+00 2.006E+01 1.460E+00 1.46E-03
  493   4.2184  7.37E-03 5.844E-03 3.130E-02 2.436E-04 1.118E-02 1.082E-01 2.502E-01 6.553E-01 1.148E+00 2.001E+01 1.454E+00 1.46E-03
  494   4.2257  7.39E-03 5.826E-03 3.126E-02 2.435E-04 1.118E-02 1.080E-01 2.500E-01 6.558E-01 1.147E+00 1.996E+01 1.449E+00 1.46E-03
  495   4.2331  7.38E-03 5.809E-03 3.122E-02 2.435E-04 1.117E-02 1.078E-01 2.499E-01 6.558E-01 1.146E+00 1.990E+01 1.444E+00 1.46E-03
  496   4.2405  7.37E-03 5.791E-03 3.118E-02 2.435E-04 1.117E-02 1.077E-01 2.497E-01 6.551E-01 1.155E+00 1.985E+01 1.438E+00 1.46E-03
  497   4.2479  7.36E-03 5.774E-03 3.114E-02 2.434E-04 1.117E-02 1.075E-01 2.496E-01 6.678E-01 1.162E+00 1.980E+01 1.433E+00 1.46E-03
  498   4.2552  7.35E-03 5.757E-03 3.110E-02 2.434E-04 1.116E-02 1.073E-01 2.494E-01 6.815E-01 1.169E+00 1.975E+01 1.428E+00 1.46E-03
  499   4.2626  7.35E-03 5.740E-03 3.107E-02 2.434E-04 1.116E-02 1.072E-01 2.493E-01 6.944E-01 1.173E+00 1.970E+01 1.423E+00 1.46E-03
  500   4.2699  7.30E-03 5.722E-03 3.103E-02 2.434E-04 1.116E-02 1.070E-01 2.491E-01 7.061E-01 1.175E+00 1.965E+01 1.417E+00 1.46E-03
  501   4.2772  7.25E-03 5.706E-03 3.099E-02 2.434E-04 1.115E-02 1.069E-01 2.490E-01 7.156E-01 1.176E+00 1.960E+01 1.412E+00 1.46E-03
  502   4.2845  7.19E-03 5.689E-03 3.095E-02 2.435E-04 1.115E-02 1.067E-01 2.488E-01 7.230E-01 1.175E+00 1.955E+01 1.407E+00 1.46E-03
  503   4.2917  7.15E-03 5.672E-03 3.092E-02 2.435E-04 1.115E-02 1.066E-01 2.487E-01 7.286E-01 1.173E+00 1.950E+01 1.402E+00 1.46E-03
  504   4.2988  7.10E-03 5.656E-03 3.088E-02 2.435E-04 1.115E-02 1.064E-01 2.485E-01 7.328E-01 1.170E+00 1.946E+01 1.398E+00 1.46E-03
  505   4.3059  7.07E-03 5.640E-03 3.084E-02 2.436E-04 1.114E-02 1.063E-01 2.484E-01 7.360E-01 1.167E+00 1.941E+01 1.393E+00 1.46E-03
  506   4.3130  7.03E-03 5.624E-03 3.081E-02 2.436E-04 1.114E-02 1.061E-01 2.482E-01 7.386E-01 1.165E+00 1.936E+01 1.388E+00 1.46E-03
  507   4.3200  7.00E-03 5.608E-03 3.077E-02 2.437E-04 1.114E-02 1.060E-01 2.481E-01 7.407E-01 1.163E+00 1.931E+01 1.383E+00 1.46E-03
  508   4.3270  6.98E-03 5.593E-03 3.074E-02 2.438E-04 1.113E-02 1.058E-01 2.479E-01 7.424E-01 1.167E+00 1.927E+01 1.379E+00 1.46E-03
  509   4.3340  6.96E-03 5.577E-03 3.070E-02 2.438E-04 1.113E-02 1.057E-01 2.478E-01 7.437E-01 1.171E+00 1.922E+01 1.374E+00 1.46E-03
  510   4.3410  6.94E-03 5.562E-03 3.067E-02 2.439E-04 1.113E-02 1.055E-01 2.477E-01 7.443E-01 1.175E+00 1.918E+01 1.370E+00 1.46E-03
  511   4.3479  6.93E-03 5.547E-03 3.063E-02 2.440E-04 1.112E-02 1.054E-01 2.475E-01 7.463E-01 1.178E+00 1.913E+01 1.365E+00 1.46E-03
  512   4.3548  6.93E-03 5.531E-03 3.060E-02 2.440E-04 1.112E-02 1.052E-01 2.474E-01 7.504E-01 1.180E+00 1.908E+01 1.361E+00 1.46E-03
  513   4.3618  6.93E-03 5.516E-03 3.056E-02 2.440E-04 1.112E-02 1.051E-01 2.472E-01 7.479E-01 1.182E+00 1.904E+01 1.356E+00 1.46E-03
  514   4.3687  6.94E-03 5.501E-03 3.053E-02 2.441E-04 1.111E-02 1.049E-01 2.471E-01 7.385E-01 1.182E+00 1.899E+01 1.352E+00 1.46E-03
  515   4.3756  6.94E-03 5.486E-03 3.050E-02 2.441E-04 1.111E-02 1.048E-01 2.470E-01 7.227E-01 1.182E+00 1.895E+01 1.347E+00 1.46E-03
  516   4.3826  6.95E-03 5.471E-03 3.046E-02 2.441E-04 1.111E-02 1.047E-01 2.468E-01 7.013E-01 1.184E+00 1.890E+01 1.343E+00 1.46E-03
  517   4.3895  6.97E-03 5.456E-03 3.043E-02 2.441E-04 1.110E-02 1.045E-01 2.467E-01 6.758E-01 1.184E+00 1.886E+01 1.338E+00 1.46E-03
  518   4.3965  6.99E-03 5.441E-03 3.039E-02 2.441E-04 1.110E-02 1.044E-01 2.466E-01 6.494E-01 1.184E+00 1.881E+01 1.334E+00 1.46E-03
  519   4.4035  7.02E-03 5.427E-03 3.036E-02 2.441E-04 1.110E-02 1.042E-01 2.464E-01 6.326E-01 1.182E+00 1.877E+01 1.330E+00 1.46E-03
  520   4.4105  7.05E-03 5.412E-03 3.033E-02 2.441E-04 1.110E-02 1.041E-01 2.463E-01 6.338E-01 1.180E+00 1.872E+01 1.326E+00 1.46E-03
  521   4.4176  7.04E-03 5.397E-03 3.029E-02 2.441E-04 1.109E-02 1.040E-01 2.461E-01 6.377E-01 1.177E+00 1.868E+01 1.321E+00 1.46E-03
  522   4.4246  7.03E-03 5.382E-03 3.026E-02 2.441E-04 1.109E-02 1.038E-01 2.460E-01 6.479E-01 1.175E+00 1.863E+01 1.317E+00 1.46E-03
  523   4.4316  7.02E-03 5.368E-03 3.022E-02 2.441E-04 1.109E-02 1.037E-01 2.459E-01 6.567E-01 1.174E+00 1.859E+01 1.313E+00 1.46E-03
  524   4.4387  7.02E-03 5.353E-03 3.019E-02 2.440E-04 1.108E-02 1.035E-01 2.457E-01 6.641E-01 1.173E+00 1.854E+01 1.309E+00 1.46E-03
  525   4.4457  7.02E-03 5.339E-03 3.016E-02 2.440E-04 1.108E-02 1.034E-01 2.456E-01 6.696E-01 1.172E+00 1.850E+01 1.304E+00 1.46E-03
  526   4.4527  7.03E-03 5.324E-03 3.012E-02 2.440E-04 1.108E-02 1.033E-01 2.455E-01 6.733E-01 1.173E+00 1.846E+01 1.300E+00 1.46E-03
  527   4.4597  7.04E-03 5.310E-03 3.009E-02 2.440E-04 1.107E-02 1.031E-01 2.453E-01 6.750E-01 1.173E+00 1.841E+01 1.296E+00 1.46E-03
  528   4.4668  7.05E-03 5.296E-03 3.006E-02 2.439E-04 1.107E-02 1.030E-01 2.452E-01 6.750E-01 1.173E+00 1.837E+01 1.292E+00 1.46E-03
  529   4.4738  7.06E-03 5.281E-03 3.002E-02 2.439E-04 1.107E-02 1.028E-01 2.450E-01 6.851E-01 1.173E+00 1.833E+01 1.287E+00 1.46E-03
  530   4.4809  7.07E-03 5.267E-03 2.999E-02 2.439E-04 1.107E-02 1.027E-01 2.449E-01 6.957E-01 1.172E+00 1.828E+01 1.283E+00 1.46E-03
  531   4.4879  7.03E-03 5.253E-03 2.996E-02 2.439E-04 1.106E-02 1.026E-01 2.448E-01 7.053E-01 1.170E+00 1.824E+01 1.279E+00 1.46E-03
  532   4.4950  6.97E-03 5.239E-03 2.992E-02 2.439E-04 1.106E-02 1.024E-01 2.446E-01 7.134E-01 1.168E+00 1.819E+01 1.275E+00 1.46E-03
  533   4.5019  6.92E-03 5.225E-03 2.989E-02 2.438E-04 1.106E-02 1.023E-01 2.445E-01 7.200E-01 1.165E+00 1.815E+01 1.271E+00 1.46E-03
  534   4.5089  6.90E-03 5.211E-03 2.986E-02 2.438E-04 1.106E-02 1.022E-01 2.444E-01 7.252E-01 1.162E+00 1.811E+01 1.267E+00 1.46E-03
  535   4.5158  6.89E-03 5.198E-03 2.983E-02 2.438E-04 1.105E-02 1.020E-01 2.442E-01 7.293E-01 1.158E+00 1.807E+01 1.263E+00 1.46E-03
  536   4.5227  6.90E-03 5.184E-03 2.980E-02 2.438E-04 1.105E-02 1.019E-01 2.441E-01 7.326E-01 1.159E+00 1.803E+01 1.259E+00 1.46E-03
  537   4.5296  6.91E-03 5.171E-03 2.976E-02 2.438E-04 1.105E-02 1.018E-01 2.440E-01 7.353E-01 1.159E+00 1.799E+01 1.255E+00 1.46E-03
  538   4.5365  6.93E-03 5.157E-03 2.973E-02 2.438E-04 1.105E-02 1.016E-01 2.439E-01 7.376E-01 1.159E+00 1.794E+01 1.251E+00 1.46E-03
  539   4.5434  6.95E-03 5.144E-03 2.970E-02 2.438E-04 1.104E-02 1.015E-01 2.437E-01 7.396E-01 1.159E+00 1.790E+01 1.247E+00 1.46E-03
  540   4.5503  6.97E-03 5.130E-03 2.967E-02 2.438E-04 1.104E-02 1.014E-01 2.436E-01 7.413E-01 1.158E+00 1.786E+01 1.244E+00 1.46E-03
  541   4.5573  6.98E-03 5.117E-03 2.964E-02 2.439E-04 1.104E-02 1.012E-01 2.435E-01 7.426E-01 1.157E+00 1.782E+01 1.240E+00 1.46E-03
  542   4.5643  7.00E-03 5.103E-03 2.960E-02 2.439E-04 1.103E-02 1.011E-01 2.433E-01 7.434E-01 1.156E+00 1.778E+01 1.236E+00 1.46E-03
  543   4.5713  7.02E-03 5.090E-03 2.957E-02 2.439E-04 1.103E-02 1.010E-01 2.432E-01 7.436E-01 1.154E+00 1.774E+01 1.232E+00 1.46E-03
  544   4.5783  7.04E-03 5.077E-03 2.954E-02 2.439E-04 1.103E-02 1.008E-01 2.431E-01 7.432E-01 1.153E+00 1.769E+01 1.228E+00 1.46E-03
  545   4.5853  7.06E-03 5.063E-03 2.951E-02 2.440E-04 1.103E-02 1.007E-01 2.429E-01 7.421E-01 1.152E+00 1.765E+01 1.225E+00 1.46E-03
  546   4.5924  7.05E-03 5.050E-03 2.948E-02 2.440E-04 1.102E-02 1.006E-01 2.428E-01 7.403E-01 1.151E+00 1.761E+01 1.221E+00 1.46E-03
  547   4.5995  7.01E-03 5.037E-03 2.945E-02 2.441E-04 1.102E-02 1.004E-01 2.427E-01 7.379E-01 1.150E+00 1.757E+01 1.217E+00 1.46E-03
  548   4.6065  6.97E-03 5.024E-03 2.942E-02 2.441E-04 1.102E-02 1.003E-01 2.426E-01 7.351E-01 1.149E+00 1.753E+01 1.213E+00 1.46E-03
  549   4.6134  6.94E-03 5.011E-03 2.938E-02 2.441E-04 1.102E-02 1.002E-01 2.424E-01 7.319E-01 1.151E+00 1.749E+01 1.209E+00 1.46E-03
  550   4.6204  6.93E-03 4.998E-03 2.935E-02 2.442E-04 1.101E-02 1.000E-01 2.423E-01 7.286E-01 1.158E+00 1.745E+01 1.206E+00 1.47E-03
  551   4.6273  6.91E-03 4.985E-03 2.932E-02 2.442E-04 1.101E-02 9.992E-02 2.422E-01 7.251E-01 1.165E+00 1.741E+01 1.202E+00 1.47E-03
  552   4.6342  6.91E-03 4.972E-03 2.929E-02 2.442E-04 1.101E-02 9.979E-02 2.420E-01 7.214E-01 1.171E+00 1.737E+01 1.198E+00 1.47E-03
  553   4.6411  6.92E-03 4.959E-03 2.926E-02 2.442E-04 1.101E-02 9.966E-02 2.419E-01 7.175E-01 1.178E+00 1.733E+01 1.195E+00 1.47E-03
  554   4.6481  6.93E-03 4.947E-03 2.923E-02 2.442E-04 1.100E-02 9.953E-02 2.418E-01 7.134E-01 1.183E+00 1.729E+01 1.191E+00 1.47E-03
  555   4.6550  6.96E-03 4.934E-03 2.920E-02 2.442E-04 1.100E-02 9.941E-02 2.417E-01 7.089E-01 1.187E+00 1.725E+01 1.188E+00 1.47E-03
  556   4.6619  6.99E-03 4.922E-03 2.917E-02 2.442E-04 1.100E-02 9.928E-02 2.415E-01 7.040E-01 1.190E+00 1.721E+01 1.184E+00 1.47E-03
  557   4.6689  7.02E-03 4.909E-03 2.914E-02 2.442E-04 1.100E-02 9.915E-02 2.414E-01 6.988E-01 1.191E+00 1.717E+01 1.180E+00 1.47E-03
  558   4.6760  7.01E-03 4.896E-03 2.911E-02 2.442E-04 1.100E-02 9.903E-02 2.413E-01 6.934E-01 1.190E+00 1.713E+01 1.177E+00 1.47E-03
  559   4.6830  7.00E-03 4.884E-03 2.908E-02 2.442E-04 1.099E-02 9.890E-02 2.412E-01 6.881E-01 1.188E+00 1.709E+01 1.173E+00 1.47E-03
  560   4.6900  6.99E-03 4.871E-03 2.905E-02 2.442E-04 1.099E-02 9.877E-02 2.410E-01 6.835E-01 1.193E+00 1.706E+01 1.170E+00 1.47E-03
  561   4.6970  6.99E-03 4.859E-03 2.902E-02 2.442E-04 1.099E-02 9.865E-02 2.409E-01 6.870E-01 1.202E+00 1.702E+01 1.166E+00 1.47E-03
  562   4.7039  6.98E-03 4.846E-03 2.899E-02 2.442E-04 1.099E-02 9.852E-02 2.408E-01 6.913E-01 1.210E+00 1.698E+01 1.163E+00 1.46E-03
  563   4.7109  6.98E-03 4.834E-03 2.896E-02 2.441E-04 1.099E-02 9.840E-02 2.407E-01 6.957E-01 1.217E+00 1.694E+01 1.159E+00 1.46E-03
  564   4.7179  6.98E-03 4.822E-03 2.893E-02 2.441E-04 1.098E-02 9.827E-02 2.405E-01 6.993E-01 1.222E+00 1.690E+01 1.156E+00 1.46E-03
  565   4.7249  7.00E-03 4.810E-03 2.890E-02 2.441E-04 1.098E-02 9.815E-02 2.404E-01 7.016E-01 1.226E+00 1.686E+01 1.152E+00 1.46E-03
  566   4.7319  7.01E-03 4.797E-03 2.887E-02 2.440E-04 1.098E-02 9.802E-02 2.403E-01 7.021E-01 1.229E+00 1.682E+01 1.149E+00 1.46E-03
  567   4.7389  7.04E-03 4.785E-03 2.884E-02 2.440E-04 1.098E-02 9.790E-02 2.402E-01 7.008E-01 1.230E+00 1.679E+01 1.146E+00 1.46E-03
  568   4.7459  7.06E-03 4.773E-03 2.881E-02 2.439E-04 1.098E-02 9.777E-02 2.401E-01 6.979E-01 1.230E+00 1.675E+01 1.142E+00 1.46E-03
  569   4.7530  7.05E-03 4.761E-03 2.878E-02 2.439E-04 1.097E-02 9.765E-02 2.399E-01 6.937E-01 1.227E+00 1.671E+01 1.139E+00 1.46E-03
  570   4.7601  7.04E-03 4.749E-03 2.875E-02 2.439E-04 1.097E-02 9.753E-02 2.398E-01 6.887E-01 1.224E+00 1.667E+01 1.135E+00 1.46E-03
  571   4.7671  7.03E-03 4.737E-03 2.872E-02 2.439E-04 1.097E-02 9.740E-02 2.397E-01 6.833E-01 1.218E+00 1.663E+01 1.132E+00 1.46E-03
  572   4.7741  7.03E-03 4.725E-03 2.869E-02 2.438E-04 1.097E-02 9.728E-02 2.396E-01 6.776E-01 1.211E+00 1.660E+01 1.128E+00 1.46E-03
  573   4.7812  7.03E-03 4.713E-03 2.867E-02 2.438E-04 1.097E-02 9.716E-02 2.394E-01 6.717E-01 1.203E+00 1.656E+01 1.125E+00 1.46E-03
  574   4.7882  7.03E-03 4.701E-03 2.864E-02 2.438E-04 1.096E-02 9.704E-02 2.393E-01 6.654E-01 1.194E+00 1.652E+01 1.122E+00 1.46E-03
  575   4.7952  7.03E-03 4.689E-03 2.861E-02 2.438E-04 1.096E-02 9.691E-02 2.392E-01 6.581E-01 1.185E+00 1.648E+01 1.118E+00 1.46E-03
  576   4.8022  7.04E-03 4.677E-03 2.858E-02 2.438E-04 1.096E-02 9.679E-02 2.391E-01 6.492E-01 1.177E+00 1.645E+01 1.115E+00 1.46E-03
  577   4.8093  7.04E-03 4.666E-03 2.855E-02 2.438E-04 1.096E-02 9.667E-02 2.390E-01 6.381E-01 1.169E+00 1.641E+01 1.112E+00 1.46E-03
  578   4.8163  7.05E-03 4.654E-03 2.852E-02 2.438E-04 1.096E-02 9.655E-02 2.388E-01 6.303E-01 1.161E+00 1.637E+01 1.109E+00 1.46E-03
  579   4.8234  7.05E-03 4.643E-03 2.849E-02 2.438E-04 1.095E-02 9.643E-02 2.387E-01 6.296E-01 1.155E+00 1.634E+01 1.106E+00 1.46E-03
  580   4.8304  7.06E-03 4.631E-03 2.846E-02 2.438E-04 1.095E-02 9.631E-02 2.386E-01 6.283E-01 1.148E+00 1.630E+01 1.102E+00 1.46E-03
  581   4.8375  7.07E-03 4.620E-03 2.843E-02 2.438E-04 1.095E-02 9.619E-02 2.385E-01 6.264E-01 1.142E+00 1.626E+01 1.099E+00 1.46E-03
  582   4.8446  7.07E-03 4.608E-03 2.841E-02 2.438E-04 1.095E-02 9.607E-02 2.384E-01 6.241E-01 1.136E+00 1.622E+01 1.096E+00 1.46E-03
  583   4.8516  7.08E-03 4.597E-03 2.838E-02 2.439E-04 1.095E-02 9.596E-02 2.382E-01 6.213E-01 1.131E+00 1.619E+01 1.093E+00 1.46E-03
  584   4.8587  7.08E-03 4.585E-03 2.835E-02 2.439E-04 1.095E-02 9.584E-02 2.381E-01 6.182E-01 1.126E+00 1.615E+01 1.089E+00 1.46E-03
  585   4.8658  7.09E-03 4.574E-03 2.832E-02 2.439E-04 1.094E-02 9.572E-02 2.380E-01 6.149E-01 1.121E+00 1.612E+01 1.086E+00 1.46E-03
  586   4.8729  7.09E-03 4.563E-03 2.829E-02 2.439E-04 1.094E-02 9.560E-02 2.379E-01 6.116E-01 1.115E+00 1.608E+01 1.083E+00 1.46E-03
  587   4.8800  7.10E-03 4.551E-03 2.826E-02 2.439E-04 1.094E-02 9.548E-02 2.378E-01 6.103E-01 1.110E+00 1.604E+01 1.080E+00 1.46E-03
  588   4.8871  7.10E-03 4.540E-03 2.824E-02 2.440E-04 1.094E-02 9.536E-02 2.376E-01 6.146E-01 1.107E+00 1.601E+01 1.077E+00 1.46E-03
  589   4.8942  7.11E-03 4.529E-03 2.821E-02 2.440E-04 1.094E-02 9.525E-02 2.375E-01 6.183E-01 1.104E+00 1.597E+01 1.074E+00 1.46E-03
  590   4.9013  7.12E-03 4.518E-03 2.818E-02 2.440E-04 1.094E-02 9.513E-02 2.374E-01 6.213E-01 1.101E+00 1.594E+01 1.071E+00 1.46E-03
  591   4.9084  7.13E-03 4.507E-03 2.815E-02 2.440E-04 1.093E-02 9.501E-02 2.373E-01 6.236E-01 1.098E+00 1.590E+01 1.068E+00 1.46E-03
  592   4.9155  7.14E-03 4.496E-03 2.812E-02 2.440E-04 1.093E-02 9.490E-02 2.372E-01 6.251E-01 1.095E+00 1.586E+01 1.065E+00 1.46E-03
  593   4.9227  7.15E-03 4.485E-03 2.810E-02 2.440E-04 1.093E-02 9.478E-02 2.370E-01 6.257E-01 1.092E+00 1.583E+01 1.062E+00 1.46E-03
  594   4.9298  7.12E-03 4.474E-03 2.807E-02 2.440E-04 1.093E-02 9.467E-02 2.369E-01 6.256E-01 1.090E+00 1.579E+01 1.059E+00 1.46E-03
  595   4.9369  7.09E-03 4.463E-03 2.804E-02 2.441E-04 1.093E-02 9.455E-02 2.368E-01 6.249E-01 1.088E+00 1.576E+01 1.056E+00 1.46E-03
  596   4.9440  7.07E-03 4.452E-03 2.801E-02 2.441E-04 1.093E-02 9.444E-02 2.367E-01 6.243E-01 1.087E+00 1.572E+01 1.053E+00 1.46E-03
  597   4.9511  7.05E-03 4.441E-03 2.799E-02 2.441E-04 1.092E-02 9.432E-02 2.366E-01 6.273E-01 1.086E+00 1.569E+01 1.050E+00 1.46E-03
  598   4.9581  7.03E-03 4.430E-03 2.796E-02 2.441E-04 1.092E-02 9.421E-02 2.365E-01 6.304E-01 1.085E+00 1.565E+01 1.047E+00 1.46E-03
  599   4.9652  7.01E-03 4.420E-03 2.793E-02 2.442E-04 1.092E-02 9.410E-02 2.364E-01 6.331E-01 1.084E+00 1.562E+01 1.044E+00 1.46E-03
  600   4.9722  6.99E-03 4.409E-03 2.790E-02 2.442E-04 1.092E-02 9.398E-02 2.362E-01 6.350E-01 1.084E+00 1.558E+01 1.041E+00 1.47E-03
  601   4.9792  6.97E-03 4.399E-03 2.788E-02 2.442E-04 1.092E-02 9.387E-02 2.361E-01 6.354E-01 1.083E+00 1.555E+01 1.038E+00 1.47E-03
  602   4.9862  6.96E-03 4.388E-03 2.785E-02 2.443E-04 1.092E-02 9.376E-02 2.360E-01 6.339E-01 1.082E+00 1.552E+01 1.035E+00 1.47E-03
  603   4.9931  6.95E-03 4.378E-03 2.782E-02 2.443E-04 1.092E-02 9.365E-02 2.359E-01 6.298E-01 1.081E+00 1.548E+01 1.032E+00 1.47E-03
  604   5.0001  6.93E-03 4.368E-03 2.780E-02 2.443E-04 1.091E-02 9.354E-02 2.358E-01 6.230E-01 1.080E+00 1.545E+01 1.029E+00 1.47E-03
  605   5.0070  6.92E-03 4.357E-03 2.777E-02 2.444E-04 1.091E-02 9.343E-02 2.357E-01 6.135E-01 1.078E+00 1.542E+01 1.026E+00 1.47E-03
  606   5.0139  6.91E-03 4.347E-03 2.775E-02 2.444E-04 1.091E-02 9.332E-02 2.356E-01 6.086E-01 1.076E+00 1.538E+01 1.024E+00 1.47E-03
  607   5.0208  6.91E-03 4.337E-03 2.772E-02 2.444E-04 1.091E-02 9.321E-02 2.355E-01 6.030E-01 1.074E+00 1.535E+01 1.021E+00 1.47E-03
  608   5.0277  6.91E-03 4.327E-03 2.769E-02 2.444E-04 1.091E-02 9.310E-02 2.353E-01 5.969E-01 1.071E+00 1.532E+01 1.018E+00 1.47E-03
  609   5.0346  6.91E-03 4.317E-03 2.767E-02 2.445E-04 1.091E-02 9.299E-02 2.352E-01 5.947E-01 1.068E+00 1.528E+01 1.015E+00 1.47E-03
  610   5.0416  6.91E-03 4.307E-03 2.764E-02 2.445E-04 1.091E-02 9.289E-02 2.351E-01 5.958E-01 1.065E+00 1.525E+01 1.013E+00 1.47E-03
  611   5.0485  6.92E-03 4.297E-03 2.762E-02 2.445E-04 1.091E-02 9.278E-02 2.350E-01 5.974E-01 1.061E+00 1.522E+01 1.010E+00 1.47E-03
  612   5.0554  6.94E-03 4.287E-03 2.759E-02 2.445E-04 1.091E-02 9.267E-02 2.349E-01 5.995E-01 1.056E+00 1.519E+01 1.007E+00 1.47E-03
  613   5.0623  6.96E-03 4.277E-03 2.757E-02 2.445E-04 1.091E-02 9.257E-02 2.348E-01 6.022E-01 1.052E+00 1.515E+01 1.004E+00 1.47E-03
  614   5.0693  6.99E-03 4.267E-03 2.754E-02 2.445E-04 1.090E-02 9.246E-02 2.347E-01 6.054E-01 1.047E+00 1.512E+01 1.002E+00 1.47E-03
  615   5.0763  7.02E-03 4.257E-03 2.751E-02 2.445E-04 1.090E-02 9.235E-02 2.346E-01 6.091E-01 1.051E+00 1.509E+01 9.990E-01 1.47E-03
  616   5.0833  7.06E-03 4.247E-03 2.749E-02 2.445E-04 1.090E-02 9.224E-02 2.345E-01 6.133E-01 1.055E+00 1.506E+01 9.964E-01 1.47E-03
  617   5.0904  7.12E-03 4.237E-03 2.746E-02 2.445E-04 1.090E-02 9.214E-02 2.344E-01 6.178E-01 1.059E+00 1.502E+01 9.938E-01 1.47E-03
  618   5.0975  7.18E-03 4.227E-03 2.744E-02 2.445E-04 1.090E-02 9.203E-02 2.342E-01 6.223E-01 1.062E+00 1.499E+01 9.911E-01 1.47E-03
  619   5.1047  7.25E-03 4.217E-03 2.741E-02 2.445E-04 1.090E-02 9.192E-02 2.341E-01 6.266E-01 1.065E+00 1.496E+01 9.883E-01 1.47E-03
  620   5.1119  7.32E-03 4.207E-03 2.738E-02 2.444E-04 1.090E-02 9.181E-02 2.340E-01 6.304E-01 1.069E+00 1.493E+01 9.855E-01 1.47E-03
  621   5.1192  7.41E-03 4.197E-03 2.736E-02 2.444E-04 1.090E-02 9.170E-02 2.339E-01 6.338E-01 1.071E+00 1.489E+01 9.827E-01 1.47E-03
  622   5.1266  7.51E-03 4.187E-03 2.733E-02 2.444E-04 1.090E-02 9.159E-02 2.338E-01 6.366E-01 1.074E+00 1.486E+01 9.798E-01 1.47E-03
  623   5.1342  7.49E-03 4.176E-03 2.730E-02 2.444E-04 1.090E-02 9.147E-02 2.337E-01 6.389E-01 1.076E+00 1.482E+01 9.768E-01 1.47E-03
  624   5.1416  7.42E-03 4.166E-03 2.728E-02 2.443E-04 1.090E-02 9.136E-02 2.336E-01 6.406E-01 1.077E+00 1.479E+01 9.740E-01 1.47E-03
  625   5.1491  7.36E-03 4.156E-03 2.725E-02 2.443E-04 1.090E-02 9.125E-02 2.334E-01 6.418E-01 1.077E+00 1.476E+01 9.712E-01 1.47E-03
  626   5.1564  7.30E-03 4.146E-03 2.722E-02 2.443E-04 1.090E-02 9.114E-02 2.333E-01 6.425E-01 1.077E+00 1.472E+01 9.684E-01 1.47E-03
  627   5.1637  7.25E-03 4.136E-03 2.720E-02 2.442E-04 1.090E-02 9.103E-02 2.332E-01 6.427E-01 1.076E+00 1.469E+01 9.658E-01 1.47E-03
  628   5.1710  7.21E-03 4.126E-03 2.717E-02 2.442E-04 1.090E-02 9.093E-02 2.331E-01 6.424E-01 1.075E+00 1.466E+01 9.632E-01 1.47E-03
  629   5.1782  7.17E-03 4.117E-03 2.715E-02 2.442E-04 1.090E-02 9.082E-02 2.330E-01 6.416E-01 1.072E+00 1.463E+01 9.607E-01 1.46E-03
  630   5.1854  7.15E-03 4.107E-03 2.712E-02 2.441E-04 1.090E-02 9.071E-02 2.329E-01 6.404E-01 1.071E+00 1.460E+01 9.582E-01 1.46E-03
  631   5.1925  7.13E-03 4.098E-03 2.709E-02 2.441E-04 1.090E-02 9.061E-02 2.328E-01 6.387E-01 1.074E+00 1.457E+01 9.556E-01 1.46E-03
  632   5.1996  7.12E-03 4.088E-03 2.707E-02 2.441E-04 1.090E-02 9.050E-02 2.327E-01 6.366E-01 1.077E+00 1.453E+01 9.531E-01 1.46E-03
  633   5.2068  7.12E-03 4.079E-03 2.704E-02 2.440E-04 1.090E-02 9.040E-02 2.326E-01 6.339E-01 1.080E+00 1.450E+01 9.505E-01 1.46E-03
  634   5.2139  7.13E-03 4.069E-03 2.702E-02 2.440E-04 1.090E-02 9.030E-02 2.325E-01 6.309E-01 1.084E+00 1.447E+01 9.479E-01 1.46E-03
  635   5.2210  7.15E-03 4.060E-03 2.700E-02 2.440E-04 1.090E-02 9.019E-02 2.324E-01 6.276E-01 1.088E+00 1.444E+01 9.454E-01 1.46E-03
  636   5.2282  7.18E-03 4.051E-03 2.697E-02 2.439E-04 1.090E-02 9.009E-02 2.323E-01 6.241E-01 1.092E+00 1.441E+01 9.428E-01 1.46E-03
  637   5.2353  7.21E-03 4.041E-03 2.695E-02 2.439E-04 1.090E-02 8.998E-02 2.321E-01 6.206E-01 1.097E+00 1.438E+01 9.402E-01 1.46E-03
  638   5.2425  7.24E-03 4.032E-03 2.692E-02 2.439E-04 1.090E-02 8.988E-02 2.320E-01 6.171E-01 1.101E+00 1.435E+01 9.377E-01 1.46E-03
  639   5.2498  7.28E-03 4.022E-03 2.690E-02 2.439E-04 1.090E-02 8.977E-02 2.319E-01 6.138E-01 1.105E+00 1.432E+01 9.351E-01 1.46E-03
  640   5.2571  7.32E-03 4.013E-03 2.687E-02 2.438E-04 1.090E-02 8.967E-02 2.318E-01 6.108E-01 1.109E+00 1.429E+01 9.325E-01 1.46E-03
  641   5.2644  7.37E-03 4.004E-03 2.684E-02 2.438E-04 1.090E-02 8.956E-02 2.317E-01 6.083E-01 1.112E+00 1.425E+01 9.300E-01 1.46E-03
  642   5.2718  7.41E-03 3.994E-03 2.682E-02 2.437E-04 1.090E-02 8.946E-02 2.316E-01 6.063E-01 1.114E+00 1.422E+01 9.274E-01 1.46E-03
