#--it-----t--------dt-------EEK-------EEM-------EEGW------hrms------urms------brms------umax------bmax------o2m------divu2m----gg2m---
    0   1.0000  5.50E-05 0.000E+00 0.000E+00 0.000E+00 0.000E+00 0.000E+00 0.000E+00 0.000E+00 0.000E+00 0.000E+00 0.000E+00 0.00E+00
   20   1.0011  5.49E-05 1.557E-09 2.751E-04 1.208E-13 2.850E-10 5.580E-05 2.346E-02 2.924E-04 6.558E-02 7.931E-04 2.938E-03 7.25E-13
   40   1.0022  5.47E-05 2.203E-08 5.227E-04 1.230E-12 2.059E-09 2.099E-04 3.233E-02 1.130E-03 9.841E-02 1.289E-02 3.496E-02 7.38E-12
   60   1.0033  5.45E-05 8.841E-08 7.677E-04 3.522E-12 5.468E-09 4.205E-04 3.918E-02 2.393E-03 1.148E-01 6.161E-02 1.149E-01 2.11E-11
   80   1.0044  5.44E-05 2.251E-07 1.045E-03 6.869E-12 9.911E-09 6.709E-04 4.572E-02 3.682E-03 1.326E-01 1.894E-01 2.319E-01 4.12E-11
  100   1.0055  5.42E-05 4.712E-07 1.333E-03 1.182E-11 1.508E-08 9.707E-04 5.162E-02 4.554E-03 1.440E-01 4.593E-01 3.955E-01 7.09E-11
  120   1.0065  5.41E-05 8.641E-07 1.590E-03 1.765E-11 2.088E-08 1.315E-03 5.640E-02 7.023E-03 1.500E-01 9.481E-01 6.010E-01 1.06E-10
  140   1.0076  5.39E-05 1.443E-06 1.800E-03 2.491E-11 2.711E-08 1.699E-03 5.999E-02 8.982E-03 1.563E-01 1.745E+00 8.064E-01 1.49E-10
  160   1.0087  5.37E-05 2.262E-06 2.017E-03 3.330E-11 3.368E-08 2.127E-03 6.351E-02 1.001E-02 1.639E-01 2.932E+00 1.015E+00 2.00E-10
  180   1.0098  5.34E-05 3.397E-06 2.271E-03 4.294E-11 4.079E-08 2.607E-03 6.740E-02 1.196E-02 1.933E-01 4.598E+00 1.307E+00 2.58E-10
  200   1.0108  5.33E-05 4.892E-06 2.481E-03 5.222E-11 4.871E-08 3.128E-03 7.044E-02 1.428E-02 1.918E-01 6.831E+00 1.627E+00 3.13E-10
  220   1.0119  5.30E-05 6.783E-06 2.737E-03 6.189E-11 5.708E-08 3.683E-03 7.398E-02 1.568E-02 2.004E-01 9.725E+00 1.906E+00 3.71E-10
  240   1.0130  5.29E-05 9.159E-06 2.901E-03 7.395E-11 6.567E-08 4.280E-03 7.617E-02 1.896E-02 2.042E-01 1.339E+01 2.246E+00 4.44E-10
  260   1.0140  5.27E-05 1.207E-05 3.117E-03 8.637E-11 7.434E-08 4.913E-03 7.896E-02 2.078E-02 2.067E-01 1.792E+01 2.616E+00 5.18E-10
  280   1.0151  5.23E-05 1.559E-05 3.402E-03 1.023E-10 8.331E-08 5.585E-03 8.249E-02 2.398E-02 2.190E-01 2.349E+01 2.943E+00 6.14E-10
  300   1.0161  5.21E-05 1.976E-05 3.556E-03 1.133E-10 9.301E-08 6.287E-03 8.433E-02 2.779E-02 2.320E-01 3.010E+01 3.277E+00 6.80E-10
  320   1.0171  5.18E-05 2.463E-05 3.819E-03 1.262E-10 1.028E-07 7.020E-03 8.740E-02 3.136E-02 2.381E-01 3.778E+01 3.759E+00 7.57E-10
  340   1.0182  5.15E-05 3.031E-05 4.060E-03 1.413E-10 1.123E-07 7.787E-03 9.011E-02 3.495E-02 2.387E-01 4.666E+01 4.311E+00 8.48E-10
  360   1.0192  5.10E-05 3.677E-05 4.262E-03 1.590E-10 1.214E-07 8.577E-03 9.232E-02 3.805E-02 2.587E-01 5.687E+01 4.728E+00 9.54E-10
  380   1.0202  5.04E-05 4.404E-05 4.491E-03 1.793E-10 1.302E-07 9.387E-03 9.477E-02 4.024E-02 2.825E-01 6.837E+01 5.164E+00 1.08E-09
  400   1.0212  4.98E-05 5.220E-05 4.727E-03 1.976E-10 1.388E-07 1.022E-02 9.723E-02 4.513E-02 3.022E-01 8.124E+01 5.741E+00 1.19E-09
  420   1.0222  4.96E-05 6.123E-05 5.009E-03 2.208E-10 1.473E-07 1.107E-02 1.001E-01 5.232E-02 2.932E-01 9.549E+01 6.443E+00 1.32E-09
  440   1.0232  4.96E-05 7.118E-05 5.102E-03 2.402E-10 1.558E-07 1.193E-02 1.010E-01 5.537E-02 2.734E-01 1.113E+02 7.021E+00 1.44E-09
  460   1.0242  4.96E-05 8.194E-05 5.391E-03 2.710E-10 1.640E-07 1.280E-02 1.038E-01 5.494E-02 2.752E-01 1.287E+02 7.277E+00 1.63E-09
  480   1.0252  4.96E-05 9.384E-05 5.585E-03 3.002E-10 1.724E-07 1.370E-02 1.057E-01 5.252E-02 2.781E-01 1.477E+02 7.864E+00 1.80E-09
  500   1.0262  4.97E-05 1.069E-04 5.830E-03 3.255E-10 1.816E-07 1.462E-02 1.080E-01 5.570E-02 2.820E-01 1.685E+02 8.722E+00 1.95E-09
  520   1.0272  4.96E-05 1.208E-04 6.018E-03 3.443E-10 1.914E-07 1.555E-02 1.097E-01 5.922E-02 2.876E-01 1.907E+02 9.394E+00 2.07E-09
  540   1.0282  4.94E-05 1.358E-04 6.276E-03 3.649E-10 2.013E-07 1.648E-02 1.120E-01 6.231E-02 2.992E-01 2.147E+02 9.869E+00 2.19E-09
  560   1.0292  4.93E-05 1.524E-04 6.502E-03 3.932E-10 2.111E-07 1.746E-02 1.140E-01 6.563E-02 3.121E-01 2.411E+02 1.076E+01 2.36E-09
  580   1.0301  4.92E-05 1.700E-04 6.752E-03 4.131E-10 2.211E-07 1.844E-02 1.162E-01 7.043E-02 3.171E-01 2.693E+02 1.176E+01 2.48E-09
  600   1.0311  4.89E-05 1.884E-04 6.953E-03 4.408E-10 2.312E-07 1.941E-02 1.179E-01 7.343E-02 3.160E-01 2.994E+02 1.242E+01 2.64E-09
  620   1.0321  4.86E-05 2.077E-04 7.116E-03 4.739E-10 2.413E-07 2.038E-02 1.193E-01 7.532E-02 3.278E-01 3.311E+02 1.301E+01 2.84E-09
  640   1.0331  4.83E-05 2.278E-04 7.292E-03 4.984E-10 2.519E-07 2.134E-02 1.208E-01 7.657E-02 3.331E-01 3.645E+02 1.364E+01 2.99E-09
  660   1.0340  4.81E-05 2.487E-04 7.506E-03 5.291E-10 2.626E-07 2.230E-02 1.225E-01 7.809E-02 3.561E-01 3.995E+02 1.462E+01 3.17E-09
  680   1.0350  4.80E-05 2.703E-04 7.719E-03 5.541E-10 2.739E-07 2.325E-02 1.243E-01 8.035E-02 3.604E-01 4.360E+02 1.575E+01 3.32E-09
  700   1.0360  4.78E-05 2.924E-04 7.974E-03 5.808E-10 2.857E-07 2.418E-02 1.263E-01 8.446E-02 3.925E-01 4.741E+02 1.658E+01 3.49E-09
  720   1.0369  4.75E-05 3.151E-04 8.082E-03 6.023E-10 2.980E-07 2.510E-02 1.271E-01 8.763E-02 3.903E-01 5.138E+02 1.718E+01 3.61E-09
  740   1.0379  4.74E-05 3.380E-04 8.210E-03 6.428E-10 3.103E-07 2.600E-02 1.281E-01 8.966E-02 3.895E-01 5.545E+02 1.798E+01 3.86E-09
  760   1.0388  4.70E-05 3.617E-04 8.444E-03 7.028E-10 3.226E-07 2.689E-02 1.300E-01 9.419E-02 3.839E-01 5.971E+02 1.882E+01 4.22E-09
  780   1.0397  4.69E-05 3.858E-04 8.625E-03 7.362E-10 3.357E-07 2.777E-02 1.313E-01 9.781E-02 3.856E-01 6.415E+02 1.971E+01 4.42E-09
  800   1.0407  4.69E-05 4.104E-04 8.790E-03 7.768E-10 3.497E-07 2.864E-02 1.326E-01 1.014E-01 3.766E-01 6.879E+02 2.057E+01 4.66E-09
  820   1.0416  4.68E-05 4.356E-04 8.891E-03 8.200E-10 3.641E-07 2.951E-02 1.334E-01 1.038E-01 3.620E-01 7.365E+02 2.157E+01 4.92E-09
  840   1.0426  4.66E-05 4.613E-04 9.122E-03 8.491E-10 3.791E-07 3.037E-02 1.351E-01 1.050E-01 3.758E-01 7.878E+02 2.260E+01 5.09E-09
  860   1.0435  4.63E-05 4.873E-04 9.243E-03 8.712E-10 3.943E-07 3.121E-02 1.360E-01 1.079E-01 3.823E-01 8.412E+02 2.353E+01 5.23E-09
  880   1.0444  4.61E-05 5.136E-04 9.287E-03 8.921E-10 4.090E-07 3.205E-02 1.363E-01 1.119E-01 3.651E-01 8.970E+02 2.433E+01 5.35E-09
  900   1.0453  4.60E-05 5.399E-04 9.554E-03 9.353E-10 4.230E-07 3.286E-02 1.382E-01 1.165E-01 3.625E-01 9.547E+02 2.504E+01 5.61E-09
  920   1.0462  4.56E-05 5.662E-04 9.626E-03 9.816E-10 4.368E-07 3.365E-02 1.388E-01 1.218E-01 3.771E-01 1.014E+03 2.594E+01 5.89E-09
  940   1.0472  4.53E-05 5.930E-04 9.920E-03 9.862E-10 4.507E-07 3.444E-02 1.409E-01 1.257E-01 3.962E-01 1.076E+03 2.740E+01 5.92E-09
  960   1.0481  4.49E-05 6.200E-04 1.010E-02 9.949E-10 4.641E-07 3.521E-02 1.422E-01 1.288E-01 3.976E-01 1.140E+03 2.907E+01 5.97E-09
  980   1.0490  4.47E-05 6.467E-04 1.018E-02 1.022E-09 4.764E-07 3.596E-02 1.427E-01 1.307E-01 4.005E-01 1.207E+03 3.015E+01 6.13E-09
 1000   1.0498  4.44E-05 6.730E-04 1.032E-02 1.047E-09 4.873E-07 3.668E-02 1.436E-01 1.309E-01 4.120E-01 1.276E+03 3.047E+01 6.28E-09
 1020   1.0507  4.42E-05 6.995E-04 1.055E-02 1.094E-09 4.966E-07 3.739E-02 1.453E-01 1.296E-01 4.139E-01 1.348E+03 3.067E+01 6.57E-09
 1040   1.0516  4.40E-05 7.264E-04 1.076E-02 1.151E-09 5.048E-07 3.811E-02 1.467E-01 1.281E-01 4.251E-01 1.423E+03 3.200E+01 6.91E-09
 1060   1.0525  4.41E-05 7.540E-04 1.100E-02 1.201E-09 5.124E-07 3.882E-02 1.483E-01 1.310E-01 4.406E-01 1.501E+03 3.438E+01 7.21E-09
 1080   1.0534  4.40E-05 7.814E-04 1.113E-02 1.224E-09 5.197E-07 3.952E-02 1.492E-01 1.354E-01 4.530E-01 1.582E+03 3.626E+01 7.35E-09
 1100   1.0543  4.42E-05 8.078E-04 1.130E-02 1.242E-09 5.264E-07 4.018E-02 1.503E-01 1.391E-01 4.528E-01 1.667E+03 3.674E+01 7.45E-09
 1120   1.0551  4.44E-05 8.340E-04 1.139E-02 1.288E-09 5.323E-07 4.083E-02 1.510E-01 1.414E-01 4.372E-01 1.757E+03 3.669E+01 7.73E-09
 1140   1.0560  4.44E-05 8.605E-04 1.155E-02 1.343E-09 5.373E-07 4.147E-02 1.520E-01 1.451E-01 4.366E-01 1.850E+03 3.758E+01 8.06E-09
 1160   1.0569  4.43E-05 8.872E-04 1.175E-02 1.371E-09 5.414E-07 4.211E-02 1.533E-01 1.495E-01 4.458E-01 1.948E+03 3.966E+01 8.22E-09
 1180   1.0578  4.40E-05 9.135E-04 1.182E-02 1.411E-09 5.445E-07 4.273E-02 1.538E-01 1.525E-01 4.607E-01 2.049E+03 4.198E+01 8.46E-09
 1200   1.0587  4.37E-05 9.389E-04 1.196E-02 1.477E-09 5.466E-07 4.331E-02 1.546E-01 1.545E-01 4.529E-01 2.152E+03 4.362E+01 8.86E-09
 1220   1.0595  4.34E-05 9.635E-04 1.217E-02 1.552E-09 5.479E-07 4.388E-02 1.560E-01 1.564E-01 4.878E-01 2.260E+03 4.433E+01 9.31E-09
 1240   1.0604  4.29E-05 9.875E-04 1.229E-02 1.631E-09 5.495E-07 4.442E-02 1.568E-01 1.623E-01 4.894E-01 2.372E+03 4.483E+01 9.79E-09
 1260   1.0613  4.25E-05 1.011E-03 1.258E-02 1.688E-09 5.520E-07 4.495E-02 1.586E-01 1.704E-01 5.029E-01 2.487E+03 4.591E+01 1.01E-08
 1280   1.0621  4.22E-05 1.035E-03 1.270E-02 1.724E-09 5.559E-07 4.547E-02 1.594E-01 1.776E-01 5.142E-01 2.606E+03 4.772E+01 1.03E-08
 1300   1.0630  4.21E-05 1.058E-03 1.285E-02 1.769E-09 5.611E-07 4.597E-02 1.603E-01 1.823E-01 5.165E-01 2.729E+03 4.927E+01 1.06E-08
 1320   1.0638  4.21E-05 1.080E-03 1.294E-02 1.809E-09 5.674E-07 4.644E-02 1.609E-01 1.842E-01 5.054E-01 2.856E+03 5.047E+01 1.09E-08
 1340   1.0646  4.21E-05 1.102E-03 1.316E-02 1.849E-09 5.744E-07 4.692E-02 1.623E-01 1.845E-01 5.048E-01 2.990E+03 5.191E+01 1.11E-08
 1360   1.0655  4.21E-05 1.124E-03 1.324E-02 1.884E-09 5.821E-07 4.739E-02 1.627E-01 1.848E-01 5.040E-01 3.129E+03 5.356E+01 1.13E-08
 1380   1.0663  4.20E-05 1.146E-03 1.340E-02 1.907E-09 5.902E-07 4.785E-02 1.637E-01 1.868E-01 5.072E-01 3.274E+03 5.500E+01 1.14E-08
 1400   1.0672  4.18E-05 1.168E-03 1.347E-02 1.924E-09 5.985E-07 4.830E-02 1.641E-01 1.912E-01 4.933E-01 3.425E+03 5.617E+01 1.15E-08
 1420   1.0680  4.16E-05 1.189E-03 1.367E-02 1.930E-09 6.069E-07 4.875E-02 1.653E-01 1.976E-01 5.032E-01 3.582E+03 5.744E+01 1.16E-08
 1440   1.0688  4.13E-05 1.211E-03 1.393E-02 1.928E-09 6.154E-07 4.920E-02 1.669E-01 2.041E-01 5.064E-01 3.745E+03 5.908E+01 1.16E-08
 1460   1.0696  4.11E-05 1.233E-03 1.401E-02 1.947E-09 6.235E-07 4.964E-02 1.674E-01 2.091E-01 5.101E-01 3.914E+03 6.101E+01 1.17E-08
 1480   1.0705  4.11E-05 1.255E-03 1.427E-02 1.990E-09 6.310E-07 5.007E-02 1.689E-01 2.116E-01 5.207E-01 4.089E+03 6.274E+01 1.19E-08
 1500   1.0713  4.10E-05 1.276E-03 1.438E-02 2.049E-09 6.375E-07 5.048E-02 1.696E-01 2.127E-01 5.180E-01 4.271E+03 6.417E+01 1.23E-08
 1520   1.0721  4.11E-05 1.297E-03 1.444E-02 2.112E-09 6.432E-07 5.090E-02 1.699E-01 2.127E-01 5.203E-01 4.460E+03 6.543E+01 1.27E-08
 1540   1.0729  4.13E-05 1.318E-03 1.467E-02 2.171E-09 6.480E-07 5.131E-02 1.713E-01 2.117E-01 5.176E-01 4.656E+03 6.706E+01 1.30E-08
 1560   1.0738  4.07E-05 1.339E-03 1.477E-02 2.231E-09 6.526E-07 5.172E-02 1.718E-01 2.098E-01 5.111E-01 4.860E+03 6.921E+01 1.34E-08
 1580   1.0746  4.03E-05 1.361E-03 1.483E-02 2.286E-09 6.573E-07 5.213E-02 1.722E-01 2.139E-01 5.113E-01 5.066E+03 7.146E+01 1.37E-08
 1600   1.0754  4.00E-05 1.382E-03 1.494E-02 2.312E-09 6.624E-07 5.252E-02 1.729E-01 2.196E-01 5.220E-01 5.277E+03 7.372E+01 1.39E-08
 1620   1.0762  3.97E-05 1.402E-03 1.499E-02 2.311E-09 6.678E-07 5.291E-02 1.731E-01 2.278E-01 5.369E-01 5.493E+03 7.560E+01 1.39E-08
 1640   1.0770  3.94E-05 1.422E-03 1.507E-02 2.358E-09 6.731E-07 5.328E-02 1.736E-01 2.356E-01 5.436E-01 5.714E+03 7.690E+01 1.41E-08
 1660   1.0777  3.91E-05 1.442E-03 1.518E-02 2.416E-09 6.783E-07 5.366E-02 1.742E-01 2.422E-01 5.548E-01 5.941E+03 7.821E+01 1.45E-08
 1680   1.0785  3.91E-05 1.463E-03 1.526E-02 2.402E-09 6.838E-07 5.403E-02 1.747E-01 2.452E-01 5.690E-01 6.174E+03 8.018E+01 1.44E-08
 1700   1.0793  3.91E-05 1.483E-03 1.552E-02 2.381E-09 6.888E-07 5.441E-02 1.762E-01 2.457E-01 5.668E-01 6.415E+03 8.255E+01 1.43E-08
 1720   1.0801  3.92E-05 1.504E-03 1.558E-02 2.451E-09 6.929E-07 5.479E-02 1.765E-01 2.458E-01 5.722E-01 6.663E+03 8.463E+01 1.47E-08
 1740   1.0809  3.92E-05 1.524E-03 1.561E-02 2.552E-09 6.963E-07 5.515E-02 1.767E-01 2.463E-01 5.723E-01 6.917E+03 8.585E+01 1.53E-08
 1760   1.0816  3.90E-05 1.544E-03 1.583E-02 2.609E-09 6.992E-07 5.551E-02 1.779E-01 2.487E-01 5.865E-01 7.176E+03 8.745E+01 1.57E-08
 1780   1.0824  3.90E-05 1.565E-03 1.592E-02 2.682E-09 7.019E-07 5.588E-02 1.784E-01 2.507E-01 5.945E-01 7.443E+03 8.995E+01 1.61E-08
 1800   1.0832  3.92E-05 1.585E-03 1.608E-02 2.761E-09 7.045E-07 5.623E-02 1.793E-01 2.515E-01 5.796E-01 7.715E+03 9.315E+01 1.66E-08
 1820   1.0840  3.93E-05 1.604E-03 1.610E-02 2.773E-09 7.073E-07 5.659E-02 1.794E-01 2.510E-01 5.964E-01 7.994E+03 9.647E+01 1.66E-08
 1840   1.0848  3.92E-05 1.623E-03 1.622E-02 2.795E-09 7.097E-07 5.692E-02 1.801E-01 2.490E-01 5.909E-01 8.278E+03 9.883E+01 1.68E-08
 1860   1.0856  3.94E-05 1.642E-03 1.635E-02 2.895E-09 7.119E-07 5.725E-02 1.808E-01 2.485E-01 5.937E-01 8.568E+03 1.004E+02 1.74E-08
 1880   1.0864  3.96E-05 1.661E-03 1.640E-02 2.919E-09 7.144E-07 5.757E-02 1.811E-01 2.512E-01 5.690E-01 8.866E+03 1.024E+02 1.75E-08
 1900   1.0871  3.96E-05 1.679E-03 1.657E-02 2.846E-09 7.170E-07 5.789E-02 1.821E-01 2.556E-01 5.741E-01 9.169E+03 1.053E+02 1.71E-08
 1920   1.0879  3.96E-05 1.699E-03 1.676E-02 2.863E-09 7.185E-07 5.822E-02 1.831E-01 2.567E-01 5.627E-01 9.481E+03 1.081E+02 1.72E-08
 1940   1.0887  3.93E-05 1.718E-03 1.695E-02 2.969E-09 7.186E-07 5.855E-02 1.841E-01 2.589E-01 5.641E-01 9.801E+03 1.101E+02 1.78E-08
 1960   1.0895  3.89E-05 1.738E-03 1.718E-02 3.050E-09 7.179E-07 5.889E-02 1.853E-01 2.638E-01 5.753E-01 1.013E+04 1.126E+02 1.83E-08
 1980   1.0903  3.86E-05 1.758E-03 1.731E-02 3.088E-09 7.167E-07 5.923E-02 1.861E-01 2.692E-01 5.697E-01 1.046E+04 1.163E+02 1.85E-08
 2000   1.0911  3.85E-05 1.778E-03 1.745E-02 3.164E-09 7.153E-07 5.957E-02 1.868E-01 2.728E-01 5.729E-01 1.079E+04 1.201E+02 1.90E-08
 2020   1.0918  3.84E-05 1.798E-03 1.748E-02 3.240E-09 7.138E-07 5.990E-02 1.870E-01 2.736E-01 5.701E-01 1.113E+04 1.228E+02 1.94E-08
 2040   1.0926  3.83E-05 1.817E-03 1.765E-02 3.265E-09 7.125E-07 6.022E-02 1.879E-01 2.709E-01 5.596E-01 1.147E+04 1.240E+02 1.96E-08
 2060   1.0934  3.86E-05 1.836E-03 1.781E-02 3.313E-09 7.111E-07 6.054E-02 1.887E-01 2.650E-01 5.580E-01 1.181E+04 1.253E+02 1.99E-08
 2080   1.0941  3.87E-05 1.855E-03 1.800E-02 3.399E-09 7.097E-07 6.085E-02 1.897E-01 2.595E-01 5.588E-01 1.216E+04 1.282E+02 2.04E-08
 2100   1.0949  3.89E-05 1.875E-03 1.822E-02 3.448E-09 7.087E-07 6.118E-02 1.909E-01 2.605E-01 5.557E-01 1.252E+04 1.320E+02 2.07E-08
 2120   1.0957  3.91E-05 1.896E-03 1.837E-02 3.501E-09 7.081E-07 6.150E-02 1.917E-01 2.629E-01 5.673E-01 1.288E+04 1.362E+02 2.10E-08
 2140   1.0965  3.91E-05 1.916E-03 1.861E-02 3.610E-09 7.082E-07 6.183E-02 1.929E-01 2.647E-01 5.750E-01 1.325E+04 1.394E+02 2.17E-08
 2160   1.0973  3.91E-05 1.936E-03 1.876E-02 3.652E-09 7.094E-07 6.214E-02 1.937E-01 2.637E-01 5.757E-01 1.363E+04 1.410E+02 2.19E-08
 2180   1.0980  3.85E-05 1.955E-03 1.905E-02 3.612E-09 7.116E-07 6.245E-02 1.952E-01 2.586E-01 5.763E-01 1.402E+04 1.421E+02 2.17E-08
 2200   1.0988  3.83E-05 1.974E-03 1.911E-02 3.682E-09 7.137E-07 6.275E-02 1.955E-01 2.543E-01 5.895E-01 1.440E+04 1.450E+02 2.21E-08
 2220   1.0996  3.82E-05 1.993E-03 1.927E-02 3.832E-09 7.156E-07 6.306E-02 1.963E-01 2.506E-01 6.081E-01 1.478E+04 1.494E+02 2.30E-08
 2240   1.1003  3.83E-05 2.012E-03 1.932E-02 3.858E-09 7.183E-07 6.335E-02 1.966E-01 2.479E-01 6.116E-01 1.516E+04 1.533E+02 2.31E-08
 2260   1.1011  3.86E-05 2.030E-03 1.928E-02 3.818E-09 7.214E-07 6.364E-02 1.963E-01 2.492E-01 6.097E-01 1.555E+04 1.538E+02 2.29E-08
 2280   1.1019  3.84E-05 2.047E-03 1.923E-02 3.860E-09 7.245E-07 6.390E-02 1.961E-01 2.542E-01 6.070E-01 1.593E+04 1.528E+02 2.32E-08
 2300   1.1026  3.80E-05 2.062E-03 1.919E-02 3.911E-09 7.278E-07 6.413E-02 1.959E-01 2.592E-01 6.040E-01 1.632E+04 1.514E+02 2.35E-08
 2320   1.1034  3.78E-05 2.076E-03 1.915E-02 3.853E-09 7.318E-07 6.435E-02 1.957E-01 2.617E-01 6.036E-01 1.670E+04 1.502E+02 2.31E-08
 2340   1.1041  3.77E-05 2.090E-03 1.911E-02 3.772E-09 7.363E-07 6.455E-02 1.955E-01 2.639E-01 6.023E-01 1.708E+04 1.498E+02 2.26E-08
 2360   1.1049  3.75E-05 2.102E-03 1.907E-02 3.754E-09 7.405E-07 6.475E-02 1.953E-01 2.650E-01 6.003E-01 1.745E+04 1.498E+02 2.25E-08
 2380   1.1056  3.74E-05 2.114E-03 1.903E-02 3.760E-09 7.445E-07 6.493E-02 1.951E-01 2.650E-01 6.022E-01 1.783E+04 1.502E+02 2.26E-08
 2400   1.1064  3.72E-05 2.125E-03 1.899E-02 3.756E-09 7.480E-07 6.509E-02 1.949E-01 2.604E-01 6.011E-01 1.820E+04 1.499E+02 2.25E-08
 2420   1.1071  3.72E-05 2.134E-03 1.896E-02 3.746E-09 7.510E-07 6.523E-02 1.947E-01 2.623E-01 6.028E-01 1.857E+04 1.492E+02 2.25E-08
 2440   1.1079  3.72E-05 2.143E-03 1.892E-02 3.717E-09 7.535E-07 6.536E-02 1.945E-01 2.593E-01 6.068E-01 1.894E+04 1.484E+02 2.23E-08
 2460   1.1086  3.72E-05 2.150E-03 1.889E-02 3.694E-09 7.552E-07 6.548E-02 1.944E-01 2.592E-01 6.098E-01 1.931E+04 1.479E+02 2.22E-08
 2480   1.1094  3.72E-05 2.157E-03 1.885E-02 3.725E-09 7.560E-07 6.558E-02 1.942E-01 2.566E-01 6.132E-01 1.968E+04 1.480E+02 2.23E-08
 2500   1.1101  3.71E-05 2.163E-03 1.882E-02 3.768E-09 7.561E-07 6.567E-02 1.940E-01 2.610E-01 6.131E-01 2.004E+04 1.484E+02 2.26E-08
 2520   1.1109  3.69E-05 2.168E-03 1.879E-02 3.766E-09 7.560E-07 6.574E-02 1.938E-01 2.633E-01 6.135E-01 2.040E+04 1.489E+02 2.26E-08
 2540   1.1116  3.68E-05 2.171E-03 1.875E-02 3.748E-09 7.556E-07 6.579E-02 1.937E-01 2.647E-01 6.135E-01 2.075E+04 1.487E+02 2.25E-08
 2560   1.1123  3.66E-05 2.173E-03 1.872E-02 3.751E-09 7.550E-07 6.583E-02 1.935E-01 2.625E-01 6.142E-01 2.110E+04 1.473E+02 2.25E-08
 2580   1.1131  3.63E-05 2.175E-03 1.870E-02 3.760E-09 7.540E-07 6.585E-02 1.934E-01 2.647E-01 6.141E-01 2.144E+04 1.458E+02 2.26E-08
 2600   1.1138  3.61E-05 2.176E-03 1.867E-02 3.762E-09 7.530E-07 6.587E-02 1.932E-01 2.737E-01 6.149E-01 2.178E+04 1.454E+02 2.26E-08
 2620   1.1145  3.60E-05 2.177E-03 1.864E-02 3.762E-09 7.520E-07 6.588E-02 1.931E-01 2.825E-01 6.156E-01 2.210E+04 1.464E+02 2.26E-08
 2640   1.1152  3.60E-05 2.177E-03 1.861E-02 3.759E-09 7.510E-07 6.589E-02 1.929E-01 2.906E-01 6.154E-01 2.243E+04 1.475E+02 2.26E-08
 2660   1.1159  3.60E-05 2.177E-03 1.859E-02 3.756E-09 7.499E-07 6.588E-02 1.928E-01 2.949E-01 6.146E-01 2.275E+04 1.475E+02 2.25E-08
 2680   1.1167  3.59E-05 2.176E-03 1.856E-02 3.758E-09 7.485E-07 6.586E-02 1.927E-01 2.943E-01 6.193E-01 2.306E+04 1.462E+02 2.25E-08
 2700   1.1174  3.58E-05 2.174E-03 1.853E-02 3.774E-09 7.469E-07 6.583E-02 1.925E-01 2.976E-01 6.265E-01 2.337E+04 1.451E+02 2.26E-08
 2720   1.1181  3.57E-05 2.171E-03 1.851E-02 3.805E-09 7.451E-07 6.579E-02 1.924E-01 3.059E-01 6.352E-01 2.367E+04 1.444E+02 2.28E-08
 2740   1.1188  3.55E-05 2.169E-03 1.848E-02 3.818E-09 7.433E-07 6.575E-02 1.922E-01 3.103E-01 6.434E-01 2.396E+04 1.445E+02 2.29E-08
 2760   1.1195  3.54E-05 2.166E-03 1.845E-02 3.776E-09 7.417E-07 6.571E-02 1.921E-01 3.138E-01 6.497E-01 2.424E+04 1.451E+02 2.27E-08
 2780   1.1202  3.53E-05 2.163E-03 1.843E-02 3.705E-09 7.398E-07 6.567E-02 1.920E-01 3.179E-01 6.556E-01 2.452E+04 1.456E+02 2.22E-08
 2800   1.1209  3.52E-05 2.159E-03 1.840E-02 3.671E-09 7.372E-07 6.561E-02 1.918E-01 3.205E-01 6.605E-01 2.479E+04 1.450E+02 2.20E-08
 2820   1.1216  3.52E-05 2.155E-03 1.838E-02 3.686E-09 7.334E-07 6.554E-02 1.917E-01 3.192E-01 6.621E-01 2.505E+04 1.436E+02 2.21E-08
 2840   1.1223  3.52E-05 2.151E-03 1.835E-02 3.709E-09 7.287E-07 6.548E-02 1.916E-01 3.164E-01 6.621E-01 2.531E+04 1.425E+02 2.23E-08
 2860   1.1230  3.54E-05 2.146E-03 1.833E-02 3.725E-09 7.232E-07 6.541E-02 1.914E-01 3.089E-01 6.590E-01 2.556E+04 1.424E+02 2.24E-08
 2880   1.1237  3.54E-05 2.141E-03 1.830E-02 3.753E-09 7.171E-07 6.534E-02 1.913E-01 2.982E-01 6.535E-01 2.580E+04 1.427E+02 2.25E-08
 2900   1.1245  3.54E-05 2.136E-03 1.828E-02 3.803E-09 7.108E-07 6.526E-02 1.912E-01 2.806E-01 6.464E-01 2.604E+04 1.429E+02 2.28E-08
 2920   1.1252  3.54E-05 2.131E-03 1.825E-02 3.864E-09 7.049E-07 6.518E-02 1.911E-01 2.812E-01 6.402E-01 2.626E+04 1.429E+02 2.32E-08
 2940   1.1259  3.53E-05 2.126E-03 1.823E-02 3.910E-09 6.999E-07 6.510E-02 1.909E-01 2.804E-01 6.347E-01 2.648E+04 1.423E+02 2.35E-08
 2960   1.1266  3.51E-05 2.120E-03 1.820E-02 3.930E-09 6.961E-07 6.501E-02 1.908E-01 2.819E-01 6.291E-01 2.669E+04 1.413E+02 2.36E-08
 2980   1.1273  3.48E-05 2.114E-03 1.818E-02 3.945E-09 6.935E-07 6.492E-02 1.907E-01 2.827E-01 6.238E-01 2.690E+04 1.412E+02 2.37E-08
 3000   1.1280  3.46E-05 2.109E-03 1.815E-02 3.959E-09 6.920E-07 6.484E-02 1.905E-01 2.902E-01 6.191E-01 2.709E+04 1.415E+02 2.38E-08
 3020   1.1287  3.45E-05 2.103E-03 1.813E-02 3.956E-09 6.916E-07 6.475E-02 1.904E-01 2.956E-01 6.155E-01 2.728E+04 1.418E+02 2.37E-08
 3040   1.1293  3.45E-05 2.097E-03 1.810E-02 3.940E-09 6.921E-07 6.465E-02 1.903E-01 3.013E-01 6.143E-01 2.747E+04 1.416E+02 2.36E-08
 3060   1.1300  3.48E-05 2.090E-03 1.808E-02 3.926E-09 6.935E-07 6.455E-02 1.902E-01 3.050E-01 6.180E-01 2.764E+04 1.405E+02 2.36E-08
 3080   1.1307  3.50E-05 2.084E-03 1.806E-02 3.911E-09 6.958E-07 6.445E-02 1.900E-01 3.059E-01 6.229E-01 2.782E+04 1.396E+02 2.35E-08
 3100   1.1314  3.53E-05 2.077E-03 1.803E-02 3.892E-09 6.988E-07 6.434E-02 1.899E-01 3.044E-01 6.257E-01 2.798E+04 1.395E+02 2.34E-08
 3120   1.1321  3.56E-05 2.070E-03 1.800E-02 3.885E-09 7.024E-07 6.424E-02 1.898E-01 3.014E-01 6.239E-01 2.815E+04 1.396E+02 2.33E-08
 3140   1.1329  3.58E-05 2.063E-03 1.798E-02 3.897E-09 7.064E-07 6.413E-02 1.896E-01 3.026E-01 6.215E-01 2.831E+04 1.396E+02 2.34E-08
 3160   1.1336  3.59E-05 2.057E-03 1.795E-02 3.909E-09 7.110E-07 6.403E-02 1.895E-01 3.026E-01 6.215E-01 2.846E+04 1.399E+02 2.35E-08
 3180   1.1343  3.59E-05 2.049E-03 1.793E-02 3.907E-09 7.160E-07 6.391E-02 1.894E-01 3.000E-01 6.218E-01 2.860E+04 1.402E+02 2.34E-08
 3200   1.1350  3.59E-05 2.042E-03 1.790E-02 3.895E-09 7.214E-07 6.380E-02 1.892E-01 2.920E-01 6.213E-01 2.874E+04 1.400E+02 2.34E-08
 3220   1.1357  3.60E-05 2.034E-03 1.788E-02 3.888E-09 7.271E-07 6.367E-02 1.891E-01 2.947E-01 6.192E-01 2.888E+04 1.389E+02 2.33E-08
 3240   1.1365  3.62E-05 2.026E-03 1.785E-02 3.874E-09 7.331E-07 6.354E-02 1.889E-01 3.005E-01 6.163E-01 2.900E+04 1.378E+02 2.32E-08
 3260   1.1372  3.64E-05 2.018E-03 1.782E-02 3.833E-09 7.395E-07 6.342E-02 1.888E-01 2.987E-01 6.160E-01 2.913E+04 1.366E+02 2.30E-08
 3280   1.1379  3.67E-05 2.010E-03 1.780E-02 3.782E-09 7.458E-07 6.330E-02 1.887E-01 2.979E-01 6.170E-01 2.924E+04 1.363E+02 2.27E-08
 3300   1.1386  3.69E-05 2.003E-03 1.777E-02 3.771E-09 7.517E-07 6.319E-02 1.885E-01 2.967E-01 6.187E-01 2.936E+04 1.373E+02 2.26E-08
 3320   1.1394  3.70E-05 1.996E-03 1.774E-02 3.785E-09 7.572E-07 6.308E-02 1.884E-01 2.935E-01 6.209E-01 2.946E+04 1.386E+02 2.27E-08
 3340   1.1401  3.71E-05 1.989E-03 1.772E-02 3.753E-09 7.623E-07 6.297E-02 1.882E-01 2.906E-01 6.225E-01 2.957E+04 1.390E+02 2.25E-08
 3360   1.1409  3.72E-05 1.980E-03 1.769E-02 3.665E-09 7.670E-07 6.284E-02 1.881E-01 2.929E-01 6.231E-01 2.966E+04 1.377E+02 2.20E-08
 3380   1.1416  3.72E-05 1.972E-03 1.766E-02 3.593E-09 7.707E-07 6.270E-02 1.879E-01 2.907E-01 6.248E-01 2.975E+04 1.358E+02 2.16E-08
 3400   1.1424  3.74E-05 1.964E-03 1.763E-02 3.591E-09 7.730E-07 6.257E-02 1.878E-01 2.873E-01 6.277E-01 2.984E+04 1.350E+02 2.15E-08
 3420   1.1431  3.76E-05 1.956E-03 1.761E-02 3.612E-09 7.740E-07 6.245E-02 1.876E-01 2.824E-01 6.308E-01 2.991E+04 1.356E+02 2.17E-08
 3440   1.1439  3.76E-05 1.949E-03 1.758E-02 3.584E-09 7.736E-07 6.233E-02 1.875E-01 2.804E-01 6.334E-01 2.998E+04 1.368E+02 2.15E-08
 3460   1.1446  3.77E-05 1.941E-03 1.755E-02 3.537E-09 7.717E-07 6.221E-02 1.873E-01 2.777E-01 6.344E-01 3.005E+04 1.375E+02 2.12E-08
 3480   1.1454  3.77E-05 1.933E-03 1.752E-02 3.542E-09 7.677E-07 6.208E-02 1.872E-01 2.736E-01 6.335E-01 3.010E+04 1.370E+02 2.12E-08
 3500   1.1461  3.78E-05 1.924E-03 1.749E-02 3.590E-09 7.613E-07 6.194E-02 1.870E-01 2.786E-01 6.329E-01 3.016E+04 1.355E+02 2.15E-08
 3520   1.1469  3.79E-05 1.915E-03 1.746E-02 3.639E-09 7.527E-07 6.180E-02 1.869E-01 2.837E-01 6.342E-01 3.020E+04 1.344E+02 2.18E-08
 3540   1.1476  3.79E-05 1.907E-03 1.743E-02 3.677E-09 7.424E-07 6.166E-02 1.867E-01 2.840E-01 6.361E-01 3.024E+04 1.341E+02 2.21E-08
 3560   1.1484  3.80E-05 1.899E-03 1.741E-02 3.712E-09 7.306E-07 6.153E-02 1.866E-01 2.832E-01 6.358E-01 3.027E+04 1.346E+02 2.23E-08
 3580   1.1492  3.81E-05 1.891E-03 1.738E-02 3.760E-09 7.177E-07 6.140E-02 1.864E-01 2.819E-01 6.354E-01 3.029E+04 1.349E+02 2.26E-08
 3600   1.1499  3.80E-05 1.883E-03 1.735E-02 3.825E-09 7.043E-07 6.127E-02 1.863E-01 2.746E-01 6.367E-01 3.030E+04 1.349E+02 2.29E-08
 3620   1.1507  3.76E-05 1.875E-03 1.732E-02 3.873E-09 6.912E-07 6.114E-02 1.861E-01 2.715E-01 6.354E-01 3.031E+04 1.349E+02 2.32E-08
 3640   1.1514  3.75E-05 1.866E-03 1.729E-02 3.904E-09 6.789E-07 6.100E-02 1.860E-01 2.746E-01 6.325E-01 3.032E+04 1.343E+02 2.34E-08
 3660   1.1522  3.75E-05 1.858E-03 1.727E-02 3.936E-09 6.676E-07 6.086E-02 1.858E-01 2.757E-01 6.295E-01 3.032E+04 1.335E+02 2.36E-08
 3680   1.1529  3.73E-05 1.850E-03 1.724E-02 3.958E-09 6.576E-07 6.073E-02 1.857E-01 2.800E-01 6.278E-01 3.031E+04 1.331E+02 2.37E-08
 3700   1.1537  3.70E-05 1.842E-03 1.721E-02 3.968E-09 6.492E-07 6.060E-02 1.855E-01 2.887E-01 6.270E-01 3.030E+04 1.329E+02 2.38E-08
 3720   1.1544  3.69E-05 1.834E-03 1.718E-02 3.978E-09 6.425E-07 6.047E-02 1.854E-01 2.918E-01 6.252E-01 3.029E+04 1.333E+02 2.39E-08
 3740   1.1551  3.69E-05 1.826E-03 1.715E-02 3.980E-09 6.377E-07 6.034E-02 1.852E-01 2.919E-01 6.239E-01 3.027E+04 1.335E+02 2.39E-08
 3760   1.1559  3.70E-05 1.818E-03 1.712E-02 3.981E-09 6.346E-07 6.021E-02 1.851E-01 2.895E-01 6.216E-01 3.025E+04 1.333E+02 2.39E-08
 3780   1.1566  3.73E-05 1.810E-03 1.709E-02 4.010E-09 6.333E-07 6.008E-02 1.849E-01 2.836E-01 6.165E-01 3.022E+04 1.328E+02 2.41E-08
 3800   1.1574  3.75E-05 1.802E-03 1.707E-02 4.058E-09 6.342E-07 5.994E-02 1.847E-01 2.828E-01 6.086E-01 3.019E+04 1.321E+02 2.43E-08
 3820   1.1581  3.76E-05 1.794E-03 1.704E-02 4.072E-09 6.375E-07 5.980E-02 1.846E-01 2.800E-01 6.007E-01 3.016E+04 1.316E+02 2.44E-08
 3840   1.1589  3.78E-05 1.786E-03 1.701E-02 4.019E-09 6.435E-07 5.967E-02 1.844E-01 2.747E-01 5.948E-01 3.012E+04 1.314E+02 2.41E-08
 3860   1.1596  3.79E-05 1.778E-03 1.698E-02 3.933E-09 6.513E-07 5.954E-02 1.843E-01 2.713E-01 5.937E-01 3.007E+04 1.322E+02 2.36E-08
 3880   1.1604  3.79E-05 1.771E-03 1.695E-02 3.896E-09 6.601E-07 5.941E-02 1.841E-01 2.718E-01 5.948E-01 3.002E+04 1.326E+02 2.34E-08
 3900   1.1611  3.82E-05 1.763E-03 1.692E-02 3.914E-09 6.694E-07 5.928E-02 1.840E-01 2.767E-01 5.939E-01 2.997E+04 1.321E+02 2.35E-08
 3920   1.1619  3.85E-05 1.754E-03 1.689E-02 3.873E-09 6.794E-07 5.914E-02 1.838E-01 2.797E-01 5.921E-01 2.991E+04 1.317E+02 2.32E-08
 3940   1.1627  3.85E-05 1.746E-03 1.687E-02 3.758E-09 6.895E-07 5.900E-02 1.837E-01 2.825E-01 5.876E-01 2.985E+04 1.312E+02 2.25E-08
 3960   1.1635  3.87E-05 1.738E-03 1.684E-02 3.722E-09 6.988E-07 5.886E-02 1.835E-01 2.876E-01 5.859E-01 2.979E+04 1.304E+02 2.23E-08
 3980   1.1642  3.88E-05 1.730E-03 1.681E-02 3.765E-09 7.069E-07 5.873E-02 1.833E-01 2.938E-01 5.811E-01 2.972E+04 1.304E+02 2.26E-08
 4000   1.1650  3.86E-05 1.723E-03 1.678E-02 3.749E-09 7.141E-07 5.860E-02 1.832E-01 3.056E-01 5.749E-01 2.964E+04 1.310E+02 2.25E-08
 4020   1.1658  3.86E-05 1.715E-03 1.675E-02 3.700E-09 7.203E-07 5.847E-02 1.830E-01 3.096E-01 5.670E-01 2.956E+04 1.314E+02 2.22E-08
 4040   1.1665  3.88E-05 1.707E-03 1.672E-02 3.697E-09 7.252E-07 5.833E-02 1.829E-01 3.070E-01 5.664E-01 2.948E+04 1.307E+02 2.22E-08
 4060   1.1673  3.90E-05 1.698E-03 1.669E-02 3.717E-09 7.287E-07 5.819E-02 1.827E-01 3.031E-01 5.679E-01 2.939E+04 1.292E+02 2.23E-08
 4080   1.1681  3.90E-05 1.690E-03 1.666E-02 3.774E-09 7.312E-07 5.805E-02 1.826E-01 2.931E-01 5.690E-01 2.930E+04 1.291E+02 2.26E-08
 4100   1.1689  3.87E-05 1.683E-03 1.663E-02 3.861E-09 7.333E-07 5.793E-02 1.824E-01 2.826E-01 5.682E-01 2.922E+04 1.300E+02 2.32E-08
 4120   1.1697  3.85E-05 1.676E-03 1.661E-02 3.872E-09 7.357E-07 5.780E-02 1.822E-01 2.720E-01 5.678E-01 2.913E+04 1.302E+02 2.32E-08
 4140   1.1704  3.84E-05 1.668E-03 1.658E-02 3.814E-09 7.386E-07 5.767E-02 1.821E-01 2.606E-01 5.656E-01 2.904E+04 1.305E+02 2.29E-08
 4160   1.1712  3.86E-05 1.660E-03 1.655E-02 3.785E-09 7.415E-07 5.753E-02 1.819E-01 2.548E-01 5.648E-01 2.895E+04 1.303E+02 2.27E-08
 4180   1.1720  3.89E-05 1.652E-03 1.652E-02 3.770E-09 7.441E-07 5.739E-02 1.818E-01 2.581E-01 5.640E-01 2.886E+04 1.295E+02 2.26E-08
 4200   1.1728  3.91E-05 1.644E-03 1.649E-02 3.717E-09 7.464E-07 5.725E-02 1.816E-01 2.569E-01 5.623E-01 2.877E+04 1.281E+02 2.23E-08
 4220   1.1735  3.90E-05 1.636E-03 1.646E-02 3.685E-09 7.477E-07 5.711E-02 1.814E-01 2.532E-01 5.615E-01 2.867E+04 1.272E+02 2.21E-08
 4240   1.1743  3.87E-05 1.628E-03 1.643E-02 3.718E-09 7.480E-07 5.698E-02 1.813E-01 2.560E-01 5.610E-01 2.858E+04 1.275E+02 2.23E-08
 4260   1.1751  3.86E-05 1.621E-03 1.641E-02 3.779E-09 7.475E-07 5.685E-02 1.811E-01 2.577E-01 5.619E-01 2.849E+04 1.279E+02 2.27E-08
 4280   1.1759  3.87E-05 1.614E-03 1.638E-02 3.823E-09 7.465E-07 5.673E-02 1.810E-01 2.568E-01 5.643E-01 2.839E+04 1.284E+02 2.29E-08
 4300   1.1766  3.89E-05 1.607E-03 1.635E-02 3.824E-09 7.454E-07 5.660E-02 1.808E-01 2.570E-01 5.678E-01 2.830E+04 1.284E+02 2.29E-08
 4320   1.1774  3.88E-05 1.600E-03 1.632E-02 3.812E-09 7.441E-07 5.647E-02 1.807E-01 2.579E-01 5.704E-01 2.820E+04 1.280E+02 2.29E-08
 4340   1.1782  3.87E-05 1.593E-03 1.629E-02 3.830E-09 7.422E-07 5.634E-02 1.805E-01 2.608E-01 5.713E-01 2.811E+04 1.274E+02 2.30E-08
 4360   1.1790  3.87E-05 1.586E-03 1.626E-02 3.850E-09 7.401E-07 5.622E-02 1.804E-01 2.615E-01 5.699E-01 2.801E+04 1.270E+02 2.31E-08
 4380   1.1797  3.88E-05 1.579E-03 1.623E-02 3.835E-09 7.380E-07 5.610E-02 1.802E-01 2.616E-01 5.676E-01 2.791E+04 1.273E+02 2.30E-08
 4400   1.1805  3.89E-05 1.572E-03 1.621E-02 3.815E-09 7.358E-07 5.597E-02 1.800E-01 2.616E-01 5.671E-01 2.781E+04 1.282E+02 2.29E-08
 4420   1.1813  3.90E-05 1.565E-03 1.618E-02 3.792E-09 7.337E-07 5.585E-02 1.799E-01 2.597E-01 5.668E-01 2.770E+04 1.279E+02 2.28E-08
 4440   1.1821  3.91E-05 1.557E-03 1.615E-02 3.740E-09 7.315E-07 5.571E-02 1.797E-01 2.578E-01 5.664E-01 2.760E+04 1.268E+02 2.24E-08
 4460   1.1828  3.92E-05 1.549E-03 1.612E-02 3.709E-09 7.289E-07 5.557E-02 1.796E-01 2.566E-01 5.648E-01 2.750E+04 1.260E+02 2.23E-08
 4480   1.1836  3.93E-05 1.542E-03 1.610E-02 3.737E-09 7.256E-07 5.544E-02 1.794E-01 2.513E-01 5.608E-01 2.739E+04 1.258E+02 2.24E-08
 4500   1.1844  3.89E-05 1.535E-03 1.607E-02 3.763E-09 7.216E-07 5.531E-02 1.793E-01 2.503E-01 5.577E-01 2.729E+04 1.259E+02 2.26E-08
 4520   1.1852  3.86E-05 1.528E-03 1.604E-02 3.750E-09 7.169E-07 5.519E-02 1.791E-01 2.458E-01 5.567E-01 2.718E+04 1.264E+02 2.25E-08
 4540   1.1860  3.84E-05 1.521E-03 1.601E-02 3.744E-09 7.114E-07 5.506E-02 1.790E-01 2.492E-01 5.589E-01 2.707E+04 1.268E+02 2.25E-08
 4560   1.1867  3.83E-05 1.513E-03 1.599E-02 3.781E-09 7.048E-07 5.492E-02 1.788E-01 2.518E-01 5.630E-01 2.697E+04 1.262E+02 2.27E-08
 4580   1.1875  3.83E-05 1.506E-03 1.596E-02 3.835E-09 6.975E-07 5.479E-02 1.787E-01 2.537E-01 5.648E-01 2.686E+04 1.253E+02 2.30E-08
 4600   1.1883  3.84E-05 1.499E-03 1.594E-02 3.889E-09 6.898E-07 5.465E-02 1.785E-01 2.491E-01 5.627E-01 2.675E+04 1.247E+02 2.33E-08
 4620   1.1890  3.84E-05 1.492E-03 1.591E-02 3.951E-09 6.823E-07 5.453E-02 1.784E-01 2.429E-01 5.557E-01 2.664E+04 1.250E+02 2.37E-08
 4640   1.1898  3.85E-05 1.485E-03 1.588E-02 3.979E-09 6.757E-07 5.440E-02 1.782E-01 2.382E-01 5.485E-01 2.653E+04 1.258E+02 2.39E-08
 4660   1.1906  3.84E-05 1.479E-03 1.586E-02 3.936E-09 6.704E-07 5.428E-02 1.781E-01 2.345E-01 5.447E-01 2.642E+04 1.265E+02 2.36E-08
 4680   1.1913  3.83E-05 1.471E-03 1.583E-02 3.912E-09 6.658E-07 5.415E-02 1.779E-01 2.347E-01 5.435E-01 2.630E+04 1.259E+02 2.35E-08
 4700   1.1921  3.83E-05 1.464E-03 1.580E-02 3.974E-09 6.620E-07 5.401E-02 1.778E-01 2.329E-01 5.425E-01 2.619E+04 1.245E+02 2.38E-08
 4720   1.1929  3.83E-05 1.456E-03 1.578E-02 4.016E-09 6.595E-07 5.387E-02 1.776E-01 2.300E-01 5.426E-01 2.607E+04 1.237E+02 2.41E-08
 4740   1.1936  3.81E-05 1.449E-03 1.575E-02 3.960E-09 6.589E-07 5.375E-02 1.775E-01 2.293E-01 5.438E-01 2.595E+04 1.236E+02 2.38E-08
 4760   1.1944  3.80E-05 1.443E-03 1.573E-02 3.907E-09 6.596E-07 5.363E-02 1.774E-01 2.306E-01 5.452E-01 2.583E+04 1.237E+02 2.34E-08
 4780   1.1952  3.80E-05 1.436E-03 1.570E-02 3.915E-09 6.612E-07 5.351E-02 1.772E-01 2.311E-01 5.467E-01 2.572E+04 1.240E+02 2.35E-08
 4800   1.1959  3.80E-05 1.430E-03 1.568E-02 3.917E-09 6.636E-07 5.340E-02 1.771E-01 2.319E-01 5.473E-01 2.560E+04 1.242E+02 2.35E-08
 4820   1.1967  3.82E-05 1.424E-03 1.565E-02 3.891E-09 6.669E-07 5.329E-02 1.769E-01 2.385E-01 5.465E-01 2.548E+04 1.244E+02 2.33E-08
 4840   1.1974  3.83E-05 1.418E-03 1.563E-02 3.900E-09 6.706E-07 5.317E-02 1.768E-01 2.408E-01 5.446E-01 2.536E+04 1.241E+02 2.34E-08
 4860   1.1982  3.85E-05 1.411E-03 1.560E-02 3.937E-09 6.748E-07 5.305E-02 1.766E-01 2.433E-01 5.429E-01 2.525E+04 1.237E+02 2.36E-08
 4880   1.1990  3.88E-05 1.404E-03 1.558E-02 3.927E-09 6.799E-07 5.292E-02 1.765E-01 2.455E-01 5.434E-01 2.513E+04 1.239E+02 2.36E-08
 4900   1.1998  3.89E-05 1.398E-03 1.555E-02 3.887E-09 6.859E-07 5.279E-02 1.764E-01 2.450E-01 5.458E-01 2.501E+04 1.239E+02 2.33E-08
 4920   1.2005  3.89E-05 1.391E-03 1.553E-02 3.874E-09 6.924E-07 5.266E-02 1.762E-01 2.434E-01 5.465E-01 2.489E+04 1.238E+02 2.32E-08
 4940   1.2013  3.88E-05 1.384E-03 1.550E-02 3.845E-09 6.995E-07 5.252E-02 1.761E-01 2.393E-01 5.453E-01 2.477E+04 1.237E+02 2.31E-08
 4960   1.2021  3.88E-05 1.376E-03 1.548E-02 3.770E-09 7.067E-07 5.238E-02 1.759E-01 2.411E-01 5.442E-01 2.466E+04 1.230E+02 2.26E-08
 4980   1.2029  3.88E-05 1.369E-03 1.545E-02 3.722E-09 7.132E-07 5.224E-02 1.758E-01 2.407E-01 5.422E-01 2.454E+04 1.217E+02 2.23E-08
 5000   1.2036  3.88E-05 1.363E-03 1.543E-02 3.732E-09 7.186E-07 5.212E-02 1.757E-01 2.390E-01 5.388E-01 2.442E+04 1.209E+02 2.24E-08
 5020   1.2044  3.87E-05 1.357E-03 1.540E-02 3.734E-09 7.225E-07 5.201E-02 1.755E-01 2.355E-01 5.344E-01 2.431E+04 1.219E+02 2.24E-08
 5040   1.2052  3.87E-05 1.351E-03 1.538E-02 3.714E-09 7.251E-07 5.190E-02 1.754E-01 2.334E-01 5.304E-01 2.419E+04 1.235E+02 2.23E-08
 5060   1.2060  3.90E-05 1.346E-03 1.535E-02 3.683E-09 7.262E-07 5.179E-02 1.752E-01 2.333E-01 5.265E-01 2.408E+04 1.239E+02 2.21E-08
 5080   1.2068  3.91E-05 1.339E-03 1.533E-02 3.622E-09 7.256E-07 5.167E-02 1.751E-01 2.333E-01 5.214E-01 2.396E+04 1.229E+02 2.17E-08
 5100   1.2075  3.92E-05 1.332E-03 1.530E-02 3.583E-09 7.228E-07 5.154E-02 1.749E-01 2.317E-01 5.172E-01 2.385E+04 1.216E+02 2.15E-08
 5120   1.2083  3.93E-05 1.326E-03 1.528E-02 3.645E-09 7.178E-07 5.142E-02 1.748E-01 2.319E-01 5.139E-01 2.374E+04 1.208E+02 2.19E-08
 5140   1.2091  3.94E-05 1.320E-03 1.525E-02 3.731E-09 7.113E-07 5.130E-02 1.747E-01 2.312E-01 5.107E-01 2.362E+04 1.208E+02 2.24E-08
 5160   1.2099  3.94E-05 1.314E-03 1.523E-02 3.726E-09 7.041E-07 5.119E-02 1.745E-01 2.286E-01 5.076E-01 2.351E+04 1.216E+02 2.24E-08
 5180   1.2107  3.94E-05 1.309E-03 1.520E-02 3.695E-09 6.965E-07 5.108E-02 1.744E-01 2.270E-01 5.032E-01 2.340E+04 1.225E+02 2.22E-08
 5200   1.2115  3.94E-05 1.303E-03 1.518E-02 3.715E-09 6.879E-07 5.097E-02 1.742E-01 2.332E-01 4.982E-01 2.329E+04 1.224E+02 2.23E-08
 5220   1.2123  3.94E-05 1.296E-03 1.516E-02 3.741E-09 6.784E-07 5.085E-02 1.741E-01 2.406E-01 4.951E-01 2.318E+04 1.211E+02 2.24E-08
 5240   1.2130  3.94E-05 1.290E-03 1.513E-02 3.740E-09 6.680E-07 5.072E-02 1.740E-01 2.475E-01 4.936E-01 2.307E+04 1.198E+02 2.24E-08
 5260   1.2138  3.96E-05 1.284E-03 1.511E-02 3.742E-09 6.564E-07 5.061E-02 1.738E-01 2.451E-01 4.921E-01 2.296E+04 1.197E+02 2.25E-08
 5280   1.2146  3.98E-05 1.279E-03 1.508E-02 3.738E-09 6.437E-07 5.051E-02 1.737E-01 2.472E-01 4.905E-01 2.285E+04 1.208E+02 2.24E-08
 5300   1.2154  3.99E-05 1.274E-03 1.506E-02 3.721E-09 6.296E-07 5.040E-02 1.735E-01 2.486E-01 4.886E-01 2.274E+04 1.218E+02 2.23E-08
 5320   1.2162  3.99E-05 1.269E-03 1.503E-02 3.762E-09 6.143E-07 5.029E-02 1.734E-01 2.441E-01 4.876E-01 2.263E+04 1.218E+02 2.26E-08
 5340   1.2170  4.00E-05 1.263E-03 1.501E-02 3.851E-09 5.981E-07 5.017E-02 1.733E-01 2.408E-01 4.892E-01 2.252E+04 1.208E+02 2.31E-08
 5360   1.2178  4.00E-05 1.257E-03 1.498E-02 3.903E-09 5.823E-07 5.005E-02 1.731E-01 2.408E-01 4.905E-01 2.241E+04 1.198E+02 2.34E-08
 5380   1.2186  3.97E-05 1.251E-03 1.496E-02 3.925E-09 5.675E-07 4.994E-02 1.730E-01 2.399E-01 4.906E-01 2.230E+04 1.201E+02 2.35E-08
 5400   1.2194  3.94E-05 1.245E-03 1.494E-02 3.963E-09 5.543E-07 4.983E-02 1.728E-01 2.383E-01 4.888E-01 2.220E+04 1.199E+02 2.38E-08
 5420   1.2202  3.93E-05 1.240E-03 1.491E-02 4.001E-09 5.432E-07 4.972E-02 1.727E-01 2.376E-01 4.849E-01 2.209E+04 1.191E+02 2.40E-08
 5440   1.2210  3.93E-05 1.235E-03 1.489E-02 4.017E-09 5.350E-07 4.962E-02 1.726E-01 2.379E-01 4.820E-01 2.199E+04 1.191E+02 2.41E-08
 5460   1.2218  3.94E-05 1.230E-03 1.486E-02 4.001E-09 5.302E-07 4.952E-02 1.724E-01 2.377E-01 4.800E-01 2.188E+04 1.194E+02 2.40E-08
 5480   1.2226  3.95E-05 1.226E-03 1.484E-02 3.959E-09 5.289E-07 4.943E-02 1.723E-01 2.407E-01 4.784E-01 2.177E+04 1.200E+02 2.38E-08
 5500   1.2233  3.96E-05 1.221E-03 1.482E-02 3.942E-09 5.307E-07 4.933E-02 1.721E-01 2.434E-01 4.786E-01 2.167E+04 1.204E+02 2.36E-08
 5520   1.2241  3.98E-05 1.216E-03 1.479E-02 3.963E-09 5.351E-07 4.923E-02 1.720E-01 2.447E-01 4.807E-01 2.156E+04 1.201E+02 2.38E-08
 5540   1.2249  3.97E-05 1.210E-03 1.477E-02 3.989E-09 5.422E-07 4.912E-02 1.719E-01 2.449E-01 4.806E-01 2.146E+04 1.194E+02 2.39E-08
 5560   1.2257  3.97E-05 1.205E-03 1.475E-02 4.012E-09 5.518E-07 4.901E-02 1.717E-01 2.464E-01 4.805E-01 2.136E+04 1.183E+02 2.41E-08
 5580   1.2265  3.94E-05 1.200E-03 1.472E-02 4.004E-09 5.639E-07 4.891E-02 1.716E-01 2.520E-01 4.839E-01 2.126E+04 1.176E+02 2.40E-08
 5600   1.2273  3.91E-05 1.195E-03 1.470E-02 3.943E-09 5.780E-07 4.882E-02 1.715E-01 2.592E-01 4.862E-01 2.115E+04 1.179E+02 2.37E-08
 5620   1.2281  3.90E-05 1.191E-03 1.468E-02 3.901E-09 5.932E-07 4.873E-02 1.713E-01 2.603E-01 4.858E-01 2.106E+04 1.189E+02 2.34E-08
 5640   1.2289  3.92E-05 1.187E-03 1.465E-02 3.902E-09 6.095E-07 4.864E-02 1.712E-01 2.555E-01 4.838E-01 2.096E+04 1.196E+02 2.34E-08
 5660   1.2297  3.93E-05 1.182E-03 1.463E-02 3.853E-09 6.268E-07 4.854E-02 1.711E-01 2.528E-01 4.828E-01 2.086E+04 1.195E+02 2.31E-08
 5680   1.2304  3.93E-05 1.177E-03 1.461E-02 3.747E-09 6.445E-07 4.843E-02 1.709E-01 2.529E-01 4.822E-01 2.076E+04 1.178E+02 2.25E-08
 5700   1.2312  3.97E-05 1.172E-03 1.458E-02 3.689E-09 6.616E-07 4.833E-02 1.708E-01 2.444E-01 4.812E-01 2.067E+04 1.165E+02 2.21E-08
 5720   1.2320  4.02E-05 1.167E-03 1.456E-02 3.684E-09 6.773E-07 4.824E-02 1.707E-01 2.359E-01 4.795E-01 2.057E+04 1.167E+02 2.21E-08
 5740   1.2328  4.02E-05 1.163E-03 1.454E-02 3.683E-09 6.914E-07 4.815E-02 1.705E-01 2.347E-01 4.781E-01 2.047E+04 1.181E+02 2.21E-08
 5760   1.2336  4.01E-05 1.159E-03 1.451E-02 3.669E-09 7.037E-07 4.807E-02 1.704E-01 2.353E-01 4.807E-01 2.038E+04 1.189E+02 2.20E-08
 5780   1.2344  4.01E-05 1.155E-03 1.449E-02 3.613E-09 7.139E-07 4.797E-02 1.702E-01 2.346E-01 4.850E-01 2.028E+04 1.183E+02 2.17E-08
 5800   1.2352  4.02E-05 1.150E-03 1.447E-02 3.556E-09 7.217E-07 4.787E-02 1.701E-01 2.331E-01 4.899E-01 2.019E+04 1.171E+02 2.13E-08
 5820   1.2360  4.04E-05 1.145E-03 1.445E-02 3.582E-09 7.266E-07 4.778E-02 1.700E-01 2.324E-01 4.940E-01 2.009E+04 1.170E+02 2.15E-08
 5840   1.2369  4.06E-05 1.141E-03 1.442E-02 3.645E-09 7.290E-07 4.768E-02 1.698E-01 2.296E-01 4.939E-01 2.000E+04 1.172E+02 2.19E-08
 5860   1.2377  4.05E-05 1.136E-03 1.440E-02 3.669E-09 7.294E-07 4.759E-02 1.697E-01 2.243E-01 4.909E-01 1.990E+04 1.171E+02 2.20E-08
 5880   1.2385  4.03E-05 1.132E-03 1.438E-02 3.682E-09 7.279E-07 4.750E-02 1.696E-01 2.215E-01 4.865E-01 1.981E+04 1.171E+02 2.21E-08
 5900   1.2393  4.01E-05 1.127E-03 1.435E-02 3.718E-09 7.249E-07 4.740E-02 1.694E-01 2.178E-01 4.791E-01 1.972E+04 1.172E+02 2.23E-08
 5920   1.2401  3.99E-05 1.123E-03 1.433E-02 3.789E-09 7.205E-07 4.731E-02 1.693E-01 2.166E-01 4.710E-01 1.963E+04 1.170E+02 2.27E-08
 5940   1.2409  3.98E-05 1.118E-03 1.431E-02 3.887E-09 7.155E-07 4.721E-02 1.692E-01 2.187E-01 4.657E-01 1.954E+04 1.167E+02 2.33E-08
 5960   1.2417  3.96E-05 1.114E-03 1.429E-02 3.938E-09 7.109E-07 4.712E-02 1.690E-01 2.210E-01 4.635E-01 1.945E+04 1.163E+02 2.36E-08
 5980   1.2425  3.94E-05 1.110E-03 1.427E-02 3.918E-09 7.072E-07 4.703E-02 1.689E-01 2.253E-01 4.627E-01 1.936E+04 1.160E+02 2.35E-08
 6000   1.2432  3.94E-05 1.106E-03 1.424E-02 3.897E-09 7.041E-07 4.694E-02 1.688E-01 2.296E-01 4.614E-01 1.927E+04 1.166E+02 2.34E-08
 6020   1.2440  3.95E-05 1.102E-03 1.422E-02 3.900E-09 7.013E-07 4.685E-02 1.687E-01 2.323E-01 4.597E-01 1.918E+04 1.168E+02 2.34E-08
 6040   1.2448  3.95E-05 1.097E-03 1.420E-02 3.914E-09 6.987E-07 4.676E-02 1.685E-01 2.320E-01 4.598E-01 1.909E+04 1.161E+02 2.35E-08
 6060   1.2456  3.97E-05 1.093E-03 1.418E-02 3.943E-09 6.964E-07 4.667E-02 1.684E-01 2.291E-01 4.592E-01 1.900E+04 1.159E+02 2.37E-08
 6080   1.2464  3.97E-05 1.089E-03 1.416E-02 3.941E-09 6.944E-07 4.658E-02 1.683E-01 2.242E-01 4.590E-01 1.891E+04 1.160E+02 2.36E-08
 6100   1.2472  3.96E-05 1.085E-03 1.414E-02 3.880E-09 6.930E-07 4.649E-02 1.681E-01 2.195E-01 4.581E-01 1.883E+04 1.159E+02 2.33E-08
 6120   1.2480  3.97E-05 1.080E-03 1.412E-02 3.855E-09 6.915E-07 4.641E-02 1.680E-01 2.231E-01 4.574E-01 1.874E+04 1.155E+02 2.31E-08
 6140   1.2488  3.97E-05 1.076E-03 1.409E-02 3.899E-09 6.899E-07 4.632E-02 1.679E-01 2.257E-01 4.610E-01 1.865E+04 1.153E+02 2.34E-08
 6160   1.2496  3.99E-05 1.072E-03 1.407E-02 3.912E-09 6.887E-07 4.623E-02 1.678E-01 2.289E-01 4.662E-01 1.857E+04 1.152E+02 2.35E-08
 6180   1.2504  4.00E-05 1.068E-03 1.405E-02 3.894E-09 6.878E-07 4.615E-02 1.676E-01 2.320E-01 4.702E-01 1.848E+04 1.149E+02 2.34E-08
 6200   1.2512  4.01E-05 1.064E-03 1.403E-02 3.919E-09 6.870E-07 4.606E-02 1.675E-01 2.357E-01 4.722E-01 1.840E+04 1.149E+02 2.35E-08
 6220   1.2520  4.01E-05 1.061E-03 1.401E-02 3.940E-09 6.865E-07 4.598E-02 1.674E-01 2.376E-01 4.717E-01 1.831E+04 1.153E+02 2.36E-08
 6240   1.2528  4.02E-05 1.057E-03 1.399E-02 3.917E-09 6.865E-07 4.589E-02 1.673E-01 2.370E-01 4.701E-01 1.822E+04 1.157E+02 2.35E-08
 6260   1.2536  4.03E-05 1.053E-03 1.397E-02 3.877E-09 6.868E-07 4.580E-02 1.671E-01 2.347E-01 4.699E-01 1.814E+04 1.155E+02 2.33E-08
 6280   1.2544  4.03E-05 1.048E-03 1.395E-02 3.828E-09 6.869E-07 4.571E-02 1.670E-01 2.341E-01 4.659E-01 1.806E+04 1.147E+02 2.30E-08
 6300   1.2552  4.03E-05 1.044E-03 1.393E-02 3.827E-09 6.865E-07 4.561E-02 1.669E-01 2.325E-01 4.589E-01 1.797E+04 1.136E+02 2.30E-08
 6320   1.2560  4.02E-05 1.040E-03 1.390E-02 3.870E-09 6.857E-07 4.553E-02 1.668E-01 2.330E-01 4.545E-01 1.789E+04 1.132E+02 2.32E-08
 6340   1.2568  4.01E-05 1.037E-03 1.388E-02 3.845E-09 6.850E-07 4.546E-02 1.666E-01 2.341E-01 4.522E-01 1.781E+04 1.142E+02 2.31E-08
 6360   1.2576  4.02E-05 1.033E-03 1.386E-02 3.800E-09 6.843E-07 4.539E-02 1.665E-01 2.316E-01 4.532E-01 1.772E+04 1.157E+02 2.28E-08
 6380   1.2584  4.03E-05 1.030E-03 1.384E-02 3.859E-09 6.833E-07 4.530E-02 1.664E-01 2.297E-01 4.554E-01 1.764E+04 1.159E+02 2.32E-08
 6400   1.2592  4.03E-05 1.025E-03 1.382E-02 3.908E-09 6.823E-07 4.520E-02 1.663E-01 2.284E-01 4.541E-01 1.756E+04 1.145E+02 2.34E-08
 6420   1.2600  4.00E-05 1.021E-03 1.380E-02 3.861E-09 6.819E-07 4.510E-02 1.661E-01 2.306E-01 4.518E-01 1.748E+04 1.129E+02 2.32E-08
 6440   1.2608  4.00E-05 1.017E-03 1.378E-02 3.854E-09 6.814E-07 4.501E-02 1.660E-01 2.334E-01 4.497E-01 1.740E+04 1.127E+02 2.31E-08
 6460   1.2616  4.01E-05 1.013E-03 1.376E-02 3.936E-09 6.806E-07 4.493E-02 1.659E-01 2.361E-01 4.487E-01 1.732E+04 1.133E+02 2.36E-08
 6480   1.2624  4.02E-05 1.010E-03 1.374E-02 3.979E-09 6.805E-07 4.486E-02 1.658E-01 2.367E-01 4.484E-01 1.724E+04 1.139E+02 2.39E-08
 6500   1.2632  4.03E-05 1.007E-03 1.372E-02 3.931E-09 6.813E-07 4.479E-02 1.657E-01 2.340E-01 4.484E-01 1.716E+04 1.142E+02 2.36E-08
 6520   1.2640  4.01E-05 1.004E-03 1.370E-02 3.875E-09 6.827E-07 4.471E-02 1.655E-01 2.324E-01 4.467E-01 1.708E+04 1.138E+02 2.32E-08
 6540   1.2648  3.99E-05 1.000E-03 1.368E-02 3.867E-09 6.843E-07 4.464E-02 1.654E-01 2.318E-01 4.452E-01 1.701E+04 1.131E+02 2.32E-08
 6560   1.2656  3.97E-05 9.970E-04 1.366E-02 3.873E-09 6.861E-07 4.456E-02 1.653E-01 2.341E-01 4.452E-01 1.693E+04 1.133E+02 2.32E-08
 6580   1.2664  3.96E-05 9.937E-04 1.364E-02 3.849E-09 6.882E-07 4.449E-02 1.652E-01 2.349E-01 4.451E-01 1.686E+04 1.137E+02 2.31E-08
 6600   1.2672  3.96E-05 9.902E-04 1.362E-02 3.834E-09 6.905E-07 4.442E-02 1.650E-01 2.332E-01 4.447E-01 1.678E+04 1.133E+02 2.30E-08
 6620   1.2680  3.97E-05 9.867E-04 1.360E-02 3.859E-09 6.929E-07 4.434E-02 1.649E-01 2.319E-01 4.435E-01 1.671E+04 1.125E+02 2.32E-08
 6640   1.2688  3.98E-05 9.834E-04 1.358E-02 3.862E-09 6.954E-07 4.426E-02 1.648E-01 2.309E-01 4.413E-01 1.664E+04 1.121E+02 2.32E-08
 6660   1.2696  4.00E-05 9.804E-04 1.356E-02 3.800E-09 6.979E-07 4.420E-02 1.647E-01 2.308E-01 4.499E-01 1.656E+04 1.129E+02 2.28E-08
 6680   1.2704  4.01E-05 9.773E-04 1.354E-02 3.742E-09 6.995E-07 4.413E-02 1.646E-01 2.302E-01 4.547E-01 1.649E+04 1.138E+02 2.25E-08
 6700   1.2712  4.02E-05 9.739E-04 1.352E-02 3.733E-09 6.995E-07 4.404E-02 1.644E-01 2.274E-01 4.558E-01 1.642E+04 1.136E+02 2.24E-08
 6720   1.2720  4.04E-05 9.700E-04 1.350E-02 3.713E-09 6.979E-07 4.396E-02 1.643E-01 2.253E-01 4.574E-01 1.635E+04 1.121E+02 2.23E-08
 6740   1.2728  4.04E-05 9.664E-04 1.348E-02 3.684E-09 6.946E-07 4.387E-02 1.642E-01 2.249E-01 4.603E-01 1.628E+04 1.114E+02 2.21E-08
 6760   1.2736  4.03E-05 9.632E-04 1.346E-02 3.697E-09 6.896E-07 4.380E-02 1.641E-01 2.245E-01 4.619E-01 1.620E+04 1.117E+02 2.22E-08
 6780   1.2744  4.01E-05 9.603E-04 1.344E-02 3.699E-09 6.831E-07 4.374E-02 1.640E-01 2.210E-01 4.621E-01 1.613E+04 1.123E+02 2.22E-08
 6800   1.2752  4.00E-05 9.575E-04 1.342E-02 3.645E-09 6.752E-07 4.367E-02 1.638E-01 2.245E-01 4.613E-01 1.606E+04 1.126E+02 2.19E-08
 6820   1.2760  3.99E-05 9.543E-04 1.340E-02 3.613E-09 6.653E-07 4.360E-02 1.637E-01 2.258E-01 4.610E-01 1.599E+04 1.126E+02 2.17E-08
 6840   1.2768  3.98E-05 9.510E-04 1.338E-02 3.663E-09 6.530E-07 4.353E-02 1.636E-01 2.267E-01 4.610E-01 1.593E+04 1.122E+02 2.20E-08
 6860   1.2776  3.97E-05 9.475E-04 1.337E-02 3.777E-09 6.389E-07 4.345E-02 1.635E-01 2.295E-01 4.618E-01 1.586E+04 1.118E+02 2.27E-08
 6880   1.2784  3.95E-05 9.441E-04 1.335E-02 3.888E-09 6.241E-07 4.337E-02 1.634E-01 2.340E-01 4.640E-01 1.579E+04 1.116E+02 2.33E-08
 6900   1.2792  3.92E-05 9.407E-04 1.333E-02 3.893E-09 6.097E-07 4.329E-02 1.633E-01 2.382E-01 4.661E-01 1.573E+04 1.115E+02 2.34E-08
 6920   1.2800  3.92E-05 9.374E-04 1.331E-02 3.838E-09 5.960E-07 4.322E-02 1.631E-01 2.396E-01 4.665E-01 1.566E+04 1.108E+02 2.30E-08
 6940   1.2808  3.91E-05 9.345E-04 1.329E-02 3.888E-09 5.823E-07 4.315E-02 1.630E-01 2.391E-01 4.669E-01 1.560E+04 1.101E+02 2.33E-08
 6960   1.2816  3.92E-05 9.320E-04 1.327E-02 4.009E-09 5.691E-07 4.309E-02 1.629E-01 2.380E-01 4.684E-01 1.553E+04 1.106E+02 2.41E-08
 6980   1.2823  3.92E-05 9.299E-04 1.325E-02 4.039E-09 5.578E-07 4.304E-02 1.628E-01 2.380E-01 4.708E-01 1.547E+04 1.114E+02 2.42E-08
 7000   1.2831  3.90E-05 9.277E-04 1.323E-02 3.998E-09 5.489E-07 4.299E-02 1.627E-01 2.416E-01 4.726E-01 1.541E+04 1.120E+02 2.40E-08
 7020   1.2839  3.88E-05 9.252E-04 1.322E-02 3.983E-09 5.422E-07 4.293E-02 1.626E-01 2.454E-01 4.749E-01 1.535E+04 1.121E+02 2.39E-08
 7040   1.2847  3.86E-05 9.222E-04 1.320E-02 4.001E-09 5.374E-07 4.286E-02 1.625E-01 2.482E-01 4.781E-01 1.529E+04 1.109E+02 2.40E-08
 7060   1.2854  3.86E-05 9.192E-04 1.318E-02 4.035E-09 5.347E-07 4.279E-02 1.624E-01 2.491E-01 4.815E-01 1.523E+04 1.096E+02 2.42E-08
 7080   1.2862  3.86E-05 9.166E-04 1.316E-02 4.059E-09 5.347E-07 4.273E-02 1.622E-01 2.480E-01 4.837E-01 1.517E+04 1.095E+02 2.44E-08
 7100   1.2870  3.86E-05 9.145E-04 1.314E-02 4.042E-09 5.378E-07 4.268E-02 1.621E-01 2.491E-01 4.844E-01 1.512E+04 1.107E+02 2.43E-08
 7120   1.2878  3.86E-05 9.124E-04 1.313E-02 3.976E-09 5.438E-07 4.263E-02 1.620E-01 2.490E-01 4.861E-01 1.506E+04 1.118E+02 2.39E-08
 7140   1.2885  3.87E-05 9.098E-04 1.311E-02 3.890E-09 5.520E-07 4.257E-02 1.619E-01 2.470E-01 4.872E-01 1.501E+04 1.119E+02 2.33E-08
 7160   1.2893  3.88E-05 9.067E-04 1.309E-02 3.856E-09 5.616E-07 4.250E-02 1.618E-01 2.449E-01 4.852E-01 1.495E+04 1.106E+02 2.31E-08
 7180   1.2901  3.88E-05 9.034E-04 1.307E-02 3.897E-09 5.723E-07 4.242E-02 1.617E-01 2.453E-01 4.819E-01 1.489E+04 1.087E+02 2.34E-08
 7200   1.2909  3.87E-05 9.008E-04 1.305E-02 3.916E-09 5.842E-07 4.236E-02 1.616E-01 2.471E-01 4.777E-01 1.484E+04 1.082E+02 2.35E-08
 7220   1.2916  3.86E-05 8.989E-04 1.303E-02 3.871E-09 5.976E-07 4.231E-02 1.615E-01 2.491E-01 4.747E-01 1.479E+04 1.096E+02 2.32E-08
 7240   1.2924  3.85E-05 8.973E-04 1.302E-02 3.854E-09 6.116E-07 4.227E-02 1.613E-01 2.509E-01 4.751E-01 1.473E+04 1.107E+02 2.31E-08
 7260   1.2932  3.84E-05 8.954E-04 1.300E-02 3.885E-09 6.259E-07 4.223E-02 1.612E-01 2.531E-01 4.781E-01 1.468E+04 1.109E+02 2.33E-08
 7280   1.2939  3.83E-05 8.931E-04 1.298E-02 3.888E-09 6.406E-07 4.217E-02 1.611E-01 2.550E-01 4.814E-01 1.463E+04 1.104E+02 2.33E-08
 7300   1.2947  3.82E-05 8.906E-04 1.296E-02 3.846E-09 6.556E-07 4.212E-02 1.610E-01 2.568E-01 4.820E-01 1.457E+04 1.093E+02 2.31E-08
 7320   1.2955  3.82E-05 8.882E-04 1.295E-02 3.789E-09 6.705E-07 4.206E-02 1.609E-01 2.574E-01 4.814E-01 1.452E+04 1.086E+02 2.27E-08
 7340   1.2962  3.82E-05 8.862E-04 1.293E-02 3.739E-09 6.847E-07 4.201E-02 1.608E-01 2.576E-01 4.801E-01 1.447E+04 1.093E+02 2.24E-08
 7360   1.2970  3.83E-05 8.843E-04 1.291E-02 3.703E-09 6.976E-07 4.197E-02 1.607E-01 2.554E-01 4.789E-01 1.442E+04 1.105E+02 2.22E-08
 7380   1.2978  3.86E-05 8.820E-04 1.289E-02 3.674E-09 7.090E-07 4.191E-02 1.606E-01 2.498E-01 4.796E-01 1.437E+04 1.105E+02 2.20E-08
 7400   1.2985  3.89E-05 8.792E-04 1.288E-02 3.640E-09 7.185E-07 4.184E-02 1.605E-01 2.439E-01 4.821E-01 1.432E+04 1.097E+02 2.18E-08
 7420   1.2993  3.91E-05 8.761E-04 1.286E-02 3.621E-09 7.257E-07 4.177E-02 1.604E-01 2.381E-01 4.842E-01 1.427E+04 1.086E+02 2.17E-08
 7440   1.3001  3.92E-05 8.734E-04 1.284E-02 3.635E-09 7.302E-07 4.171E-02 1.603E-01 2.361E-01 4.857E-01 1.422E+04 1.077E+02 2.18E-08
 7460   1.3009  3.92E-05 8.712E-04 1.282E-02 3.671E-09 7.323E-07 4.165E-02 1.602E-01 2.372E-01 4.863E-01 1.416E+04 1.076E+02 2.20E-08
 7480   1.3017  3.91E-05 8.696E-04 1.281E-02 3.711E-09 7.321E-07 4.162E-02 1.600E-01 2.381E-01 4.854E-01 1.411E+04 1.088E+02 2.23E-08
 7500   1.3025  3.92E-05 8.682E-04 1.279E-02 3.731E-09 7.302E-07 4.159E-02 1.599E-01 2.360E-01 4.824E-01 1.406E+04 1.100E+02 2.24E-08
 7520   1.3032  3.93E-05 8.663E-04 1.277E-02 3.734E-09 7.268E-07 4.154E-02 1.598E-01 2.347E-01 4.780E-01 1.401E+04 1.097E+02 2.24E-08
 7540   1.3040  3.93E-05 8.640E-04 1.275E-02 3.757E-09 7.220E-07 4.149E-02 1.597E-01 2.354E-01 4.748E-01 1.397E+04 1.088E+02 2.25E-08
 7560   1.3048  3.94E-05 8.617E-04 1.274E-02 3.800E-09 7.159E-07 4.144E-02 1.596E-01 2.331E-01 4.724E-01 1.392E+04 1.082E+02 2.28E-08
 7580   1.3056  3.97E-05 8.595E-04 1.272E-02 3.818E-09 7.090E-07 4.138E-02 1.595E-01 2.320E-01 4.696E-01 1.387E+04 1.084E+02 2.29E-08
 7600   1.3064  3.98E-05 8.574E-04 1.270E-02 3.822E-09 7.012E-07 4.133E-02 1.594E-01 2.326E-01 4.685E-01 1.382E+04 1.085E+02 2.29E-08
 7620   1.3072  3.98E-05 8.552E-04 1.268E-02 3.847E-09 6.927E-07 4.128E-02 1.593E-01 2.296E-01 4.710E-01 1.377E+04 1.079E+02 2.31E-08
 7640   1.3080  3.99E-05 8.532E-04 1.267E-02 3.869E-09 6.836E-07 4.123E-02 1.592E-01 2.244E-01 4.756E-01 1.372E+04 1.076E+02 2.32E-08
 7660   1.3088  3.98E-05 8.515E-04 1.265E-02 3.879E-09 6.740E-07 4.119E-02 1.591E-01 2.252E-01 4.784E-01 1.368E+04 1.081E+02 2.33E-08
 7680   1.3096  3.97E-05 8.498E-04 1.263E-02 3.907E-09 6.642E-07 4.114E-02 1.589E-01 2.292E-01 4.762E-01 1.363E+04 1.083E+02 2.34E-08
 7700   1.3104  3.95E-05 8.479E-04 1.261E-02 3.952E-09 6.543E-07 4.110E-02 1.588E-01 2.339E-01 4.708E-01 1.358E+04 1.081E+02 2.37E-08
 7720   1.3112  3.96E-05 8.460E-04 1.260E-02 3.973E-09 6.449E-07 4.105E-02 1.587E-01 2.323E-01 4.655E-01 1.354E+04 1.073E+02 2.38E-08
 7740   1.3120  3.96E-05 8.442E-04 1.258E-02 3.973E-09 6.364E-07 4.101E-02 1.586E-01 2.309E-01 4.610E-01 1.350E+04 1.067E+02 2.38E-08
 7760   1.3128  3.96E-05 8.428E-04 1.256E-02 3.983E-09 6.290E-07 4.097E-02 1.585E-01 2.295E-01 4.576E-01 1.345E+04 1.072E+02 2.39E-08
 7780   1.3135  3.97E-05 8.415E-04 1.254E-02 3.986E-09 6.228E-07 4.094E-02 1.584E-01 2.285E-01 4.552E-01 1.341E+04 1.085E+02 2.39E-08
 7800   1.3143  4.00E-05 8.397E-04 1.253E-02 3.968E-09 6.179E-07 4.090E-02 1.583E-01 2.263E-01 4.536E-01 1.336E+04 1.089E+02 2.38E-08
 7820   1.3151  4.02E-05 8.374E-04 1.251E-02 3.970E-09 6.142E-07 4.084E-02 1.582E-01 2.220E-01 4.522E-01 1.332E+04 1.077E+02 2.38E-08
 7840   1.3159  4.03E-05 8.350E-04 1.249E-02 3.992E-09 6.118E-07 4.078E-02 1.581E-01 2.214E-01 4.502E-01 1.328E+04 1.066E+02 2.39E-08
 7860   1.3168  4.02E-05 8.328E-04 1.247E-02 3.994E-09 6.109E-07 4.073E-02 1.580E-01 2.237E-01 4.472E-01 1.324E+04 1.060E+02 2.40E-08
 7880   1.3176  4.00E-05 8.311E-04 1.246E-02 3.994E-09 6.117E-07 4.069E-02 1.578E-01 2.255E-01 4.437E-01 1.319E+04 1.066E+02 2.40E-08
 7900   1.3184  3.98E-05 8.297E-04 1.244E-02 3.997E-09 6.141E-07 4.065E-02 1.577E-01 2.286E-01 4.406E-01 1.315E+04 1.078E+02 2.40E-08
 7920   1.3191  3.96E-05 8.280E-04 1.242E-02 3.953E-09 6.184E-07 4.061E-02 1.576E-01 2.316E-01 4.381E-01 1.311E+04 1.077E+02 2.37E-08
 7940   1.3199  3.96E-05 8.260E-04 1.241E-02 3.875E-09 6.239E-07 4.056E-02 1.575E-01 2.302E-01 4.365E-01 1.307E+04 1.068E+02 2.32E-08
 7960   1.3207  3.99E-05 8.240E-04 1.239E-02 3.834E-09 6.298E-07 4.051E-02 1.574E-01 2.244E-01 4.363E-01 1.303E+04 1.063E+02 2.30E-08
 7980   1.3215  4.03E-05 8.221E-04 1.237E-02 3.831E-09 6.358E-07 4.046E-02 1.573E-01 2.173E-01 4.375E-01 1.298E+04 1.062E+02 2.30E-08
 8000   1.3223  4.02E-05 8.205E-04 1.235E-02 3.811E-09 6.419E-07 4.042E-02 1.572E-01 2.173E-01 4.385E-01 1.294E+04 1.064E+02 2.29E-08
 8020   1.3231  4.00E-05 8.190E-04 1.234E-02 3.771E-09 6.478E-07 4.039E-02 1.571E-01 2.210E-01 4.385E-01 1.290E+04 1.065E+02 2.26E-08
 8040   1.3239  4.00E-05 8.174E-04 1.232E-02 3.759E-09 6.531E-07 4.035E-02 1.570E-01 2.205E-01 4.369E-01 1.286E+04 1.061E+02 2.26E-08
 8060   1.3247  4.01E-05 8.160E-04 1.230E-02 3.781E-09 6.578E-07 4.031E-02 1.569E-01 2.192E-01 4.343E-01 1.282E+04 1.061E+02 2.27E-08
 8080   1.3255  4.01E-05 8.146E-04 1.229E-02 3.803E-09 6.620E-07 4.028E-02 1.568E-01 2.211E-01 4.317E-01 1.278E+04 1.064E+02 2.28E-08
 8100   1.3263  3.99E-05 8.130E-04 1.227E-02 3.790E-09 6.659E-07 4.024E-02 1.566E-01 2.256E-01 4.307E-01 1.274E+04 1.066E+02 2.27E-08
 8120   1.3271  3.96E-05 8.113E-04 1.225E-02 3.744E-09 6.693E-07 4.020E-02 1.565E-01 2.305E-01 4.314E-01 1.270E+04 1.063E+02 2.25E-08
 8140   1.3279  3.95E-05 8.094E-04 1.224E-02 3.743E-09 6.716E-07 4.015E-02 1.564E-01 2.322E-01 4.321E-01 1.267E+04 1.057E+02 2.25E-08
 8160   1.3287  3.94E-05 8.077E-04 1.222E-02 3.812E-09 6.729E-07 4.011E-02 1.563E-01 2.345E-01 4.309E-01 1.263E+04 1.054E+02 2.29E-08
 8180   1.3295  3.93E-05 8.061E-04 1.220E-02 3.843E-09 6.737E-07 4.007E-02 1.562E-01 2.360E-01 4.284E-01 1.259E+04 1.056E+02 2.31E-08
 8200   1.3303  3.95E-05 8.047E-04 1.219E-02 3.790E-09 6.743E-07 4.003E-02 1.561E-01 2.340E-01 4.261E-01 1.255E+04 1.056E+02 2.27E-08
 8220   1.3311  3.97E-05 8.033E-04 1.217E-02 3.777E-09 6.744E-07 4.000E-02 1.560E-01 2.306E-01 4.247E-01 1.252E+04 1.057E+02 2.27E-08
 8240   1.3319  3.99E-05 8.019E-04 1.216E-02 3.839E-09 6.737E-07 3.996E-02 1.559E-01 2.252E-01 4.233E-01 1.248E+04 1.056E+02 2.30E-08
 8260   1.3327  4.03E-05 8.005E-04 1.214E-02 3.848E-09 6.729E-07 3.993E-02 1.558E-01 2.211E-01 4.214E-01 1.244E+04 1.055E+02 2.31E-08
 8280   1.3335  4.01E-05 7.990E-04 1.212E-02 3.798E-09 6.720E-07 3.989E-02 1.557E-01 2.248E-01 4.186E-01 1.241E+04 1.057E+02 2.28E-08
 8300   1.3343  3.99E-05 7.973E-04 1.211E-02 3.810E-09 6.707E-07 3.985E-02 1.556E-01 2.249E-01 4.165E-01 1.237E+04 1.059E+02 2.29E-08
 8320   1.3351  3.99E-05 7.955E-04 1.209E-02 3.882E-09 6.690E-07 3.980E-02 1.555E-01 2.243E-01 4.167E-01 1.234E+04 1.053E+02 2.33E-08
 8340   1.3359  4.00E-05 7.936E-04 1.207E-02 3.934E-09 6.676E-07 3.975E-02 1.554E-01 2.212E-01 4.184E-01 1.230E+04 1.052E+02 2.36E-08
 8360   1.3367  4.03E-05 7.918E-04 1.206E-02 3.938E-09 6.671E-07 3.971E-02 1.553E-01 2.167E-01 4.191E-01 1.227E+04 1.052E+02 2.36E-08
 8380   1.3375  4.04E-05 7.899E-04 1.204E-02 3.916E-09 6.672E-07 3.966E-02 1.552E-01 2.153E-01 4.183E-01 1.223E+04 1.047E+02 2.35E-08
 8400   1.3383  4.03E-05 7.882E-04 1.203E-02 3.892E-09 6.678E-07 3.962E-02 1.551E-01 2.165E-01 4.155E-01 1.220E+04 1.043E+02 2.34E-08
 8420   1.3391  4.01E-05 7.867E-04 1.201E-02 3.842E-09 6.685E-07 3.959E-02 1.550E-01 2.205E-01 4.121E-01 1.217E+04 1.046E+02 2.31E-08
 8440   1.3399  3.98E-05 7.854E-04 1.199E-02 3.768E-09 6.685E-07 3.955E-02 1.549E-01 2.269E-01 4.085E-01 1.213E+04 1.053E+02 2.26E-08
 8460   1.3407  3.94E-05 7.840E-04 1.198E-02 3.748E-09 6.673E-07 3.952E-02 1.548E-01 2.341E-01 4.051E-01 1.210E+04 1.051E+02 2.25E-08
 8480   1.3415  3.92E-05 7.824E-04 1.196E-02 3.777E-09 6.645E-07 3.948E-02 1.547E-01 2.397E-01 4.021E-01 1.207E+04 1.045E+02 2.27E-08
 8500   1.3423  3.89E-05 7.809E-04 1.195E-02 3.770E-09 6.605E-07 3.944E-02 1.546E-01 2.458E-01 3.997E-01 1.203E+04 1.042E+02 2.26E-08
 8520   1.3430  3.88E-05 7.795E-04 1.193E-02 3.757E-09 6.552E-07 3.940E-02 1.545E-01 2.494E-01 3.984E-01 1.200E+04 1.042E+02 2.25E-08
 8540   1.3438  3.87E-05 7.781E-04 1.192E-02 3.792E-09 6.487E-07 3.937E-02 1.544E-01 2.506E-01 3.987E-01 1.197E+04 1.048E+02 2.28E-08
 8560   1.3446  3.90E-05 7.766E-04 1.190E-02 3.812E-09 6.413E-07 3.933E-02 1.543E-01 2.464E-01 3.993E-01 1.194E+04 1.050E+02 2.29E-08
 8580   1.3454  3.93E-05 7.748E-04 1.189E-02 3.809E-09 6.331E-07 3.928E-02 1.542E-01 2.388E-01 3.998E-01 1.191E+04 1.043E+02 2.29E-08
 8600   1.3462  3.97E-05 7.730E-04 1.187E-02 3.866E-09 6.241E-07 3.923E-02 1.541E-01 2.317E-01 4.014E-01 1.187E+04 1.038E+02 2.32E-08
 8620   1.3470  3.98E-05 7.713E-04 1.186E-02 3.939E-09 6.151E-07 3.919E-02 1.540E-01 2.286E-01 4.029E-01 1.184E+04 1.037E+02 2.36E-08
 8640   1.3478  3.99E-05 7.697E-04 1.184E-02 3.957E-09 6.067E-07 3.915E-02 1.539E-01 2.256E-01 4.020E-01 1.181E+04 1.041E+02 2.37E-08
 8660   1.3486  3.97E-05 7.681E-04 1.183E-02 3.986E-09 5.994E-07 3.911E-02 1.538E-01 2.274E-01 4.006E-01 1.178E+04 1.041E+02 2.39E-08
 8680   1.3493  3.97E-05 7.665E-04 1.181E-02 4.015E-09 5.935E-07 3.907E-02 1.537E-01 2.292E-01 4.006E-01 1.175E+04 1.037E+02 2.41E-08
 8700   1.3501  3.97E-05 7.649E-04 1.180E-02 3.962E-09 5.894E-07 3.903E-02 1.536E-01 2.302E-01 4.027E-01 1.171E+04 1.032E+02 2.38E-08
 8720   1.3509  3.97E-05 7.636E-04 1.178E-02 3.912E-09 5.866E-07 3.900E-02 1.535E-01 2.303E-01 4.046E-01 1.168E+04 1.030E+02 2.35E-08
 8740   1.3517  3.98E-05 7.625E-04 1.177E-02 3.960E-09 5.847E-07 3.897E-02 1.534E-01 2.278E-01 4.048E-01 1.165E+04 1.035E+02 2.38E-08
 8760   1.3525  3.99E-05 7.614E-04 1.175E-02 4.009E-09 5.840E-07 3.894E-02 1.533E-01 2.263E-01 4.043E-01 1.162E+04 1.044E+02 2.41E-08
 8780   1.3533  4.00E-05 7.598E-04 1.173E-02 4.000E-09 5.852E-07 3.890E-02 1.532E-01 2.241E-01 4.040E-01 1.159E+04 1.046E+02 2.40E-08
 8800   1.3541  4.00E-05 7.578E-04 1.172E-02 4.007E-09 5.880E-07 3.884E-02 1.531E-01 2.282E-01 4.049E-01 1.156E+04 1.037E+02 2.40E-08
 8820   1.3549  3.99E-05 7.556E-04 1.170E-02 4.029E-09 5.926E-07 3.879E-02 1.530E-01 2.278E-01 4.067E-01 1.153E+04 1.027E+02 2.42E-08
 8840   1.3557  3.99E-05 7.537E-04 1.169E-02 4.012E-09 5.991E-07 3.874E-02 1.529E-01 2.294E-01 4.076E-01 1.150E+04 1.019E+02 2.41E-08
 8860   1.3565  4.01E-05 7.522E-04 1.167E-02 3.986E-09 6.075E-07 3.870E-02 1.528E-01 2.278E-01 4.070E-01 1.147E+04 1.024E+02 2.39E-08
 8880   1.3573  4.04E-05 7.511E-04 1.166E-02 3.964E-09 6.175E-07 3.867E-02 1.527E-01 2.252E-01 4.072E-01 1.144E+04 1.032E+02 2.38E-08
 8900   1.3581  4.05E-05 7.498E-04 1.164E-02 3.891E-09 6.288E-07 3.864E-02 1.526E-01 2.231E-01 4.079E-01 1.140E+04 1.031E+02 2.33E-08
 8920   1.3589  4.05E-05 7.485E-04 1.163E-02 3.788E-09 6.408E-07 3.860E-02 1.525E-01 2.198E-01 4.083E-01 1.137E+04 1.029E+02 2.27E-08
 8940   1.3598  4.05E-05 7.472E-04 1.161E-02 3.757E-09 6.522E-07 3.857E-02 1.524E-01 2.218E-01 4.083E-01 1.134E+04 1.028E+02 2.25E-08
 8960   1.3606  4.04E-05 7.458E-04 1.160E-02 3.777E-09 6.627E-07 3.853E-02 1.523E-01 2.285E-01 4.084E-01 1.131E+04 1.028E+02 2.27E-08
 8980   1.3614  4.03E-05 7.444E-04 1.158E-02 3.722E-09 6.725E-07 3.850E-02 1.522E-01 2.351E-01 4.085E-01 1.128E+04 1.028E+02 2.23E-08
 9000   1.3622  4.02E-05 7.429E-04 1.157E-02 3.636E-09 6.810E-07 3.846E-02 1.521E-01 2.417E-01 4.079E-01 1.125E+04 1.026E+02 2.18E-08
 9020   1.3630  3.99E-05 7.413E-04 1.156E-02 3.617E-09 6.875E-07 3.842E-02 1.520E-01 2.464E-01 4.069E-01 1.122E+04 1.020E+02 2.17E-08
 9040   1.3638  3.97E-05 7.400E-04 1.154E-02 3.601E-09 6.916E-07 3.838E-02 1.519E-01 2.496E-01 4.058E-01 1.119E+04 1.019E+02 2.16E-08
 9060   1.3646  3.97E-05 7.387E-04 1.153E-02 3.544E-09 6.932E-07 3.835E-02 1.518E-01 2.507E-01 4.062E-01 1.116E+04 1.023E+02 2.13E-08
 9080   1.3654  3.97E-05 7.375E-04 1.151E-02 3.560E-09 6.918E-07 3.832E-02 1.517E-01 2.526E-01 4.076E-01 1.113E+04 1.024E+02 2.14E-08
 9100   1.3662  3.97E-05 7.362E-04 1.150E-02 3.677E-09 6.875E-07 3.828E-02 1.516E-01 2.536E-01 4.101E-01 1.110E+04 1.026E+02 2.21E-08
 9120   1.3670  3.96E-05 7.346E-04 1.148E-02 3.765E-09 6.813E-07 3.824E-02 1.515E-01 2.489E-01 4.114E-01 1.107E+04 1.025E+02 2.26E-08
 9140   1.3677  3.96E-05 7.328E-04 1.147E-02 3.776E-09 6.742E-07 3.819E-02 1.515E-01 2.402E-01 4.106E-01 1.104E+04 1.016E+02 2.27E-08
 9160   1.3685  3.98E-05 7.312E-04 1.145E-02 3.782E-09 6.661E-07 3.815E-02 1.514E-01 2.370E-01 4.103E-01 1.101E+04 1.013E+02 2.27E-08
 9180   1.3693  3.96E-05 7.298E-04 1.144E-02 3.822E-09 6.574E-07 3.811E-02 1.513E-01 2.406E-01 4.107E-01 1.098E+04 1.019E+02 2.29E-08
 9200   1.3701  3.95E-05 7.283E-04 1.143E-02 3.862E-09 6.484E-07 3.807E-02 1.512E-01 2.426E-01 4.109E-01 1.095E+04 1.020E+02 2.32E-08
 9220   1.3709  3.96E-05 7.266E-04 1.141E-02 3.890E-09 6.396E-07 3.803E-02 1.511E-01 2.414E-01 4.089E-01 1.092E+04 1.017E+02 2.33E-08
 9240   1.3717  3.99E-05 7.249E-04 1.140E-02 3.911E-09 6.312E-07 3.799E-02 1.510E-01 2.425E-01 4.055E-01 1.089E+04 1.013E+02 2.35E-08
 9260   1.3725  4.01E-05 7.233E-04 1.138E-02 3.901E-09 6.234E-07 3.794E-02 1.509E-01 2.411E-01 4.022E-01 1.086E+04 1.007E+02 2.34E-08
 9280   1.3733  4.01E-05 7.220E-04 1.137E-02 3.864E-09 6.160E-07 3.791E-02 1.508E-01 2.389E-01 4.005E-01 1.083E+04 1.007E+02 2.32E-08
 9300   1.3741  4.00E-05 7.209E-04 1.136E-02 3.868E-09 6.085E-07 3.788E-02 1.507E-01 2.374E-01 4.017E-01 1.081E+04 1.012E+02 2.32E-08
 9320   1.3749  4.00E-05 7.199E-04 1.134E-02 3.927E-09 6.012E-07 3.785E-02 1.506E-01 2.380E-01 4.048E-01 1.078E+04 1.018E+02 2.36E-08
 9340   1.3757  4.00E-05 7.186E-04 1.133E-02 4.007E-09 5.947E-07 3.782E-02 1.505E-01 2.405E-01 4.094E-01 1.075E+04 1.021E+02 2.40E-08
 9360   1.3765  4.01E-05 7.169E-04 1.131E-02 4.065E-09 5.901E-07 3.778E-02 1.504E-01 2.405E-01 4.137E-01 1.072E+04 1.017E+02 2.44E-08
 9380   1.3773  4.02E-05 7.150E-04 1.130E-02 4.074E-09 5.882E-07 3.773E-02 1.503E-01 2.409E-01 4.131E-01 1.069E+04 1.006E+02 2.44E-08
 9400   1.3781  4.01E-05 7.132E-04 1.129E-02 4.047E-09 5.891E-07 3.768E-02 1.502E-01 2.406E-01 4.087E-01 1.067E+04 9.983E+01 2.43E-08
 9420   1.3789  3.99E-05 7.119E-04 1.127E-02 4.049E-09 5.925E-07 3.765E-02 1.501E-01 2.392E-01 4.015E-01 1.064E+04 1.001E+02 2.43E-08
 9440   1.3797  3.98E-05 7.109E-04 1.126E-02 4.107E-09 5.982E-07 3.762E-02 1.500E-01 2.424E-01 3.956E-01 1.061E+04 1.005E+02 2.46E-08
 9460   1.3805  3.97E-05 7.100E-04 1.124E-02 4.126E-09 6.068E-07 3.759E-02 1.500E-01 2.435E-01 3.913E-01 1.058E+04 1.010E+02 2.48E-08
 9480   1.3813  3.97E-05 7.089E-04 1.123E-02 4.012E-09 6.182E-07 3.756E-02 1.499E-01 2.433E-01 3.873E-01 1.055E+04 1.013E+02 2.41E-08
 9500   1.3821  3.98E-05 7.076E-04 1.122E-02 3.853E-09 6.309E-07 3.753E-02 1.498E-01 2.410E-01 3.850E-01 1.053E+04 1.006E+02 2.31E-08
 9520   1.3829  4.00E-05 7.061E-04 1.120E-02 3.810E-09 6.430E-07 3.749E-02 1.497E-01 2.376E-01 3.844E-01 1.050E+04 9.981E+01 2.29E-08
 9540   1.3837  4.02E-05 7.049E-04 1.119E-02 3.858E-09 6.539E-07 3.746E-02 1.496E-01 2.403E-01 3.870E-01 1.047E+04 1.001E+02 2.31E-08
 9560   1.3845  4.03E-05 7.038E-04 1.118E-02 3.880E-09 6.639E-07 3.743E-02 1.495E-01 2.415E-01 3.925E-01 1.044E+04 1.006E+02 2.33E-08
 9580   1.3853  4.03E-05 7.026E-04 1.116E-02 3.877E-09 6.733E-07 3.740E-02 1.494E-01 2.389E-01 3.959E-01 1.042E+04 1.006E+02 2.33E-08
 9600   1.3861  4.01E-05 7.012E-04 1.115E-02 3.860E-09 6.822E-07 3.736E-02 1.493E-01 2.347E-01 3.956E-01 1.039E+04 1.002E+02 2.32E-08
 9620   1.3869  4.00E-05 6.999E-04 1.113E-02 3.816E-09 6.904E-07 3.732E-02 1.492E-01 2.373E-01 3.925E-01 1.036E+04 9.973E+01 2.29E-08
 9640   1.3877  3.99E-05 6.987E-04 1.112E-02 3.798E-09 6.976E-07 3.729E-02 1.491E-01 2.404E-01 3.876E-01 1.034E+04 9.990E+01 2.28E-08
 9660   1.3885  4.00E-05 6.975E-04 1.111E-02 3.810E-09 7.038E-07 3.726E-02 1.490E-01 2.417E-01 3.858E-01 1.031E+04 1.005E+02 2.29E-08
 9680   1.3893  4.01E-05 6.961E-04 1.109E-02 3.781E-09 7.090E-07 3.722E-02 1.490E-01 2.408E-01 3.868E-01 1.028E+04 1.003E+02 2.27E-08
 9700   1.3901  4.01E-05 6.944E-04 1.108E-02 3.723E-09 7.128E-07 3.718E-02 1.489E-01 2.395E-01 3.889E-01 1.026E+04 9.969E+01 2.23E-08
 9720   1.3909  4.02E-05 6.928E-04 1.107E-02 3.705E-09 7.147E-07 3.713E-02 1.488E-01 2.363E-01 3.876E-01 1.023E+04 9.936E+01 2.22E-08
 9740   1.3917  4.02E-05 6.913E-04 1.105E-02 3.719E-09 7.146E-07 3.709E-02 1.487E-01 2.336E-01 3.830E-01 1.021E+04 9.897E+01 2.23E-08
 9760   1.3925  4.02E-05 6.900E-04 1.104E-02 3.753E-09 7.125E-07 3.706E-02 1.486E-01 2.325E-01 3.822E-01 1.018E+04 9.886E+01 2.25E-08
 9780   1.3933  3.99E-05 6.891E-04 1.103E-02 3.791E-09 7.090E-07 3.703E-02 1.485E-01 2.356E-01 3.832E-01 1.015E+04 9.953E+01 2.27E-08
 9800   1.3941  3.97E-05 6.881E-04 1.101E-02 3.784E-09 7.044E-07 3.701E-02 1.484E-01 2.394E-01 3.840E-01 1.013E+04 9.976E+01 2.27E-08
 9820   1.3949  3.96E-05 6.869E-04 1.100E-02 3.756E-09 6.988E-07 3.698E-02 1.483E-01 2.426E-01 3.832E-01 1.010E+04 9.933E+01 2.25E-08
 9840   1.3957  3.97E-05 6.858E-04 1.099E-02 3.763E-09 6.918E-07 3.695E-02 1.482E-01 2.450E-01 3.819E-01 1.008E+04 9.927E+01 2.26E-08
 9860   1.3965  3.98E-05 6.845E-04 1.097E-02 3.809E-09 6.836E-07 3.692E-02 1.481E-01 2.452E-01 3.813E-01 1.005E+04 9.968E+01 2.29E-08
 9880   1.3973  4.00E-05 6.831E-04 1.096E-02 3.870E-09 6.747E-07 3.688E-02 1.480E-01 2.430E-01 3.805E-01 1.003E+04 9.969E+01 2.32E-08
 9900   1.3981  4.00E-05 6.814E-04 1.095E-02 3.903E-09 6.659E-07 3.683E-02 1.480E-01 2.397E-01 3.792E-01 1.000E+04 9.890E+01 2.34E-08
 9920   1.3989  3.99E-05 6.797E-04 1.093E-02 3.881E-09 6.576E-07 3.678E-02 1.479E-01 2.353E-01 3.785E-01 9.977E+03 9.810E+01 2.33E-08
 9940   1.3997  3.98E-05 6.784E-04 1.092E-02 3.843E-09 6.497E-07 3.675E-02 1.478E-01 2.351E-01 3.783E-01 9.952E+03 9.761E+01 2.31E-08
 9960   1.4005  3.98E-05 6.775E-04 1.091E-02 3.822E-09 6.419E-07 3.673E-02 1.477E-01 2.343E-01 3.775E-01 9.928E+03 9.817E+01 2.29E-08
 9980   1.4013  3.98E-05 6.770E-04 1.089E-02 3.812E-09 6.339E-07 3.671E-02 1.476E-01 2.351E-01 3.767E-01 9.903E+03 9.934E+01 2.29E-08
10000   1.4021  3.98E-05 6.761E-04 1.088E-02 3.808E-09 6.257E-07 3.669E-02 1.475E-01 2.382E-01 3.784E-01 9.879E+03 9.978E+01 2.28E-08
10020   1.4029  3.98E-05 6.748E-04 1.087E-02 3.796E-09 6.171E-07 3.665E-02 1.474E-01 2.407E-01 3.803E-01 9.855E+03 9.908E+01 2.28E-08
10040   1.4037  3.99E-05 6.733E-04 1.086E-02 3.821E-09 6.082E-07 3.661E-02 1.473E-01 2.411E-01 3.801E-01 9.830E+03 9.805E+01 2.29E-08
10060   1.4045  4.00E-05 6.719E-04 1.084E-02 3.908E-09 5.992E-07 3.657E-02 1.473E-01 2.387E-01 3.797E-01 9.806E+03 9.759E+01 2.35E-08
10080   1.4053  4.00E-05 6.708E-04 1.083E-02 3.939E-09 5.914E-07 3.654E-02 1.472E-01 2.349E-01 3.791E-01 9.782E+03 9.792E+01 2.36E-08
10100   1.4061  3.98E-05 6.699E-04 1.082E-02 3.893E-09 5.850E-07 3.651E-02 1.471E-01 2.353E-01 3.789E-01 9.757E+03 9.845E+01 2.34E-08
10120   1.4069  3.96E-05 6.688E-04 1.080E-02 3.898E-09 5.798E-07 3.649E-02 1.470E-01 2.391E-01 3.783E-01 9.734E+03 9.873E+01 2.34E-08
10140   1.4077  3.95E-05 6.676E-04 1.079E-02 3.944E-09 5.757E-07 3.645E-02 1.469E-01 2.418E-01 3.766E-01 9.710E+03 9.817E+01 2.37E-08
10160   1.4085  3.95E-05 6.663E-04 1.078E-02 3.962E-09 5.733E-07 3.641E-02 1.468E-01 2.436E-01 3.754E-01 9.686E+03 9.775E+01 2.38E-08
10180   1.4092  3.97E-05 6.651E-04 1.077E-02 3.980E-09 5.727E-07 3.638E-02 1.467E-01 2.413E-01 3.746E-01 9.663E+03 9.762E+01 2.39E-08
10200   1.4100  3.99E-05 6.640E-04 1.075E-02 3.987E-09 5.743E-07 3.635E-02 1.467E-01 2.379E-01 3.754E-01 9.639E+03 9.751E+01 2.39E-08
10220   1.4108  4.00E-05 6.631E-04 1.074E-02 3.944E-09 5.779E-07 3.633E-02 1.466E-01 2.369E-01 3.770E-01 9.615E+03 9.752E+01 2.37E-08
10240   1.4116  3.98E-05 6.623E-04 1.073E-02 3.883E-09 5.830E-07 3.630E-02 1.465E-01 2.402E-01 3.794E-01 9.592E+03 9.734E+01 2.33E-08
10260   1.4124  3.96E-05 6.616E-04 1.072E-02 3.834E-09 5.886E-07 3.629E-02 1.464E-01 2.429E-01 3.802E-01 9.569E+03 9.774E+01 2.30E-08
10280   1.4132  3.96E-05 6.609E-04 1.070E-02 3.818E-09 5.940E-07 3.627E-02 1.463E-01 2.414E-01 3.786E-01 9.547E+03 9.851E+01 2.29E-08
10300   1.4140  3.98E-05 6.598E-04 1.069E-02 3.846E-09 5.990E-07 3.624E-02 1.462E-01 2.371E-01 3.758E-01 9.524E+03 9.854E+01 2.31E-08
10320   1.4148  3.99E-05 6.582E-04 1.068E-02 3.864E-09 6.037E-07 3.620E-02 1.461E-01 2.349E-01 3.730E-01 9.501E+03 9.786E+01 2.32E-08
10340   1.4156  3.99E-05 6.565E-04 1.067E-02 3.828E-09 6.083E-07 3.615E-02 1.460E-01 2.328E-01 3.694E-01 9.478E+03 9.703E+01 2.30E-08
10360   1.4164  3.98E-05 6.550E-04 1.065E-02 3.794E-09 6.122E-07 3.611E-02 1.460E-01 2.348E-01 3.680E-01 9.456E+03 9.629E+01 2.28E-08
10380   1.4172  3.98E-05 6.538E-04 1.064E-02 3.827E-09 6.151E-07 3.608E-02 1.459E-01 2.358E-01 3.707E-01 9.433E+03 9.661E+01 2.30E-08
10400   1.4180  3.97E-05 6.530E-04 1.063E-02 3.896E-09 6.173E-07 3.605E-02 1.458E-01 2.392E-01 3.718E-01 9.410E+03 9.707E+01 2.34E-08
10420   1.4188  3.97E-05 6.522E-04 1.062E-02 3.920E-09 6.195E-07 3.603E-02 1.457E-01 2.388E-01 3.740E-01 9.388E+03 9.713E+01 2.35E-08
10440   1.4196  3.99E-05 6.513E-04 1.060E-02 3.909E-09 6.223E-07 3.600E-02 1.456E-01 2.359E-01 3.781E-01 9.366E+03 9.732E+01 2.35E-08
10460   1.4204  3.98E-05 6.504E-04 1.059E-02 3.916E-09 6.254E-07 3.598E-02 1.455E-01 2.381E-01 3.812E-01 9.344E+03 9.730E+01 2.35E-08
10480   1.4212  3.97E-05 6.493E-04 1.058E-02 3.914E-09 6.291E-07 3.594E-02 1.455E-01 2.403E-01 3.824E-01 9.322E+03 9.688E+01 2.35E-08
10500   1.4220  3.96E-05 6.483E-04 1.057E-02 3.885E-09 6.334E-07 3.591E-02 1.454E-01 2.426E-01 3.799E-01 9.301E+03 9.671E+01 2.33E-08
10520   1.4228  3.96E-05 6.473E-04 1.055E-02 3.876E-09 6.380E-07 3.589E-02 1.453E-01 2.420E-01 3.756E-01 9.279E+03 9.655E+01 2.33E-08
10540   1.4236  3.96E-05 6.464E-04 1.054E-02 3.881E-09 6.429E-07 3.586E-02 1.452E-01 2.404E-01 3.708E-01 9.258E+03 9.643E+01 2.33E-08
10560   1.4244  3.98E-05 6.456E-04 1.053E-02 3.845E-09 6.481E-07 3.584E-02 1.451E-01 2.373E-01 3.693E-01 9.237E+03 9.699E+01 2.31E-08
10580   1.4251  3.99E-05 6.446E-04 1.052E-02 3.774E-09 6.534E-07 3.581E-02 1.450E-01 2.339E-01 3.728E-01 9.216E+03 9.731E+01 2.26E-08
10600   1.4259  4.01E-05 6.433E-04 1.050E-02 3.746E-09 6.580E-07 3.578E-02 1.449E-01 2.310E-01 3.726E-01 9.196E+03 9.681E+01 2.25E-08
10620   1.4268  4.01E-05 6.419E-04 1.049E-02 3.783E-09 6.616E-07 3.574E-02 1.449E-01 2.305E-01 3.713E-01 9.175E+03 9.619E+01 2.27E-08
10640   1.4276  4.02E-05 6.406E-04 1.048E-02 3.801E-09 6.645E-07 3.570E-02 1.448E-01 2.292E-01 3.696E-01 9.154E+03 9.551E+01 2.28E-08
10660   1.4284  4.02E-05 6.396E-04 1.047E-02 3.766E-09 6.670E-07 3.567E-02 1.447E-01 2.296E-01 3.692E-01 9.133E+03 9.522E+01 2.26E-08
10680   1.4292  4.02E-05 6.390E-04 1.045E-02 3.748E-09 6.686E-07 3.566E-02 1.446E-01 2.311E-01 3.712E-01 9.113E+03 9.602E+01 2.25E-08
10700   1.4300  4.00E-05 6.385E-04 1.044E-02 3.757E-09 6.691E-07 3.564E-02 1.445E-01 2.354E-01 3.714E-01 9.092E+03 9.718E+01 2.25E-08
10720   1.4308  3.98E-05 6.375E-04 1.043E-02 3.731E-09 6.686E-07 3.561E-02 1.444E-01 2.401E-01 3.697E-01 9.073E+03 9.730E+01 2.24E-08
10740   1.4316  3.97E-05 6.360E-04 1.042E-02 3.672E-09 6.667E-07 3.557E-02 1.443E-01 2.407E-01 3.661E-01 9.053E+03 9.592E+01 2.20E-08
10760   1.4324  3.97E-05 6.345E-04 1.041E-02 3.654E-09 6.628E-07 3.553E-02 1.443E-01 2.400E-01 3.659E-01 9.033E+03 9.497E+01 2.19E-08
10780   1.4331  3.97E-05 6.334E-04 1.039E-02 3.705E-09 6.567E-07 3.550E-02 1.442E-01 2.375E-01 3.650E-01 9.014E+03 9.471E+01 2.22E-08
10800   1.4339  3.98E-05 6.326E-04 1.038E-02 3.750E-09 6.489E-07 3.548E-02 1.441E-01 2.348E-01 3.655E-01 8.994E+03 9.510E+01 2.25E-08
10820   1.4347  3.99E-05 6.321E-04 1.037E-02 3.754E-09 6.398E-07 3.546E-02 1.440E-01 2.308E-01 3.680E-01 8.974E+03 9.604E+01 2.25E-08
10840   1.4355  3.99E-05 6.314E-04 1.036E-02 3.784E-09 6.296E-07 3.544E-02 1.439E-01 2.312E-01 3.685E-01 8.954E+03 9.630E+01 2.27E-08
10860   1.4363  3.99E-05 6.305E-04 1.035E-02 3.839E-09 6.187E-07 3.542E-02 1.439E-01 2.309E-01 3.677E-01 8.934E+03 9.569E+01 2.30E-08
10880   1.4371  4.00E-05 6.294E-04 1.033E-02 3.876E-09 6.076E-07 3.538E-02 1.438E-01 2.288E-01 3.668E-01 8.915E+03 9.478E+01 2.33E-08
10900   1.4379  3.99E-05 6.285E-04 1.032E-02 3.927E-09 5.969E-07 3.536E-02 1.437E-01 2.295E-01 3.660E-01 8.896E+03 9.491E+01 2.36E-08
10920   1.4387  3.99E-05 6.278E-04 1.031E-02 3.965E-09 5.872E-07 3.534E-02 1.436E-01 2.290E-01 3.670E-01 8.877E+03 9.505E+01 2.38E-08
10940   1.4395  3.99E-05 6.272E-04 1.030E-02 3.956E-09 5.790E-07 3.532E-02 1.435E-01 2.281E-01 3.694E-01 8.858E+03 9.495E+01 2.37E-08
10960   1.4403  3.99E-05 6.267E-04 1.029E-02 3.986E-09 5.723E-07 3.531E-02 1.434E-01 2.294E-01 3.708E-01 8.840E+03 9.549E+01 2.39E-08
10980   1.4411  3.98E-05 6.261E-04 1.028E-02 4.073E-09 5.676E-07 3.529E-02 1.434E-01 2.304E-01 3.715E-01 8.821E+03 9.602E+01 2.44E-08
