#---it-------t--------ee2m------aa2m------emag------EEGW------hrms------brms------erms------EEEM------bmax------nlin0------nlin1------nlin2---
      0     -0.900 2.865E-12 1.439E-15 0.000E+00 0.000E+00 0.000E+00 0.000E+00 0.000E+00 0.000E+00 0.000E+00 0.0000E+00 0.0000E+00 0.0000E+00
      5     -0.875 6.268E-12 4.915E-15 4.332E-10 3.341E-21 1.382E-12 1.869E-06 3.880E-06 9.276E-12 7.501E-06 4.9830E-16 4.3838E-16 7.4081E-40
     10     -0.850 2.140E-11 2.116E-14 1.165E-09 2.531E-20 7.247E-12 3.065E-06 6.858E-06 2.821E-11 1.182E-05 2.5370E-15 2.0359E-15 2.4935E-37
     15     -0.825 7.344E-11 8.316E-14 2.619E-09 1.778E-19 2.209E-11 4.595E-06 1.221E-05 8.506E-11 1.606E-05 9.9810E-15 1.0811E-14 8.8677E-36
     20     -0.800 2.170E-10 3.069E-13 6.445E-09 1.154E-18 6.205E-11 7.209E-06 2.088E-05 2.439E-10 2.546E-05 3.3571E-14 5.3845E-14 1.5792E-34
     25     -0.775 5.800E-10 1.017E-12 1.549E-08 6.476E-18 1.620E-10 1.118E-05 3.400E-05 6.403E-10 4.222E-05 1.1036E-13 2.3562E-13 2.2898E-33
     30     -0.750 1.418E-09 3.028E-12 3.536E-08 3.134E-17 3.913E-10 1.688E-05 5.299E-05 1.546E-09 6.241E-05 3.1474E-13 9.1137E-13 2.9138E-32
     35     -0.725 3.208E-09 8.218E-12 7.644E-08 1.329E-16 8.794E-10 2.483E-05 7.948E-05 3.467E-09 8.677E-05 7.7711E-13 3.1513E-12 2.4527E-31
     40     -0.700 6.792E-09 2.058E-11 1.567E-07 4.998E-16 1.853E-09 3.554E-05 1.154E-04 7.285E-09 1.179E-04 1.8227E-12 9.8786E-12 1.6637E-30
     45     -0.675 1.354E-08 4.798E-11 3.060E-07 1.704E-15 3.692E-09 4.967E-05 1.626E-04 1.445E-08 1.634E-04 4.1903E-12 2.8323E-11 1.1865E-29
     50     -0.650 2.576E-08 1.055E-10 5.719E-07 5.303E-15 7.007E-09 6.791E-05 2.238E-04 2.734E-08 2.181E-04 1.0317E-11 7.5579E-11 9.9338E-29
     55     -0.625 4.691E-08 2.201E-10 1.028E-06 1.535E-14 1.274E-08 9.104E-05 3.014E-04 4.956E-08 2.842E-04 2.4774E-11 1.8888E-10 8.5220E-28
     60     -0.600 8.226E-08 4.384E-10 1.784E-06 4.143E-14 2.232E-08 1.199E-04 3.984E-04 8.654E-08 3.718E-04 5.6547E-11 4.4555E-10 6.4685E-27
     65     -0.575 1.395E-07 8.381E-10 2.999E-06 1.056E-13 3.781E-08 1.555E-04 5.178E-04 1.462E-07 4.865E-04 1.2134E-10 9.9852E-10 4.0418E-26
     70     -0.550 2.296E-07 1.545E-09 4.901E-06 2.550E-13 6.221E-08 1.988E-04 6.632E-04 2.397E-07 6.227E-04 2.4653E-10 2.1379E-09 2.1090E-25
     75     -0.525 3.681E-07 2.757E-09 7.808E-06 5.849E-13 9.962E-08 2.509E-04 8.382E-04 3.828E-07 7.802E-04 4.8123E-10 4.3939E-09 9.6484E-25
     80     -0.500 5.760E-07 4.778E-09 1.215E-05 1.279E-12 1.555E-07 3.130E-04 1.047E-03 5.969E-07 9.587E-04 9.1198E-10 8.7031E-09 3.9745E-24
     85     -0.475 8.820E-07 8.064E-09 1.852E-05 2.702E-12 2.370E-07 3.864E-04 1.293E-03 9.109E-07 1.161E-03 1.6774E-09 1.6673E-08 1.4339E-23
     90     -0.450 1.324E-06 1.328E-08 2.769E-05 5.545E-12 3.551E-07 4.725E-04 1.582E-03 1.363E-06 1.432E-03 2.9740E-09 3.0985E-08 5.0003E-23
     95     -0.425 1.953E-06 2.140E-08 4.067E-05 1.104E-11 5.232E-07 5.727E-04 1.918E-03 2.004E-06 1.750E-03 5.0664E-09 5.6010E-08 1.6333E-22
    100     -0.400 2.833E-06 3.380E-08 5.880E-05 2.099E-11 7.576E-07 6.885E-04 2.307E-03 2.897E-06 2.145E-03 8.3398E-09 9.8711E-08 5.1460E-22
    105     -0.375 4.047E-06 5.239E-08 8.375E-05 3.919E-11 1.079E-06 8.217E-04 2.753E-03 4.127E-06 2.615E-03 1.3400E-08 1.6996E-07 1.5908E-21
    110     -0.350 5.702E-06 7.984E-08 1.176E-04 7.095E-11 1.514E-06 9.740E-04 3.263E-03 5.798E-06 3.151E-03 2.1250E-08 2.8642E-07 4.7259E-21
    115     -0.325 7.930E-06 1.197E-07 1.632E-04 1.261E-10 2.095E-06 1.147E-03 3.843E-03 8.041E-06 3.755E-03 3.3528E-08 4.7317E-07 1.3319E-20
    120     -0.300 1.090E-05 1.770E-07 2.236E-04 2.210E-10 2.866E-06 1.343E-03 4.498E-03 1.102E-05 4.424E-03 5.2792E-08 7.6743E-07 3.5755E-20
    125     -0.275 1.481E-05 2.580E-07 3.031E-04 3.781E-10 3.881E-06 1.563E-03 5.237E-03 1.494E-05 5.163E-03 8.3068E-08 1.2236E-06 9.2590E-20
    130     -0.250 1.992E-05 3.713E-07 4.066E-04 6.362E-10 5.202E-06 1.811E-03 6.066E-03 2.004E-05 5.969E-03 1.3065E-07 1.9200E-06 2.3434E-19
    135     -0.225 2.652E-05 5.281E-07 5.402E-04 1.056E-09 6.909E-06 2.087E-03 6.993E-03 2.663E-05 6.842E-03 2.0494E-07 2.9684E-06 5.8928E-19
    140     -0.200 3.500E-05 7.428E-07 7.110E-04 1.729E-09 9.101E-06 2.394E-03 8.025E-03 3.507E-05 7.785E-03 3.1953E-07 4.5261E-06 1.4926E-18
    145     -0.175 4.579E-05 1.034E-06 9.279E-04 2.784E-09 1.190E-05 2.735E-03 9.171E-03 4.579E-05 8.793E-03 4.9406E-07 6.8121E-06 3.8302E-18
    150     -0.150 5.943E-05 1.425E-06 1.201E-03 4.406E-09 1.543E-05 3.112E-03 1.044E-02 5.932E-05 9.863E-03 7.5701E-07 1.0129E-05 9.9650E-18
    155     -0.125 7.654E-05 1.945E-06 1.543E-03 6.895E-09 1.987E-05 3.527E-03 1.184E-02 7.629E-05 1.100E-02 1.1490E-06 1.4889E-05 2.6140E-17
    160     -0.100 9.787E-05 2.632E-06 1.969E-03 1.067E-08 2.541E-05 3.984E-03 1.338E-02 9.742E-05 1.220E-02 1.7274E-06 2.1654E-05 6.8470E-17
    165     -0.075 1.243E-04 3.532E-06 2.494E-03 1.632E-08 3.228E-05 4.484E-03 1.507E-02 1.236E-04 1.347E-02 2.5712E-06 3.1175E-05 1.7742E-16
    170     -0.050 1.568E-04 4.703E-06 3.140E-03 2.469E-08 4.076E-05 5.032E-03 1.692E-02 1.558E-04 1.481E-02 3.7870E-06 4.4457E-05 4.5136E-16
    175     -0.025 1.967E-04 6.215E-06 3.930E-03 3.695E-08 5.117E-05 5.629E-03 1.894E-02 1.952E-04 1.623E-02 5.5181E-06 6.2828E-05 1.1209E-15
    180     -0.000 2.452E-04 8.155E-06 4.890E-03 5.475E-08 6.388E-05 6.279E-03 2.115E-02 2.433E-04 1.773E-02 7.9573E-06 8.8035E-05 2.7081E-15
    185      0.025 3.041E-04 1.063E-05 6.052E-03 7.889E-08 7.955E-05 6.986E-03 2.354E-02 3.015E-04 1.931E-02 1.1358E-05 1.2236E-04 6.5457E-15
    190      0.050 3.750E-04 1.376E-05 7.453E-03 1.132E-07 9.791E-05 7.752E-03 2.614E-02 3.718E-04 2.098E-02 1.6048E-05 1.6876E-04 1.4884E-14
    195      0.075 4.602E-04 1.772E-05 9.132E-03 1.621E-07 1.199E-04 8.581E-03 2.896E-02 4.563E-04 2.304E-02 2.2449E-05 2.3105E-04 3.3089E-14
    200      0.100 5.620E-04 2.267E-05 1.114E-02 2.313E-07 1.460E-04 9.477E-03 3.201E-02 5.573E-04 2.551E-02 3.1098E-05 3.1413E-04 7.2080E-14
    205      0.125 6.831E-04 2.884E-05 1.353E-02 3.282E-07 1.773E-04 1.044E-02 3.530E-02 6.777E-04 2.816E-02 4.2663E-05 4.2422E-04 1.5427E-13
    210      0.150 8.267E-04 3.650E-05 1.636E-02 4.628E-07 2.144E-04 1.149E-02 3.885E-02 8.206E-04 3.096E-02 5.7962E-05 5.6923E-04 3.2532E-13
    215      0.175 9.963E-04 4.595E-05 1.971E-02 6.486E-07 2.584E-04 1.261E-02 4.266E-02 9.895E-04 3.391E-02 7.7988E-05 7.5913E-04 6.7761E-13
    220      0.200 1.196E-03 5.757E-05 2.365E-02 9.030E-07 3.104E-04 1.381E-02 4.676E-02 1.189E-03 3.699E-02 1.0394E-04 1.0064E-03 1.3963E-12
    225      0.225 1.430E-03 7.178E-05 2.827E-02 1.249E-06 3.718E-04 1.510E-02 5.116E-02 1.422E-03 4.021E-02 1.3726E-04 1.3267E-03 2.8494E-12
    230      0.250 1.703E-03 8.910E-05 3.368E-02 1.717E-06 4.440E-04 1.648E-02 5.586E-02 1.696E-03 4.355E-02 1.7966E-04 1.7394E-03 5.7625E-12
    235      0.275 2.021E-03 1.101E-04 4.000E-02 2.345E-06 5.285E-04 1.796E-02 6.090E-02 2.015E-03 4.701E-02 2.3319E-04 2.2686E-03 1.1557E-11
    240      0.300 2.390E-03 1.355E-04 4.735E-02 3.185E-06 6.273E-04 1.954E-02 6.627E-02 2.387E-03 5.059E-02 3.0042E-04 2.9438E-03 2.3001E-11
    245      0.325 2.817E-03 1.661E-04 5.587E-02 4.299E-06 7.423E-04 2.122E-02 7.200E-02 2.817E-03 5.426E-02 3.8460E-04 3.8013E-03 4.5427E-11
    250      0.350 3.309E-03 2.028E-04 6.574E-02 5.771E-06 8.759E-04 2.302E-02 7.811E-02 3.316E-03 5.804E-02 4.8981E-04 4.8854E-03 8.8988E-11
    255      0.375 3.876E-03 2.466E-04 7.712E-02 7.705E-06 1.031E-03 2.494E-02 8.461E-02 3.890E-03 6.189E-02 6.2132E-04 6.2503E-03 1.7279E-10
    260      0.400 4.526E-03 2.989E-04 9.024E-02 1.023E-05 1.209E-03 2.697E-02 9.151E-02 4.551E-03 6.580E-02 7.8598E-04 7.9611E-03 3.3231E-10
    265      0.425 5.270E-03 3.610E-04 1.053E-01 1.339E-05 1.415E-03 2.914E-02 9.884E-02 5.309E-03 7.024E-02 9.9264E-04 1.0097E-02 6.3280E-10
    270      0.450 6.119E-03 4.344E-04 1.226E-01 1.729E-05 1.649E-03 3.144E-02 1.066E-01 6.177E-03 7.509E-02 1.2526E-03 1.2753E-02 1.1995E-09
    275      0.475 7.086E-03 5.212E-04 1.424E-01 2.236E-05 1.914E-03 3.388E-02 1.148E-01 7.167E-03 8.045E-02 1.5800E-03 1.6043E-02 2.2601E-09
    280      0.500 8.183E-03 6.232E-04 1.649E-01 2.893E-05 2.215E-03 3.647E-02 1.235E-01 8.296E-03 8.636E-02 1.9929E-03 2.0103E-02 4.2214E-09
    285      0.525 9.428E-03 7.430E-04 1.907E-01 3.739E-05 2.557E-03 3.921E-02 1.327E-01 9.578E-03 9.255E-02 2.5139E-03 2.5095E-02 7.8004E-09
    290      0.550 1.083E-02 8.832E-04 2.199E-01 4.822E-05 2.945E-03 4.211E-02 1.424E-01 1.103E-02 9.905E-02 3.1712E-03 3.1212E-02 1.4237E-08
    295      0.575 1.242E-02 1.047E-03 2.531E-01 6.203E-05 3.385E-03 4.518E-02 1.527E-01 1.268E-02 1.059E-01 3.9995E-03 3.8679E-02 2.5634E-08
    300      0.600 1.421E-02 1.237E-03 2.908E-01 7.955E-05 3.883E-03 4.842E-02 1.635E-01 1.453E-02 1.130E-01 5.0409E-03 4.7767E-02 4.5497E-08
    305      0.625 1.622E-02 1.458E-03 3.333E-01 1.017E-04 4.446E-03 5.184E-02 1.748E-01 1.663E-02 1.206E-01 6.3468E-03 5.8788E-02 7.9561E-08
    310      0.650 1.847E-02 1.715E-03 3.814E-01 1.295E-04 5.083E-03 5.545E-02 1.868E-01 1.898E-02 1.285E-01 7.9786E-03 7.2112E-02 1.3706E-07
    315      0.675 2.099E-02 2.011E-03 4.355E-01 1.643E-04 5.801E-03 5.926E-02 1.994E-01 2.163E-02 1.368E-01 1.0009E-02 8.8170E-02 2.3259E-07
    320      0.700 2.380E-02 2.352E-03 4.964E-01 2.078E-04 6.610E-03 6.327E-02 2.125E-01 2.459E-02 1.456E-01 1.2522E-02 1.0746E-01 3.8886E-07
    325      0.725 2.694E-02 2.745E-03 5.649E-01 2.618E-04 7.520E-03 6.749E-02 2.264E-01 2.790E-02 1.560E-01 1.5617E-02 1.3057E-01 6.4067E-07
    330      0.750 3.044E-02 3.196E-03 6.416E-01 3.286E-04 8.542E-03 7.192E-02 2.409E-01 3.160E-02 1.675E-01 1.9412E-02 1.5818E-01 1.0407E-06
    335      0.775 3.432E-02 3.712E-03 7.275E-01 4.111E-04 9.686E-03 7.659E-02 2.561E-01 3.573E-02 1.798E-01 2.4041E-02 1.9105E-01 1.6676E-06
    340      0.800 3.863E-02 4.303E-03 8.236E-01 5.125E-04 1.097E-02 8.149E-02 2.720E-01 4.031E-02 1.927E-01 2.9664E-02 2.3009E-01 2.6375E-06
    345      0.825 4.341E-02 4.977E-03 9.309E-01 6.367E-04 1.240E-02 8.663E-02 2.887E-01 4.541E-02 2.063E-01 3.6465E-02 2.7633E-01 4.1205E-06
    350      0.850 4.869E-02 5.744E-03 1.050E+00 7.884E-04 1.399E-02 9.203E-02 3.061E-01 5.107E-02 2.206E-01 4.4661E-02 3.3095E-01 6.3636E-06
    355      0.875 5.451E-02 6.616E-03 1.184E+00 9.730E-04 1.576E-02 9.769E-02 3.242E-01 5.733E-02 2.357E-01 5.4505E-02 3.9530E-01 9.7225E-06
    360      0.900 6.094E-02 7.606E-03 1.332E+00 1.197E-03 1.773E-02 1.036E-01 3.432E-01 6.426E-02 2.515E-01 6.6297E-02 4.7092E-01 1.4706E-05
    365      0.925 6.802E-02 8.727E-03 1.496E+00 1.468E-03 1.992E-02 1.098E-01 3.630E-01 7.191E-02 2.681E-01 8.0389E-02 5.5955E-01 2.2037E-05
    370      0.950 7.579E-02 9.994E-03 1.678E+00 1.795E-03 2.233E-02 1.163E-01 3.836E-01 8.035E-02 2.854E-01 9.7187E-02 6.6320E-01 3.2736E-05
    375      0.975 8.433E-02 1.142E-02 1.880E+00 2.189E-03 2.501E-02 1.231E-01 4.051E-01 8.964E-02 3.035E-01 1.1717E-01 7.8410E-01 4.8232E-05
    380      1.000 9.369E-02 1.304E-02 2.103E+00 2.661E-03 2.796E-02 1.302E-01 4.275E-01 9.986E-02 3.224E-01 1.4088E-01 9.2480E-01 7.0521E-05
    385      1.025 1.039E-01 1.485E-02 2.349E+00 2.632E-03 3.108E-02 1.376E-01 4.508E-01 1.111E-01 3.421E-01 0.0000E+00 0.0000E+00 1.0071E-04
    390      1.050 1.151E-01 1.688E-02 2.621E+00 2.460E-03 3.411E-02 1.454E-01 4.750E-01 1.234E-01 3.626E-01 0.0000E+00 0.0000E+00 1.3656E-04
    395      1.075 1.274E-01 1.917E-02 2.920E+00 2.288E-03 3.702E-02 1.534E-01 5.002E-01 1.369E-01 3.839E-01 0.0000E+00 0.0000E+00 1.7701E-04
    400      1.100 1.407E-01 2.172E-02 3.250E+00 2.119E-03 3.980E-02 1.619E-01 5.263E-01 1.516E-01 4.061E-01 0.0000E+00 0.0000E+00 2.2066E-04
    405      1.125 1.553E-01 2.458E-02 3.612E+00 1.955E-03 4.246E-02 1.707E-01 5.535E-01 1.677E-01 4.292E-01 0.0000E+00 0.0000E+00 2.6573E-04
    410      1.150 1.711E-01 2.777E-02 4.010E+00 1.799E-03 4.499E-02 1.798E-01 5.817E-01 1.853E-01 4.532E-01 0.0000E+00 0.0000E+00 3.1023E-04
    415      1.175 1.882E-01 3.133E-02 4.447E+00 1.654E-03 4.738E-02 1.893E-01 6.109E-01 2.045E-01 4.781E-01 0.0000E+00 0.0000E+00 3.5207E-04
    420      1.200 2.069E-01 3.529E-02 4.925E+00 1.522E-03 4.963E-02 1.993E-01 6.412E-01 2.254E-01 5.039E-01 0.0000E+00 0.0000E+00 3.8927E-04
    425      1.225 2.271E-01 3.970E-02 5.449E+00 1.403E-03 5.175E-02 2.096E-01 6.726E-01 2.481E-01 5.307E-01 0.0000E+00 0.0000E+00 4.2011E-04
    430      1.250 2.490E-01 4.459E-02 6.022E+00 1.300E-03 5.372E-02 2.204E-01 7.051E-01 2.728E-01 5.585E-01 0.0000E+00 0.0000E+00 4.4325E-04
    435      1.275 2.727E-01 5.001E-02 6.649E+00 1.212E-03 5.555E-02 2.315E-01 7.387E-01 2.996E-01 5.873E-01 0.0000E+00 0.0000E+00 4.5783E-04
    440      1.300 2.983E-01 5.601E-02 7.332E+00 1.140E-03 5.725E-02 2.431E-01 7.735E-01 3.287E-01 6.171E-01 0.0000E+00 0.0000E+00 4.6358E-04
    445      1.325 3.259E-01 6.266E-02 8.078E+00 1.084E-03 5.881E-02 2.552E-01 8.095E-01 3.602E-01 6.479E-01 0.0000E+00 0.0000E+00 4.6078E-04
    450      1.350 3.557E-01 7.000E-02 8.891E+00 1.043E-03 6.024E-02 2.677E-01 8.467E-01 3.943E-01 6.798E-01 0.0000E+00 0.0000E+00 4.5029E-04
    455      1.375 3.878E-01 7.810E-02 9.776E+00 1.016E-03 6.153E-02 2.808E-01 8.851E-01 4.311E-01 7.128E-01 0.0000E+00 0.0000E+00 4.3343E-04
    460      1.400 4.223E-01 8.702E-02 1.074E+01 1.003E-03 6.271E-02 2.943E-01 9.248E-01 4.709E-01 7.469E-01 0.0000E+00 0.0000E+00 4.1193E-04
    465      1.425 4.594E-01 9.685E-02 1.178E+01 1.002E-03 6.377E-02 3.083E-01 9.657E-01 5.138E-01 7.821E-01 0.0000E+00 0.0000E+00 3.8771E-04
    470      1.450 4.993E-01 1.077E-01 1.292E+01 1.012E-03 6.471E-02 3.228E-01 1.008E+00 5.601E-01 8.186E-01 0.0000E+00 0.0000E+00 3.6283E-04
    475      1.475 5.421E-01 1.195E-01 1.415E+01 1.032E-03 6.555E-02 3.378E-01 1.052E+00 6.099E-01 8.562E-01 0.0000E+00 0.0000E+00 3.3923E-04
    480      1.500 5.880E-01 1.326E-01 1.549E+01 1.060E-03 6.628E-02 3.534E-01 1.096E+00 6.635E-01 8.951E-01 0.0000E+00 0.0000E+00 3.1865E-04
    485      1.525 6.371E-01 1.468E-01 1.694E+01 1.095E-03 6.692E-02 3.696E-01 1.143E+00 7.212E-01 9.353E-01 0.0000E+00 0.0000E+00 3.0250E-04
    490      1.550 6.897E-01 1.625E-01 1.851E+01 1.135E-03 6.746E-02 3.863E-01 1.190E+00 7.831E-01 9.768E-01 0.0000E+00 0.0000E+00 2.9168E-04
    495      1.575 7.459E-01 1.796E-01 2.020E+01 1.180E-03 6.793E-02 4.036E-01 1.239E+00 8.496E-01 1.020E+00 0.0000E+00 0.0000E+00 2.8662E-04
    500      1.600 8.059E-01 1.982E-01 2.204E+01 1.227E-03 6.831E-02 4.215E-01 1.290E+00 9.208E-01 1.064E+00 0.0000E+00 0.0000E+00 2.8721E-04
    505      1.625 8.700E-01 2.186E-01 2.402E+01 1.277E-03 6.863E-02 4.400E-01 1.342E+00 9.972E-01 1.110E+00 0.0000E+00 0.0000E+00 2.9288E-04
    510      1.650 9.383E-01 2.409E-01 2.615E+01 1.328E-03 6.887E-02 4.592E-01 1.395E+00 1.079E+00 1.157E+00 0.0000E+00 0.0000E+00 3.0264E-04
    515      1.675 1.011E+00 2.651E-01 2.846E+01 1.379E-03 6.906E-02 4.790E-01 1.450E+00 1.166E+00 1.205E+00 0.0000E+00 0.0000E+00 3.1527E-04
    520      1.700 1.089E+00 2.915E-01 3.094E+01 1.429E-03 6.920E-02 4.995E-01 1.507E+00 1.260E+00 1.256E+00 0.0000E+00 0.0000E+00 3.2944E-04
    525      1.725 1.171E+00 3.202E-01 3.362E+01 1.479E-03 6.928E-02 5.206E-01 1.565E+00 1.360E+00 1.307E+00 0.0000E+00 0.0000E+00 3.4385E-04
    530      1.750 1.259E+00 3.513E-01 3.649E+01 1.527E-03 6.932E-02 5.425E-01 1.624E+00 1.466E+00 1.361E+00 0.0000E+00 0.0000E+00 3.5740E-04
    535      1.775 1.352E+00 3.851E-01 3.959E+01 1.574E-03 6.932E-02 5.650E-01 1.685E+00 1.580E+00 1.416E+00 0.0000E+00 0.0000E+00 3.6929E-04
    540      1.800 1.451E+00 4.218E-01 4.292E+01 1.619E-03 6.929E-02 5.883E-01 1.748E+00 1.701E+00 1.473E+00 0.0000E+00 0.0000E+00 3.7910E-04
    545      1.825 1.555E+00 4.616E-01 4.649E+01 1.662E-03 6.923E-02 6.123E-01 1.812E+00 1.830E+00 1.531E+00 0.0000E+00 0.0000E+00 3.8680E-04
    550      1.850 1.666E+00 5.046E-01 5.033E+01 1.702E-03 6.914E-02 6.370E-01 1.878E+00 1.967E+00 1.591E+00 0.0000E+00 0.0000E+00 3.9275E-04
    555      1.875 1.784E+00 5.511E-01 5.445E+01 1.740E-03 6.903E-02 6.626E-01 1.946E+00 2.113E+00 1.653E+00 0.0000E+00 0.0000E+00 3.9764E-04
    560      1.900 1.908E+00 6.014E-01 5.886E+01 1.776E-03 6.890E-02 6.889E-01 2.015E+00 2.268E+00 1.716E+00 0.0000E+00 0.0000E+00 4.0235E-04
    565      1.925 2.039E+00 6.557E-01 6.359E+01 1.810E-03 6.875E-02 7.160E-01 2.086E+00 2.432E+00 1.782E+00 0.0000E+00 0.0000E+00 4.0788E-04
    570      1.950 2.178E+00 7.143E-01 6.865E+01 1.841E-03 6.860E-02 7.440E-01 2.159E+00 2.607E+00 1.849E+00 0.0000E+00 0.0000E+00 4.1519E-04
    575      1.975 2.324E+00 7.775E-01 7.407E+01 1.870E-03 6.843E-02 7.728E-01 2.233E+00 2.792E+00 1.918E+00 0.0000E+00 0.0000E+00 4.2509E-04
    580      2.000 2.479E+00 8.456E-01 7.987E+01 1.897E-03 6.826E-02 8.025E-01 2.309E+00 2.988E+00 1.990E+00 0.0000E+00 0.0000E+00 4.3809E-04
    585      2.025 2.642E+00 9.189E-01 8.606E+01 1.922E-03 6.809E-02 8.330E-01 2.387E+00 3.196E+00 2.063E+00 0.0000E+00 0.0000E+00 4.5441E-04
    590      2.050 2.813E+00 9.977E-01 9.268E+01 1.944E-03 6.791E-02 8.645E-01 2.467E+00 3.415E+00 2.138E+00 0.0000E+00 0.0000E+00 4.7390E-04
    595      2.075 2.994E+00 1.082E+00 9.975E+01 1.964E-03 6.774E-02 8.968E-01 2.548E+00 3.648E+00 2.215E+00 0.0000E+00 0.0000E+00 4.9608E-04
    600      2.100 3.183E+00 1.173E+00 1.073E+02 1.982E-03 6.756E-02 9.301E-01 2.631E+00 3.894E+00 2.294E+00 0.0000E+00 0.0000E+00 5.2012E-04
    605      2.125 3.383E+00 1.271E+00 1.153E+02 1.998E-03 6.740E-02 9.643E-01 2.716E+00 4.153E+00 2.376E+00 0.0000E+00 0.0000E+00 5.4493E-04
    610      2.150 3.592E+00 1.376E+00 1.239E+02 2.012E-03 6.724E-02 9.995E-01 2.803E+00 4.427E+00 2.459E+00 0.0000E+00 0.0000E+00 5.6926E-04
    615      2.175 3.812E+00 1.488E+00 1.330E+02 2.023E-03 6.708E-02 1.036E+00 2.891E+00 4.716E+00 2.545E+00 0.0000E+00 0.0000E+00 5.9175E-04
    620      2.200 4.043E+00 1.608E+00 1.428E+02 2.032E-03 6.694E-02 1.073E+00 2.982E+00 5.020E+00 2.633E+00 0.0000E+00 0.0000E+00 6.1106E-04
    625      2.225 4.284E+00 1.737E+00 1.531E+02 2.039E-03 6.681E-02 1.111E+00 3.074E+00 5.341E+00 2.723E+00 0.0000E+00 0.0000E+00 6.2589E-04
    630      2.250 4.538E+00 1.874E+00 1.641E+02 2.044E-03 6.668E-02 1.150E+00 3.168E+00 5.679E+00 2.816E+00 0.0000E+00 0.0000E+00 6.3517E-04
    635      2.275 4.803E+00 2.021E+00 1.758E+02 2.046E-03 6.657E-02 1.191E+00 3.264E+00 6.035E+00 2.910E+00 0.0000E+00 0.0000E+00 6.3808E-04
    640      2.300 5.080E+00 2.178E+00 1.883E+02 2.046E-03 6.646E-02 1.232E+00 3.362E+00 6.409E+00 3.007E+00 0.0000E+00 0.0000E+00 6.3406E-04
    645      2.325 5.369E+00 2.346E+00 2.015E+02 2.044E-03 6.637E-02 1.275E+00 3.461E+00 6.802E+00 3.106E+00 0.0000E+00 0.0000E+00 6.2291E-04
    650      2.350 5.672E+00 2.524E+00 2.155E+02 2.040E-03 6.629E-02 1.318E+00 3.563E+00 7.215E+00 3.208E+00 0.0000E+00 0.0000E+00 6.0472E-04
    655      2.375 5.988E+00 2.715E+00 2.304E+02 2.034E-03 6.621E-02 1.363E+00 3.666E+00 7.649E+00 3.311E+00 0.0000E+00 0.0000E+00 5.7994E-04
    660      2.400 6.317E+00 2.917E+00 2.462E+02 2.026E-03 6.615E-02 1.409E+00 3.771E+00 8.104E+00 3.417E+00 0.0000E+00 0.0000E+00 5.4925E-04
    665      2.425 6.661E+00 3.133E+00 2.630E+02 2.017E-03 6.610E-02 1.456E+00 3.878E+00 8.581E+00 3.525E+00 0.0000E+00 0.0000E+00 5.1357E-04
    670      2.450 7.019E+00 3.363E+00 2.807E+02 2.006E-03 6.605E-02 1.504E+00 3.987E+00 9.081E+00 3.635E+00 0.0000E+00 0.0000E+00 4.7399E-04
    675      2.475 7.391E+00 3.607E+00 2.995E+02 1.994E-03 6.600E-02 1.554E+00 4.098E+00 9.605E+00 3.748E+00 0.0000E+00 0.0000E+00 4.3169E-04
    680      2.500 7.779E+00 3.866E+00 3.194E+02 1.981E-03 6.597E-02 1.605E+00 4.211E+00 1.015E+01 3.863E+00 0.0000E+00 0.0000E+00 3.8792E-04
    685      2.525 8.182E+00 4.141E+00 3.404E+02 1.967E-03 6.593E-02 1.657E+00 4.325E+00 1.073E+01 3.980E+00 0.0000E+00 0.0000E+00 3.4387E-04
    690      2.550 8.600E+00 4.434E+00 3.627E+02 1.953E-03 6.590E-02 1.710E+00 4.442E+00 1.133E+01 4.100E+00 0.0000E+00 0.0000E+00 3.0067E-04
    695      2.575 9.035E+00 4.743E+00 3.862E+02 1.938E-03 6.586E-02 1.765E+00 4.560E+00 1.195E+01 4.222E+00 0.0000E+00 0.0000E+00 2.5934E-04
    700      2.600 9.486E+00 5.072E+00 4.111E+02 1.923E-03 6.583E-02 1.821E+00 4.680E+00 1.261E+01 4.346E+00 0.0000E+00 0.0000E+00 2.2073E-04
    705      2.625 9.954E+00 5.419E+00 4.373E+02 1.908E-03 6.579E-02 1.878E+00 4.802E+00 1.329E+01 4.473E+00 0.0000E+00 0.0000E+00 1.8556E-04
    710      2.650 1.044E+01 5.787E+00 4.650E+02 1.893E-03 6.574E-02 1.936E+00 4.926E+00 1.401E+01 4.603E+00 0.0000E+00 0.0000E+00 1.5435E-04
    715      2.675 1.094E+01 6.177E+00 4.943E+02 1.879E-03 6.569E-02 1.996E+00 5.052E+00 1.475E+01 4.735E+00 0.0000E+00 0.0000E+00 1.2746E-04
    720      2.700 1.146E+01 6.588E+00 5.251E+02 1.865E-03 6.563E-02 2.058E+00 5.179E+00 1.553E+01 4.870E+00 0.0000E+00 0.0000E+00 1.0507E-04
    725      2.725 1.200E+01 7.023E+00 5.576E+02 1.851E-03 6.556E-02 2.120E+00 5.308E+00 1.634E+01 5.008E+00 0.0000E+00 0.0000E+00 8.7254E-05
    730      2.750 1.255E+01 7.482E+00 5.919E+02 1.838E-03 6.548E-02 2.185E+00 5.439E+00 1.718E+01 5.148E+00 0.0000E+00 0.0000E+00 7.3967E-05
    735      2.775 1.313E+01 7.967E+00 6.280E+02 1.826E-03 6.539E-02 2.250E+00 5.572E+00 1.806E+01 5.291E+00 0.0000E+00 0.0000E+00 6.5071E-05
    740      2.800 1.372E+01 8.478E+00 6.660E+02 1.814E-03 6.528E-02 2.317E+00 5.707E+00 1.897E+01 5.437E+00 0.0000E+00 0.0000E+00 6.0371E-05
    745      2.825 1.433E+01 9.017E+00 7.060E+02 1.804E-03 6.516E-02 2.386E+00 5.843E+00 1.992E+01 5.586E+00 0.0000E+00 0.0000E+00 5.9623E-05
    750      2.850 1.496E+01 9.585E+00 7.480E+02 1.794E-03 6.502E-02 2.456E+00 5.981E+00 2.090E+01 5.738E+00 0.0000E+00 0.0000E+00 6.2561E-05
    755      2.875 1.561E+01 1.018E+01 7.922E+02 1.785E-03 6.486E-02 2.527E+00 6.121E+00 2.193E+01 5.892E+00 0.0000E+00 0.0000E+00 6.8900E-05
    760      2.900 1.628E+01 1.081E+01 8.387E+02 1.777E-03 6.468E-02 2.600E+00 6.262E+00 2.299E+01 6.050E+00 0.0000E+00 0.0000E+00 7.8357E-05
    765      2.925 1.697E+01 1.148E+01 8.874E+02 1.769E-03 6.449E-02 2.675E+00 6.405E+00 2.409E+01 6.210E+00 0.0000E+00 0.0000E+00 9.0649E-05
    770      2.950 1.768E+01 1.217E+01 9.386E+02 1.763E-03 6.427E-02 2.751E+00 6.550E+00 2.523E+01 6.373E+00 0.0000E+00 0.0000E+00 1.0550E-04
    775      2.975 1.840E+01 1.290E+01 9.924E+02 1.758E-03 6.402E-02 2.829E+00 6.696E+00 2.642E+01 6.539E+00 0.0000E+00 0.0000E+00 1.2264E-04
    780      3.000 1.915E+01 1.367E+01 1.049E+03 1.755E-03 6.376E-02 2.908E+00 6.844E+00 2.765E+01 6.708E+00 0.0000E+00 0.0000E+00 1.4179E-04
    785      3.025 1.992E+01 1.448E+01 1.108E+03 1.752E-03 6.347E-02 2.989E+00 6.993E+00 2.892E+01 6.879E+00 0.0000E+00 0.0000E+00 1.6269E-04
    790      3.050 2.071E+01 1.532E+01 1.170E+03 1.752E-03 6.316E-02 3.071E+00 7.144E+00 3.023E+01 7.054E+00 0.0000E+00 0.0000E+00 1.8506E-04
    795      3.075 2.152E+01 1.621E+01 1.235E+03 1.753E-03 6.282E-02 3.155E+00 7.296E+00 3.159E+01 7.231E+00 0.0000E+00 0.0000E+00 2.0862E-04
    800      3.100 2.234E+01 1.714E+01 1.302E+03 1.757E-03 6.245E-02 3.241E+00 7.450E+00 3.300E+01 7.411E+00 0.0000E+00 0.0000E+00 2.3304E-04
    805      3.125 2.319E+01 1.811E+01 1.373E+03 1.763E-03 6.206E-02 3.328E+00 7.605E+00 3.446E+01 7.594E+00 0.0000E+00 0.0000E+00 2.5796E-04
    810      3.150 2.406E+01 1.913E+01 1.448E+03 1.771E-03 6.165E-02 3.416E+00 7.762E+00 3.596E+01 7.780E+00 0.0000E+00 0.0000E+00 2.8296E-04
    815      3.175 2.495E+01 2.020E+01 1.525E+03 1.782E-03 6.121E-02 3.507E+00 7.920E+00 3.751E+01 7.968E+00 0.0000E+00 0.0000E+00 3.0755E-04
    820      3.200 2.586E+01 2.132E+01 1.606E+03 1.797E-03 6.075E-02 3.599E+00 8.079E+00 3.911E+01 8.160E+00 0.0000E+00 0.0000E+00 3.3120E-04
    825      3.225 2.678E+01 2.248E+01 1.691E+03 1.814E-03 6.026E-02 3.693E+00 8.240E+00 4.076E+01 8.354E+00 0.0000E+00 0.0000E+00 3.5330E-04
    830      3.250 2.773E+01 2.370E+01 1.779E+03 1.835E-03 5.975E-02 3.788E+00 8.402E+00 4.247E+01 8.550E+00 0.0000E+00 0.0000E+00 3.7323E-04
    835      3.275 2.870E+01 2.497E+01 1.872E+03 1.859E-03 5.923E-02 3.885E+00 8.565E+00 4.422E+01 8.750E+00 0.0000E+00 0.0000E+00 3.9031E-04
    840      3.300 2.968E+01 2.630E+01 1.968E+03 1.887E-03 5.868E-02 3.983E+00 8.729E+00 4.603E+01 8.952E+00 0.0000E+00 0.0000E+00 4.0390E-04
    845      3.325 3.069E+01 2.769E+01 2.068E+03 1.918E-03 5.813E-02 4.083E+00 8.894E+00 4.789E+01 9.157E+00 0.0000E+00 0.0000E+00 4.1343E-04
    850      3.350 3.171E+01 2.913E+01 2.172E+03 1.952E-03 5.756E-02 4.185E+00 9.061E+00 4.981E+01 9.364E+00 0.0000E+00 0.0000E+00 4.1842E-04
    855      3.375 3.275E+01 3.064E+01 2.281E+03 1.989E-03 5.699E-02 4.289E+00 9.228E+00 5.178E+01 9.574E+00 0.0000E+00 0.0000E+00 4.1851E-04
    860      3.400 3.382E+01 3.221E+01 2.394E+03 2.028E-03 5.641E-02 4.394E+00 9.397E+00 5.380E+01 9.787E+00 0.0000E+00 0.0000E+00 4.1356E-04
    865      3.425 3.489E+01 3.384E+01 2.512E+03 2.069E-03 5.584E-02 4.501E+00 9.566E+00 5.589E+01 1.000E+01 0.0000E+00 0.0000E+00 4.0361E-04
    870      3.450 3.599E+01 3.554E+01 2.634E+03 2.111E-03 5.528E-02 4.609E+00 9.737E+00 5.802E+01 1.022E+01 0.0000E+00 0.0000E+00 3.8892E-04
    875      3.475 3.711E+01 3.731E+01 2.762E+03 2.154E-03 5.473E-02 4.719E+00 9.908E+00 6.022E+01 1.044E+01 0.0000E+00 0.0000E+00 3.7000E-04
    880      3.500 3.824E+01 3.915E+01 2.894E+03 2.196E-03 5.421E-02 4.830E+00 1.008E+01 6.247E+01 1.066E+01 0.0000E+00 0.0000E+00 3.4755E-04
    885      3.525 3.938E+01 4.106E+01 3.031E+03 2.238E-03 5.371E-02 4.944E+00 1.025E+01 6.478E+01 1.089E+01 0.0000E+00 0.0000E+00 3.2246E-04
    890      3.550 4.055E+01 4.305E+01 3.174E+03 2.277E-03 5.325E-02 5.058E+00 1.043E+01 6.715E+01 1.112E+01 0.0000E+00 0.0000E+00 2.9576E-04
    895      3.575 4.172E+01 4.511E+01 3.321E+03 2.314E-03 5.283E-02 5.175E+00 1.060E+01 6.958E+01 1.135E+01 0.0000E+00 0.0000E+00 2.6851E-04
    900      3.600 4.292E+01 4.725E+01 3.475E+03 2.348E-03 5.246E-02 5.293E+00 1.078E+01 7.207E+01 1.158E+01 0.0000E+00 0.0000E+00 2.4180E-04
    905      3.625 4.413E+01 4.947E+01 3.633E+03 2.377E-03 5.214E-02 5.412E+00 1.095E+01 7.461E+01 1.182E+01 0.0000E+00 0.0000E+00 2.1663E-04
    910      3.650 4.535E+01 5.177E+01 3.798E+03 2.401E-03 5.188E-02 5.534E+00 1.113E+01 7.722E+01 1.205E+01 0.0000E+00 0.0000E+00 1.9388E-04
    915      3.675 4.658E+01 5.416E+01 3.968E+03 2.420E-03 5.168E-02 5.656E+00 1.130E+01 7.989E+01 1.229E+01 0.0000E+00 0.0000E+00 1.7427E-04
    920      3.700 4.783E+01 5.663E+01 4.144E+03 2.432E-03 5.155E-02 5.781E+00 1.148E+01 8.261E+01 1.253E+01 0.0000E+00 0.0000E+00 1.5837E-04
    925      3.725 4.908E+01 5.919E+01 4.327E+03 2.438E-03 5.148E-02 5.907E+00 1.166E+01 8.540E+01 1.278E+01 0.0000E+00 0.0000E+00 1.4664E-04
    930      3.750 5.035E+01 6.184E+01 4.516E+03 2.437E-03 5.149E-02 6.034E+00 1.184E+01 8.825E+01 1.303E+01 0.0000E+00 0.0000E+00 1.3948E-04
    935      3.775 5.163E+01 6.458E+01 4.710E+03 2.429E-03 5.156E-02 6.163E+00 1.201E+01 9.115E+01 1.327E+01 0.0000E+00 0.0000E+00 1.3729E-04
    940      3.800 5.292E+01 6.742E+01 4.912E+03 2.414E-03 5.171E-02 6.293E+00 1.219E+01 9.412E+01 1.352E+01 0.0000E+00 0.0000E+00 1.4063E-04
    945      3.825 5.421E+01 7.035E+01 5.120E+03 2.393E-03 5.192E-02 6.425E+00 1.237E+01 9.714E+01 1.378E+01 0.0000E+00 0.0000E+00 1.5020E-04
    950      3.850 5.551E+01 7.338E+01 5.335E+03 2.364E-03 5.219E-02 6.558E+00 1.255E+01 1.002E+02 1.403E+01 0.0000E+00 0.0000E+00 1.6701E-04
    955      3.875 5.682E+01 7.651E+01 5.556E+03 2.330E-03 5.251E-02 6.693E+00 1.273E+01 1.034E+02 1.428E+01 0.0000E+00 0.0000E+00 1.9232E-04
    960      3.900 5.813E+01 7.974E+01 5.785E+03 2.290E-03 5.289E-02 6.830E+00 1.290E+01 1.066E+02 1.454E+01 0.0000E+00 0.0000E+00 2.2767E-04
    965      3.925 5.945E+01 8.307E+01 6.020E+03 2.245E-03 5.331E-02 6.967E+00 1.308E+01 1.098E+02 1.480E+01 0.0000E+00 0.0000E+00 2.7472E-04
    970      3.950 6.076E+01 8.650E+01 6.263E+03 2.196E-03 5.377E-02 7.106E+00 1.326E+01 1.132E+02 1.506E+01 0.0000E+00 0.0000E+00 3.3518E-04
    975      3.975 6.208E+01 9.005E+01 6.513E+03 2.143E-03 5.425E-02 7.247E+00 1.344E+01 1.165E+02 1.532E+01 0.0000E+00 0.0000E+00 4.1056E-04
    980      4.000 6.340E+01 9.370E+01 6.771E+03 2.088E-03 5.476E-02 7.389E+00 1.361E+01 1.200E+02 1.558E+01 0.0000E+00 0.0000E+00 5.0197E-04
    985      4.025 6.472E+01 9.746E+01 7.036E+03 2.032E-03 5.528E-02 7.532E+00 1.379E+01 1.235E+02 1.585E+01 0.0000E+00 0.0000E+00 6.0981E-04
    990      4.050 6.604E+01 1.013E+02 7.309E+03 1.974E-03 5.581E-02 7.676E+00 1.397E+01 1.270E+02 1.611E+01 0.0000E+00 0.0000E+00 7.3352E-04
    995      4.075 6.735E+01 1.053E+02 7.589E+03 1.917E-03 5.633E-02 7.822E+00 1.414E+01 1.306E+02 1.638E+01 0.0000E+00 0.0000E+00 8.7144E-04
   1000      4.100 6.865E+01 1.094E+02 7.877E+03 1.861E-03 5.684E-02 7.969E+00 1.432E+01 1.343E+02 1.665E+01 0.0000E+00 0.0000E+00 1.0206E-03
   1005      4.125 6.995E+01 1.136E+02 8.173E+03 1.807E-03 5.733E-02 8.118E+00 1.449E+01 1.380E+02 1.692E+01 0.0000E+00 0.0000E+00 1.1769E-03
   1010      4.150 7.124E+01 1.180E+02 8.477E+03 1.755E-03 5.780E-02 8.267E+00 1.467E+01 1.417E+02 1.719E+01 0.0000E+00 0.0000E+00 1.3348E-03
   1015      4.175 7.252E+01 1.224E+02 8.790E+03 1.706E-03 5.824E-02 8.418E+00 1.484E+01 1.455E+02 1.746E+01 0.0000E+00 0.0000E+00 1.4881E-03
   1020      4.200 7.379E+01 1.270E+02 9.110E+03 1.661E-03 5.865E-02 8.570E+00 1.501E+01 1.494E+02 1.773E+01 0.0000E+00 0.0000E+00 1.6300E-03
   1025      4.225 7.504E+01 1.317E+02 9.439E+03 1.621E-03 5.902E-02 8.724E+00 1.518E+01 1.533E+02 1.800E+01 0.0000E+00 0.0000E+00 1.7536E-03
   1030      4.250 7.628E+01 1.365E+02 9.776E+03 1.585E-03 5.934E-02 8.878E+00 1.535E+01 1.572E+02 1.827E+01 0.0000E+00 0.0000E+00 1.8525E-03
   1035      4.275 7.750E+01 1.415E+02 1.012E+04 1.554E-03 5.961E-02 9.033E+00 1.552E+01 1.612E+02 1.854E+01 0.0000E+00 0.0000E+00 1.9211E-03
   1040      4.300 7.871E+01 1.465E+02 1.047E+04 1.529E-03 5.983E-02 9.190E+00 1.569E+01 1.653E+02 1.882E+01 0.0000E+00 0.0000E+00 1.9554E-03
   1045      4.325 7.989E+01 1.517E+02 1.084E+04 1.509E-03 5.999E-02 9.348E+00 1.585E+01 1.694E+02 1.909E+01 0.0000E+00 0.0000E+00 1.9528E-03
   1050      4.350 8.105E+01 1.571E+02 1.121E+04 1.495E-03 6.010E-02 9.506E+00 1.602E+01 1.735E+02 1.937E+01 0.0000E+00 0.0000E+00 1.9131E-03
   1055      4.375 8.219E+01 1.625E+02 1.159E+04 1.487E-03 6.016E-02 9.666E+00 1.618E+01 1.776E+02 1.964E+01 0.0000E+00 0.0000E+00 1.8377E-03
   1060      4.400 8.330E+01 1.681E+02 1.198E+04 1.485E-03 6.015E-02 9.826E+00 1.634E+01 1.818E+02 1.992E+01 0.0000E+00 0.0000E+00 1.7303E-03
   1065      4.425 8.438E+01 1.738E+02 1.237E+04 1.489E-03 6.009E-02 9.988E+00 1.650E+01 1.861E+02 2.019E+01 0.0000E+00 0.0000E+00 1.5961E-03
   1070      4.450 8.544E+01 1.796E+02 1.278E+04 1.499E-03 5.996E-02 1.015E+01 1.666E+01 1.903E+02 2.047E+01 0.0000E+00 0.0000E+00 1.4417E-03
   1075      4.475 8.646E+01 1.856E+02 1.319E+04 1.514E-03 5.978E-02 1.031E+01 1.682E+01 1.946E+02 2.075E+01 0.0000E+00 0.0000E+00 1.2742E-03
   1080      4.500 8.744E+01 1.917E+02 1.362E+04 1.536E-03 5.955E-02 1.048E+01 1.697E+01 1.989E+02 2.102E+01 0.0000E+00 0.0000E+00 1.1014E-03
   1085      4.525 8.840E+01 1.979E+02 1.405E+04 1.562E-03 5.926E-02 1.064E+01 1.713E+01 2.033E+02 2.130E+01 0.0000E+00 0.0000E+00 9.3015E-04
   1090      4.550 8.931E+01 2.043E+02 1.449E+04 1.594E-03 5.891E-02 1.081E+01 1.728E+01 2.076E+02 2.157E+01 0.0000E+00 0.0000E+00 7.6699E-04
   1095      4.575 9.018E+01 2.107E+02 1.494E+04 1.630E-03 5.852E-02 1.097E+01 1.742E+01 2.120E+02 2.185E+01 0.0000E+00 0.0000E+00 6.1703E-04
   1100      4.600 9.102E+01 2.173E+02 1.539E+04 1.671E-03 5.809E-02 1.114E+01 1.757E+01 2.164E+02 2.213E+01 0.0000E+00 0.0000E+00 4.8400E-04
   1105      4.625 9.181E+01 2.241E+02 1.586E+04 1.716E-03 5.761E-02 1.131E+01 1.771E+01 2.209E+02 2.240E+01 0.0000E+00 0.0000E+00 3.7013E-04
   1110      4.650 9.255E+01 2.309E+02 1.634E+04 1.765E-03 5.710E-02 1.148E+01 1.786E+01 2.253E+02 2.267E+01 0.0000E+00 0.0000E+00 2.7615E-04
   1115      4.675 9.325E+01 2.379E+02 1.682E+04 1.816E-03 5.656E-02 1.165E+01 1.799E+01 2.297E+02 2.295E+01 0.0000E+00 0.0000E+00 2.0144E-04
   1120      4.700 9.390E+01 2.451E+02 1.731E+04 1.869E-03 5.600E-02 1.181E+01 1.813E+01 2.342E+02 2.322E+01 0.0000E+00 0.0000E+00 1.4436E-04
   1125      4.725 9.450E+01 2.523E+02 1.781E+04 1.925E-03 5.542E-02 1.198E+01 1.826E+01 2.386E+02 2.349E+01 0.0000E+00 0.0000E+00 1.0251E-04
   1130      4.750 9.505E+01 2.597E+02 1.832E+04 1.981E-03 5.483E-02 1.215E+01 1.840E+01 2.431E+02 2.377E+01 0.0000E+00 0.0000E+00 7.3121E-05
   1135      4.775 9.554E+01 2.671E+02 1.884E+04 2.037E-03 5.423E-02 1.232E+01 1.852E+01 2.475E+02 2.404E+01 0.0000E+00 0.0000E+00 5.3377E-05
   1140      4.800 9.597E+01 2.747E+02 1.936E+04 2.093E-03 5.364E-02 1.249E+01 1.865E+01 2.519E+02 2.431E+01 0.0000E+00 0.0000E+00 4.0715E-05
   1145      4.825 9.635E+01 2.825E+02 1.990E+04 2.147E-03 5.307E-02 1.267E+01 1.877E+01 2.564E+02 2.458E+01 0.0000E+00 0.0000E+00 3.3026E-05
   1150      4.850 9.667E+01 2.903E+02 2.044E+04 2.199E-03 5.251E-02 1.284E+01 1.889E+01 2.608E+02 2.484E+01 0.0000E+00 0.0000E+00 2.8790E-05
   1155      4.875 9.693E+01 2.982E+02 2.099E+04 2.248E-03 5.198E-02 1.301E+01 1.900E+01 2.652E+02 2.511E+01 0.0000E+00 0.0000E+00 2.7107E-05
   1160      4.900 9.713E+01 3.063E+02 2.154E+04 2.293E-03 5.149E-02 1.318E+01 1.912E+01 2.696E+02 2.538E+01 0.0000E+00 0.0000E+00 2.7662E-05
   1165      4.925 9.726E+01 3.145E+02 2.211E+04 2.334E-03 5.105E-02 1.335E+01 1.923E+01 2.739E+02 2.564E+01 0.0000E+00 0.0000E+00 3.0608E-05
   1170      4.950 9.733E+01 3.227E+02 2.268E+04 2.370E-03 5.065E-02 1.352E+01 1.933E+01 2.782E+02 2.590E+01 0.0000E+00 0.0000E+00 3.6412E-05
   1175      4.975 9.734E+01 3.311E+02 2.325E+04 2.400E-03 5.032E-02 1.369E+01 1.943E+01 2.825E+02 2.617E+01 0.0000E+00 0.0000E+00 4.5676E-05
   1180      5.000 9.727E+01 3.396E+02 2.384E+04 2.423E-03 5.005E-02 1.386E+01 1.953E+01 2.868E+02 2.643E+01 0.0000E+00 0.0000E+00 5.8961E-05
   1185      5.025 9.714E+01 3.481E+02 2.443E+04 2.441E-03 4.984E-02 1.403E+01 1.962E+01 2.910E+02 2.669E+01 0.0000E+00 0.0000E+00 7.6642E-05
   1190      5.050 9.694E+01 3.568E+02 2.502E+04 2.451E-03 4.971E-02 1.420E+01 1.971E+01 2.952E+02 2.695E+01 0.0000E+00 0.0000E+00 9.8808E-05
   1195      5.075 9.667E+01 3.655E+02 2.563E+04 2.455E-03 4.966E-02 1.437E+01 1.980E+01 2.993E+02 2.720E+01 0.0000E+00 0.0000E+00 1.2522E-04
   1200      5.100 9.633E+01 3.744E+02 2.624E+04 2.452E-03 4.967E-02 1.454E+01 1.988E+01 3.034E+02 2.746E+01 0.0000E+00 0.0000E+00 1.5530E-04
   1205      5.125 9.592E+01 3.833E+02 2.685E+04 2.442E-03 4.977E-02 1.471E+01 1.996E+01 3.075E+02 2.771E+01 0.0000E+00 0.0000E+00 1.8821E-04
   1210      5.150 9.544E+01 3.922E+02 2.747E+04 2.426E-03 4.993E-02 1.488E+01 2.003E+01 3.114E+02 2.796E+01 0.0000E+00 0.0000E+00 2.2293E-04
   1215      5.175 9.488E+01 4.013E+02 2.809E+04 2.404E-03 5.016E-02 1.505E+01 2.010E+01 3.153E+02 2.821E+01 0.0000E+00 0.0000E+00 2.5834E-04
   1220      5.200 9.426E+01 4.104E+02 2.872E+04 2.376E-03 5.046E-02 1.522E+01 2.017E+01 3.192E+02 2.846E+01 0.0000E+00 0.0000E+00 2.9341E-04
   1225      5.225 9.356E+01 4.196E+02 2.935E+04 2.343E-03 5.082E-02 1.538E+01 2.023E+01 3.230E+02 2.871E+01 0.0000E+00 0.0000E+00 3.2722E-04
   1230      5.250 9.279E+01 4.288E+02 2.999E+04 2.306E-03 5.124E-02 1.555E+01 2.029E+01 3.267E+02 2.895E+01 0.0000E+00 0.0000E+00 3.5906E-04
   1235      5.275 9.194E+01 4.381E+02 3.063E+04 2.265E-03 5.169E-02 1.571E+01 2.034E+01 3.303E+02 2.919E+01 0.0000E+00 0.0000E+00 3.8847E-04
   1240      5.300 9.103E+01 4.474E+02 3.127E+04 2.222E-03 5.219E-02 1.588E+01 2.038E+01 3.338E+02 2.943E+01 0.0000E+00 0.0000E+00 4.1521E-04
   1245      5.325 9.004E+01 4.567E+02 3.192E+04 2.177E-03 5.273E-02 1.604E+01 2.043E+01 3.373E+02 2.967E+01 0.0000E+00 0.0000E+00 4.3925E-04
   1250      5.350 8.898E+01 4.661E+02 3.256E+04 2.132E-03 5.328E-02 1.620E+01 2.046E+01 3.406E+02 2.991E+01 0.0000E+00 0.0000E+00 4.6069E-04
   1255      5.375 8.786E+01 4.755E+02 3.321E+04 2.086E-03 5.386E-02 1.636E+01 2.050E+01 3.439E+02 3.014E+01 0.0000E+00 0.0000E+00 4.7971E-04
   1260      5.400 8.666E+01 4.849E+02 3.386E+04 2.041E-03 5.444E-02 1.652E+01 2.052E+01 3.471E+02 3.037E+01 0.0000E+00 0.0000E+00 4.9645E-04
   1265      5.425 8.539E+01 4.943E+02 3.451E+04 1.998E-03 5.504E-02 1.668E+01 2.054E+01 3.502E+02 3.060E+01 0.0000E+00 0.0000E+00 5.1099E-04
   1270      5.450 8.406E+01 5.038E+02 3.516E+04 1.958E-03 5.563E-02 1.684E+01 2.056E+01 3.531E+02 3.083E+01 0.0000E+00 0.0000E+00 5.2332E-04
   1275      5.475 8.267E+01 5.132E+02 3.581E+04 1.921E-03 5.621E-02 1.699E+01 2.057E+01 3.560E+02 3.105E+01 0.0000E+00 0.0000E+00 5.3330E-04
   1280      5.500 8.120E+01 5.226E+02 3.646E+04 1.887E-03 5.678E-02 1.715E+01 2.058E+01 3.587E+02 3.128E+01 0.0000E+00 0.0000E+00 5.4069E-04
   1285      5.525 7.968E+01 5.320E+02 3.711E+04 1.858E-03 5.734E-02 1.730E+01 2.058E+01 3.614E+02 3.150E+01 0.0000E+00 0.0000E+00 5.4522E-04
   1290      5.550 7.810E+01 5.413E+02 3.776E+04 1.834E-03 5.788E-02 1.745E+01 2.058E+01 3.639E+02 3.172E+01 0.0000E+00 0.0000E+00 5.4658E-04
   1295      5.575 7.646E+01 5.507E+02 3.840E+04 1.814E-03 5.840E-02 1.760E+01 2.057E+01 3.663E+02 3.194E+01 0.0000E+00 0.0000E+00 5.4451E-04
   1300      5.600 7.476E+01 5.599E+02 3.904E+04 1.800E-03 5.889E-02 1.774E+01 2.055E+01 3.686E+02 3.216E+01 0.0000E+00 0.0000E+00 5.3882E-04
   1305      5.625 7.301E+01 5.692E+02 3.968E+04 1.790E-03 5.936E-02 1.789E+01 2.053E+01 3.707E+02 3.238E+01 0.0000E+00 0.0000E+00 5.2945E-04
   1310      5.650 7.121E+01 5.783E+02 4.032E+04 1.785E-03 5.981E-02 1.803E+01 2.050E+01 3.727E+02 3.261E+01 0.0000E+00 0.0000E+00 5.1649E-04
   1315      5.675 6.936E+01 5.874E+02 4.094E+04 1.785E-03 6.023E-02 1.817E+01 2.047E+01 3.746E+02 3.283E+01 0.0000E+00 0.0000E+00 5.0015E-04
   1320      5.700 6.746E+01 5.964E+02 4.157E+04 1.789E-03 6.062E-02 1.831E+01 2.043E+01 3.763E+02 3.305E+01 0.0000E+00 0.0000E+00 4.8080E-04
   1325      5.725 6.553E+01 6.053E+02 4.219E+04 1.797E-03 6.099E-02 1.844E+01 2.039E+01 3.779E+02 3.326E+01 0.0000E+00 0.0000E+00 4.5896E-04
   1330      5.750 6.355E+01 6.141E+02 4.280E+04 1.808E-03 6.134E-02 1.858E+01 2.034E+01 3.793E+02 3.348E+01 0.0000E+00 0.0000E+00 4.3519E-04
   1335      5.775 6.154E+01 6.229E+02 4.340E+04 1.822E-03 6.167E-02 1.871E+01 2.028E+01 3.806E+02 3.369E+01 0.0000E+00 0.0000E+00 4.1014E-04
   1340      5.800 5.950E+01 6.314E+02 4.400E+04 1.838E-03 6.198E-02 1.884E+01 2.022E+01 3.818E+02 3.390E+01 0.0000E+00 0.0000E+00 3.8443E-04
   1345      5.825 5.743E+01 6.399E+02 4.459E+04 1.854E-03 6.227E-02 1.896E+01 2.015E+01 3.828E+02 3.410E+01 0.0000E+00 0.0000E+00 3.5868E-04
   1350      5.850 5.534E+01 6.482E+02 4.517E+04 1.871E-03 6.255E-02 1.908E+01 2.008E+01 3.836E+02 3.430E+01 0.0000E+00 0.0000E+00 3.3345E-04
   1355      5.875 5.323E+01 6.564E+02 4.573E+04 1.888E-03 6.282E-02 1.920E+01 2.000E+01 3.843E+02 3.450E+01 0.0000E+00 0.0000E+00 3.0925E-04
   1360      5.900 5.111E+01 6.645E+02 4.629E+04 1.904E-03 6.307E-02 1.932E+01 1.991E+01 3.848E+02 3.469E+01 0.0000E+00 0.0000E+00 2.8652E-04
   1365      5.925 4.897E+01 6.723E+02 4.684E+04 1.919E-03 6.332E-02 1.943E+01 1.982E+01 3.852E+02 3.487E+01 0.0000E+00 0.0000E+00 2.6568E-04
   1370      5.950 4.683E+01 6.800E+02 4.738E+04 1.931E-03 6.356E-02 1.954E+01 1.972E+01 3.854E+02 3.505E+01 0.0000E+00 0.0000E+00 2.4711E-04
   1375      5.975 4.470E+01 6.875E+02 4.790E+04 1.940E-03 6.380E-02 1.965E+01 1.961E+01 3.854E+02 3.523E+01 0.0000E+00 0.0000E+00 2.3121E-04
   1380      6.000 4.256E+01 6.949E+02 4.841E+04 1.946E-03 6.403E-02 1.976E+01 1.950E+01 3.853E+02 3.540E+01 0.0000E+00 0.0000E+00 2.1844E-04
   1385      6.025 4.043E+01 7.020E+02 4.891E+04 1.949E-03 6.427E-02 1.986E+01 1.938E+01 3.850E+02 3.556E+01 0.0000E+00 0.0000E+00 2.0930E-04
   1390      6.050 3.832E+01 7.089E+02 4.939E+04 1.948E-03 6.449E-02 1.996E+01 1.926E+01 3.846E+02 3.572E+01 0.0000E+00 0.0000E+00 2.0434E-04
   1395      6.075 3.624E+01 7.155E+02 4.985E+04 1.944E-03 6.472E-02 2.005E+01 1.913E+01 3.840E+02 3.587E+01 0.0000E+00 0.0000E+00 2.0417E-04
   1400      6.100 3.417E+01 7.220E+02 5.031E+04 1.935E-03 6.494E-02 2.014E+01 1.899E+01 3.832E+02 3.603E+01 0.0000E+00 0.0000E+00 2.0945E-04
   1405      6.125 3.214E+01 7.282E+02 5.074E+04 1.924E-03 6.516E-02 2.023E+01 1.885E+01 3.822E+02 3.624E+01 0.0000E+00 0.0000E+00 2.2081E-04
   1410      6.150 3.015E+01 7.341E+02 5.116E+04 1.909E-03 6.537E-02 2.031E+01 1.870E+01 3.811E+02 3.645E+01 0.0000E+00 0.0000E+00 2.3888E-04
   1415      6.175 2.820E+01 7.398E+02 5.156E+04 1.891E-03 6.558E-02 2.039E+01 1.855E+01 3.798E+02 3.666E+01 0.0000E+00 0.0000E+00 2.6421E-04
   1420      6.200 2.630E+01 7.452E+02 5.194E+04 1.872E-03 6.578E-02 2.046E+01 1.838E+01 3.784E+02 3.686E+01 0.0000E+00 0.0000E+00 2.9719E-04
   1425      6.225 2.446E+01 7.504E+02 5.230E+04 1.850E-03 6.597E-02 2.053E+01 1.822E+01 3.767E+02 3.706E+01 0.0000E+00 0.0000E+00 3.3805E-04
   1430      6.250 2.267E+01 7.552E+02 5.264E+04 1.827E-03 6.614E-02 2.060E+01 1.804E+01 3.750E+02 3.725E+01 0.0000E+00 0.0000E+00 3.8680E-04
   1435      6.275 2.096E+01 7.598E+02 5.296E+04 1.804E-03 6.630E-02 2.066E+01 1.786E+01 3.730E+02 3.743E+01 0.0000E+00 0.0000E+00 4.4318E-04
   1440      6.300 1.932E+01 7.640E+02 5.326E+04 1.781E-03 6.644E-02 2.072E+01 1.767E+01 3.709E+02 3.761E+01 0.0000E+00 0.0000E+00 5.0663E-04
   1445      6.325 1.776E+01 7.680E+02 5.354E+04 1.758E-03 6.655E-02 2.078E+01 1.748E+01 3.686E+02 3.778E+01 0.0000E+00 0.0000E+00 5.7625E-04
   1450      6.350 1.629E+01 7.716E+02 5.380E+04 1.737E-03 6.665E-02 2.083E+01 1.728E+01 3.662E+02 3.794E+01 0.0000E+00 0.0000E+00 6.5082E-04
   1455      6.375 1.492E+01 7.749E+02 5.403E+04 1.718E-03 6.672E-02 2.087E+01 1.708E+01 3.636E+02 3.810E+01 0.0000E+00 0.0000E+00 7.2872E-04
   1460      6.400 1.364E+01 7.778E+02 5.424E+04 1.701E-03 6.676E-02 2.091E+01 1.686E+01 3.609E+02 3.824E+01 0.0000E+00 0.0000E+00 8.0803E-04
   1465      6.425 1.247E+01 7.804E+02 5.443E+04 1.687E-03 6.677E-02 2.095E+01 1.665E+01 3.580E+02 3.838E+01 0.0000E+00 0.0000E+00 8.8650E-04
   1470      6.450 1.141E+01 7.827E+02 5.459E+04 1.676E-03 6.676E-02 2.098E+01 1.642E+01 3.549E+02 3.851E+01 0.0000E+00 0.0000E+00 9.6165E-04
   1475      6.475 1.047E+01 7.846E+02 5.473E+04 1.668E-03 6.671E-02 2.101E+01 1.619E+01 3.517E+02 3.863E+01 0.0000E+00 0.0000E+00 1.0309E-03
   1480      6.500 9.659E+00 7.861E+02 5.484E+04 1.663E-03 6.662E-02 2.103E+01 1.596E+01 3.484E+02 3.874E+01 0.0000E+00 0.0000E+00 1.0916E-03
   1485      6.525 8.977E+00 7.873E+02 5.492E+04 1.662E-03 6.650E-02 2.104E+01 1.571E+01 3.449E+02 3.884E+01 0.0000E+00 0.0000E+00 1.1413E-03
   1490      6.550 8.432E+00 7.880E+02 5.498E+04 1.663E-03 6.635E-02 2.106E+01 1.547E+01 3.413E+02 3.893E+01 0.0000E+00 0.0000E+00 1.1780E-03
   1495      6.575 8.031E+00 7.884E+02 5.502E+04 1.668E-03 6.616E-02 2.106E+01 1.521E+01 3.375E+02 3.901E+01 0.0000E+00 0.0000E+00 1.2000E-03
   1500      6.600 7.780E+00 7.884E+02 5.502E+04 1.674E-03 6.594E-02 2.106E+01 1.495E+01 3.336E+02 3.908E+01 0.0000E+00 0.0000E+00 1.2063E-03
   1505      6.625 7.683E+00 7.881E+02 5.500E+04 1.683E-03 6.568E-02 2.106E+01 1.469E+01 3.296E+02 3.914E+01 0.0000E+00 0.0000E+00 1.1967E-03
   1510      6.650 7.747E+00 7.873E+02 5.496E+04 1.694E-03 6.539E-02 2.105E+01 1.442E+01 3.255E+02 3.920E+01 0.0000E+00 0.0000E+00 1.1717E-03
   1515      6.675 7.977E+00 7.861E+02 5.488E+04 1.706E-03 6.507E-02 2.104E+01 1.414E+01 3.212E+02 3.924E+01 0.0000E+00 0.0000E+00 1.1329E-03
   1520      6.700 8.378E+00 7.845E+02 5.478E+04 1.719E-03 6.472E-02 2.102E+01 1.386E+01 3.168E+02 3.926E+01 0.0000E+00 0.0000E+00 1.0821E-03
   1525      6.725 8.956E+00 7.826E+02 5.464E+04 1.732E-03 6.433E-02 2.099E+01 1.357E+01 3.124E+02 3.928E+01 0.0000E+00 0.0000E+00 1.0223E-03
   1530      6.750 9.715E+00 7.802E+02 5.448E+04 1.745E-03 6.392E-02 2.096E+01 1.328E+01 3.078E+02 3.929E+01 0.0000E+00 0.0000E+00 9.5654E-04
   1535      6.775 1.066E+01 7.774E+02 5.429E+04 1.757E-03 6.347E-02 2.092E+01 1.298E+01 3.031E+02 3.929E+01 0.0000E+00 0.0000E+00 8.8823E-04
   1540      6.800 1.180E+01 7.742E+02 5.407E+04 1.769E-03 6.300E-02 2.088E+01 1.267E+01 2.983E+02 3.927E+01 0.0000E+00 0.0000E+00 8.2077E-04
   1545      6.825 1.312E+01 7.705E+02 5.383E+04 1.780E-03 6.250E-02 2.083E+01 1.237E+01 2.935E+02 3.924E+01 0.0000E+00 0.0000E+00 7.5734E-04
   1550      6.850 1.465E+01 7.665E+02 5.355E+04 1.790E-03 6.197E-02 2.078E+01 1.205E+01 2.885E+02 3.920E+01 0.0000E+00 0.0000E+00 7.0065E-04
   1555      6.875 1.638E+01 7.621E+02 5.325E+04 1.799E-03 6.142E-02 2.072E+01 1.173E+01 2.835E+02 3.915E+01 0.0000E+00 0.0000E+00 6.5280E-04
   1560      6.900 1.832E+01 7.572E+02 5.291E+04 1.807E-03 6.084E-02 2.066E+01 1.141E+01 2.784E+02 3.909E+01 0.0000E+00 0.0000E+00 6.1512E-04
   1565      6.925 2.046E+01 7.519E+02 5.255E+04 1.814E-03 6.023E-02 2.058E+01 1.108E+01 2.733E+02 3.902E+01 0.0000E+00 0.0000E+00 5.8808E-04
   1570      6.950 2.281E+01 7.463E+02 5.216E+04 1.821E-03 5.960E-02 2.051E+01 1.075E+01 2.681E+02 3.893E+01 0.0000E+00 0.0000E+00 5.7133E-04
   1575      6.975 2.538E+01 7.402E+02 5.174E+04 1.828E-03 5.894E-02 2.043E+01 1.041E+01 2.628E+02 3.883E+01 0.0000E+00 0.0000E+00 5.6378E-04
   1580      7.000 2.816E+01 7.337E+02 5.129E+04 1.835E-03 5.825E-02 2.034E+01 1.007E+01 2.575E+02 3.872E+01 0.0000E+00 0.0000E+00 5.6366E-04
   1585      7.025 3.115E+01 7.269E+02 5.082E+04 1.843E-03 5.754E-02 2.024E+01 9.727E+00 2.522E+02 3.859E+01 0.0000E+00 0.0000E+00 5.6877E-04
   1590      7.050 3.437E+01 7.196E+02 5.032E+04 1.853E-03 5.681E-02 2.014E+01 9.378E+00 2.468E+02 3.845E+01 0.0000E+00 0.0000E+00 5.7667E-04
   1595      7.075 3.780E+01 7.119E+02 4.979E+04 1.864E-03 5.605E-02 2.004E+01 9.024E+00 2.414E+02 3.830E+01 0.0000E+00 0.0000E+00 5.8490E-04
   1600      7.100 4.145E+01 7.039E+02 4.923E+04 1.878E-03 5.526E-02 1.992E+01 8.667E+00 2.360E+02 3.814E+01 0.0000E+00 0.0000E+00 5.9117E-04
   1605      7.125 4.531E+01 6.955E+02 4.865E+04 1.895E-03 5.445E-02 1.980E+01 8.307E+00 2.306E+02 3.796E+01 0.0000E+00 0.0000E+00 5.9352E-04
   1610      7.150 4.940E+01 6.867E+02 4.804E+04 1.915E-03 5.362E-02 1.968E+01 7.942E+00 2.252E+02 3.778E+01 0.0000E+00 0.0000E+00 5.9041E-04
   1615      7.175 5.370E+01 6.776E+02 4.740E+04 1.938E-03 5.276E-02 1.955E+01 7.575E+00 2.198E+02 3.757E+01 0.0000E+00 0.0000E+00 5.8084E-04
   1620      7.200 5.822E+01 6.681E+02 4.674E+04 1.965E-03 5.189E-02 1.941E+01 7.204E+00 2.144E+02 3.736E+01 0.0000E+00 0.0000E+00 5.6439E-04
   1625      7.225 6.295E+01 6.583E+02 4.606E+04 1.995E-03 5.100E-02 1.927E+01 6.830E+00 2.090E+02 3.713E+01 0.0000E+00 0.0000E+00 5.4113E-04
   1630      7.250 6.789E+01 6.481E+02 4.535E+04 2.029E-03 5.010E-02 1.912E+01 6.454E+00 2.036E+02 3.689E+01 0.0000E+00 0.0000E+00 5.1164E-04
   1635      7.275 7.304E+01 6.376E+02 4.462E+04 2.066E-03 4.920E-02 1.897E+01 6.074E+00 1.983E+02 3.663E+01 0.0000E+00 0.0000E+00 4.7690E-04
   1640      7.300 7.840E+01 6.268E+02 4.386E+04 2.105E-03 4.829E-02 1.881E+01 5.692E+00 1.930E+02 3.636E+01 0.0000E+00 0.0000E+00 4.3823E-04
   1645      7.325 8.395E+01 6.157E+02 4.309E+04 2.147E-03 4.738E-02 1.864E+01 5.308E+00 1.878E+02 3.608E+01 0.0000E+00 0.0000E+00 3.9713E-04
   1650      7.350 8.971E+01 6.043E+02 4.229E+04 2.190E-03 4.649E-02 1.847E+01 4.922E+00 1.826E+02 3.578E+01 0.0000E+00 0.0000E+00 3.5524E-04
   1655      7.375 9.565E+01 5.926E+02 4.148E+04 2.233E-03 4.561E-02 1.829E+01 4.534E+00 1.775E+02 3.547E+01 0.0000E+00 0.0000E+00 3.1419E-04
   1660      7.400 1.018E+02 5.806E+02 4.064E+04 2.276E-03 4.476E-02 1.810E+01 4.145E+00 1.724E+02 3.515E+01 0.0000E+00 0.0000E+00 2.7552E-04
   1665      7.425 1.081E+02 5.684E+02 3.979E+04 2.318E-03 4.395E-02 1.791E+01 3.754E+00 1.675E+02 3.482E+01 0.0000E+00 0.0000E+00 2.4054E-04
   1670      7.450 1.146E+02 5.560E+02 3.892E+04 2.357E-03 4.318E-02 1.772E+01 3.362E+00 1.626E+02 3.447E+01 0.0000E+00 0.0000E+00 2.1033E-04
   1675      7.475 1.213E+02 5.433E+02 3.804E+04 2.394E-03 4.247E-02 1.751E+01 2.971E+00 1.578E+02 3.410E+01 0.0000E+00 0.0000E+00 1.8564E-04
   1680      7.500 1.281E+02 5.304E+02 3.714E+04 2.426E-03 4.183E-02 1.730E+01 2.579E+00 1.530E+02 3.373E+01 0.0000E+00 0.0000E+00 1.6692E-04
   1685      7.525 1.351E+02 5.173E+02 3.622E+04 2.453E-03 4.125E-02 1.709E+01 2.189E+00 1.484E+02 3.334E+01 0.0000E+00 0.0000E+00 1.5425E-04
   1690      7.550 1.422E+02 5.041E+02 3.529E+04 2.475E-03 4.076E-02 1.687E+01 1.802E+00 1.439E+02 3.293E+01 0.0000E+00 0.0000E+00 1.4741E-04
   1695      7.575 1.494E+02 4.906E+02 3.435E+04 2.491E-03 4.035E-02 1.664E+01 1.423E+00 1.395E+02 3.252E+01 0.0000E+00 0.0000E+00 1.4595E-04
   1700      7.600 1.568E+02 4.771E+02 3.340E+04 2.500E-03 4.004E-02 1.641E+01 1.059E+00 1.352E+02 3.209E+01 0.0000E+00 0.0000E+00 1.4927E-04
   1705      7.625 1.644E+02 4.633E+02 3.244E+04 2.503E-03 3.983E-02 1.617E+01 7.361E-01 1.311E+02 3.165E+01 0.0000E+00 0.0000E+00 1.5670E-04
   1710      7.650 1.720E+02 4.495E+02 3.148E+04 2.500E-03 3.971E-02 1.593E+01 5.357E-01 1.270E+02 3.119E+01 0.0000E+00 0.0000E+00 1.6768E-04
   1715      7.675 1.797E+02 4.356E+02 3.050E+04 2.490E-03 3.970E-02 1.568E+01 5.975E-01 1.231E+02 3.072E+01 0.0000E+00 0.0000E+00 1.8186E-04
   1720      7.700 1.875E+02 4.216E+02 2.952E+04 2.475E-03 3.979E-02 1.543E+01 8.671E-01 1.194E+02 3.024E+01 0.0000E+00 0.0000E+00 1.9922E-04
   1725      7.725 1.954E+02 4.075E+02 2.854E+04 2.454E-03 3.997E-02 1.517E+01 1.213E+00 1.158E+02 2.975E+01 0.0000E+00 0.0000E+00 2.2024E-04
   1730      7.750 2.034E+02 3.934E+02 2.755E+04 2.429E-03 4.024E-02 1.490E+01 1.585E+00 1.123E+02 2.924E+01 0.0000E+00 0.0000E+00 2.4590E-04
   1735      7.775 2.114E+02 3.793E+02 2.656E+04 2.400E-03 4.060E-02 1.463E+01 1.969E+00 1.090E+02 2.872E+01 0.0000E+00 0.0000E+00 2.7775E-04
   1740      7.800 2.195E+02 3.652E+02 2.557E+04 2.368E-03 4.103E-02 1.436E+01 2.357E+00 1.059E+02 2.819E+01 0.0000E+00 0.0000E+00 3.1783E-04
   1745      7.825 2.276E+02 3.510E+02 2.458E+04 2.335E-03 4.153E-02 1.408E+01 2.748E+00 1.029E+02 2.765E+01 0.0000E+00 0.0000E+00 3.6860E-04
   1750      7.850 2.357E+02 3.369E+02 2.359E+04 2.302E-03 4.209E-02 1.379E+01 3.140E+00 1.000E+02 2.710E+01 0.0000E+00 0.0000E+00 4.3274E-04
   1755      7.875 2.439E+02 3.229E+02 2.261E+04 2.268E-03 4.270E-02 1.350E+01 3.532E+00 9.738E+01 2.653E+01 0.0000E+00 0.0000E+00 5.1294E-04
   1760      7.900 2.520E+02 3.089E+02 2.163E+04 2.236E-03 4.335E-02 1.321E+01 3.924E+00 9.489E+01 2.595E+01 0.0000E+00 0.0000E+00 6.1161E-04
   1765      7.925 2.601E+02 2.951E+02 2.066E+04 2.206E-03 4.404E-02 1.291E+01 4.314E+00 9.258E+01 2.536E+01 0.0000E+00 0.0000E+00 7.3055E-04
   1770      7.950 2.682E+02 2.813E+02 1.969E+04 2.179E-03 4.476E-02 1.260E+01 4.703E+00 9.044E+01 2.476E+01 0.0000E+00 0.0000E+00 8.7068E-04
   1775      7.975 2.763E+02 2.677E+02 1.874E+04 2.155E-03 4.551E-02 1.229E+01 5.090E+00 8.849E+01 2.415E+01 0.0000E+00 0.0000E+00 1.0317E-03
   1780      8.000 2.843E+02 2.542E+02 1.779E+04 2.135E-03 4.627E-02 1.198E+01 5.475E+00 8.671E+01 2.353E+01 0.0000E+00 0.0000E+00 1.2120E-03
   1785      8.025 2.922E+02 2.409E+02 1.686E+04 2.119E-03 4.705E-02 1.166E+01 5.857E+00 8.511E+01 2.290E+01 0.0000E+00 0.0000E+00 1.4083E-03
   1790      8.050 3.001E+02 2.277E+02 1.594E+04 2.106E-03 4.784E-02 1.134E+01 6.237E+00 8.370E+01 2.226E+01 0.0000E+00 0.0000E+00 1.6157E-03
   1795      8.075 3.078E+02 2.148E+02 1.503E+04 2.097E-03 4.864E-02 1.101E+01 6.615E+00 8.247E+01 2.161E+01 0.0000E+00 0.0000E+00 1.8279E-03
   1800      8.100 3.155E+02 2.021E+02 1.414E+04 2.091E-03 4.944E-02 1.068E+01 6.989E+00 8.143E+01 2.095E+01 0.0000E+00 0.0000E+00 2.0373E-03
   1805      8.125 3.230E+02 1.896E+02 1.327E+04 2.087E-03 5.025E-02 1.034E+01 7.360E+00 8.058E+01 2.028E+01 0.0000E+00 0.0000E+00 2.2356E-03
   1810      8.150 3.304E+02 1.774E+02 1.241E+04 2.086E-03 5.107E-02 1.000E+01 7.728E+00 7.991E+01 1.960E+01 0.0000E+00 0.0000E+00 2.4140E-03
   1815      8.175 3.377E+02 1.655E+02 1.158E+04 2.086E-03 5.189E-02 9.662E+00 8.092E+00 7.942E+01 1.892E+01 0.0000E+00 0.0000E+00 2.5644E-03
   1820      8.200 3.448E+02 1.539E+02 1.077E+04 2.086E-03 5.272E-02 9.317E+00 8.453E+00 7.912E+01 1.822E+01 0.0000E+00 0.0000E+00 2.6790E-03
   1825      8.225 3.517E+02 1.426E+02 9.973E+03 2.086E-03 5.354E-02 8.967E+00 8.809E+00 7.901E+01 1.752E+01 0.0000E+00 0.0000E+00 2.7517E-03
   1830      8.250 3.585E+02 1.316E+02 9.205E+03 2.085E-03 5.438E-02 8.615E+00 9.161E+00 7.907E+01 1.681E+01 0.0000E+00 0.0000E+00 2.7781E-03
   1835      8.275 3.650E+02 1.210E+02 8.461E+03 2.082E-03 5.521E-02 8.260E+00 9.509E+00 7.932E+01 1.609E+01 0.0000E+00 0.0000E+00 2.7561E-03
   1840      8.300 3.713E+02 1.107E+02 7.743E+03 2.076E-03 5.605E-02 7.901E+00 9.853E+00 7.975E+01 1.537E+01 0.0000E+00 0.0000E+00 2.6860E-03
   1845      8.325 3.774E+02 1.009E+02 7.051E+03 2.068E-03 5.689E-02 7.540E+00 1.019E+01 8.036E+01 1.465E+01 0.0000E+00 0.0000E+00 2.5703E-03
   1850      8.350 3.833E+02 9.137E+01 6.388E+03 2.055E-03 5.773E-02 7.177E+00 1.053E+01 8.114E+01 1.392E+01 0.0000E+00 0.0000E+00 2.4141E-03
   1855      8.375 3.890E+02 8.229E+01 5.753E+03 2.039E-03 5.857E-02 6.811E+00 1.085E+01 8.210E+01 1.319E+01 0.0000E+00 0.0000E+00 2.2242E-03
   1860      8.400 3.943E+02 7.363E+01 5.148E+03 2.019E-03 5.941E-02 6.442E+00 1.118E+01 8.322E+01 1.245E+01 0.0000E+00 0.0000E+00 2.0089E-03
   1865      8.425 3.995E+02 6.541E+01 4.573E+03 1.995E-03 6.024E-02 6.072E+00 1.150E+01 8.452E+01 1.171E+01 0.0000E+00 0.0000E+00 1.7776E-03
   1870      8.450 4.043E+02 5.764E+01 4.031E+03 1.968E-03 6.106E-02 5.701E+00 1.181E+01 8.597E+01 1.097E+01 0.0000E+00 0.0000E+00 1.5399E-03
   1875      8.475 4.089E+02 5.033E+01 3.520E+03 1.937E-03 6.188E-02 5.328E+00 1.212E+01 8.759E+01 1.022E+01 0.0000E+00 0.0000E+00 1.3051E-03
   1880      8.500 4.131E+02 4.350E+01 3.043E+03 1.903E-03 6.267E-02 4.953E+00 1.242E+01 8.936E+01 9.477E+00 0.0000E+00 0.0000E+00 1.0815E-03
   1885      8.525 4.171E+02 3.714E+01 2.600E+03 1.867E-03 6.345E-02 4.578E+00 1.271E+01 9.128E+01 8.731E+00 0.0000E+00 0.0000E+00 8.7598E-04
   1890      8.550 4.207E+02 3.128E+01 2.191E+03 1.829E-03 6.421E-02 4.203E+00 1.300E+01 9.335E+01 7.985E+00 0.0000E+00 0.0000E+00 6.9392E-04
   1895      8.575 4.241E+02 2.591E+01 1.818E+03 1.790E-03 6.495E-02 3.829E+00 1.328E+01 9.556E+01 7.241E+00 0.0000E+00 0.0000E+00 5.3869E-04
   1900      8.600 4.271E+02 2.106E+01 1.481E+03 1.751E-03 6.565E-02 3.455E+00 1.356E+01 9.791E+01 6.501E+00 0.0000E+00 0.0000E+00 4.1179E-04
   1905      8.625 4.297E+02 1.672E+01 1.180E+03 1.712E-03 6.632E-02 3.084E+00 1.383E+01 1.004E+02 5.768E+00 0.0000E+00 0.0000E+00 3.1302E-04
   1910      8.650 4.321E+02 1.291E+01 9.154E+02 1.674E-03 6.696E-02 2.717E+00 1.409E+01 1.030E+02 5.131E+00 0.0000E+00 0.0000E+00 2.4068E-04
   1915      8.675 4.340E+02 9.626E+00 6.885E+02 1.638E-03 6.756E-02 2.356E+00 1.435E+01 1.057E+02 4.501E+00 0.0000E+00 0.0000E+00 1.9189E-04
   1920      8.700 4.357E+02 6.877E+00 4.990E+02 1.605E-03 6.811E-02 2.006E+00 1.460E+01 1.086E+02 3.875E+00 0.0000E+00 0.0000E+00 1.6299E-04
   1925      8.725 4.370E+02 4.666E+00 3.475E+02 1.574E-03 6.862E-02 1.674E+00 1.484E+01 1.115E+02 3.255E+00 0.0000E+00 0.0000E+00 1.4991E-04
   1930      8.750 4.379E+02 2.996E+00 2.340E+02 1.547E-03 6.909E-02 1.373E+00 1.508E+01 1.146E+02 2.718E+00 0.0000E+00 0.0000E+00 1.4862E-04
   1935      8.775 4.384E+02 1.870E+00 1.586E+02 1.524E-03 6.951E-02 1.131E+00 1.530E+01 1.177E+02 2.565E+00 0.0000E+00 0.0000E+00 1.5544E-04
   1940      8.800 4.386E+02 1.290E+00 1.216E+02 1.505E-03 6.987E-02 9.902E-01 1.552E+01 1.210E+02 2.514E+00 0.0000E+00 0.0000E+00 1.6743E-04
   1945      8.825 4.385E+02 1.255E+00 1.229E+02 1.490E-03 7.019E-02 9.954E-01 1.574E+01 1.243E+02 2.558E+00 0.0000E+00 0.0000E+00 1.8259E-04
   1950      8.850 4.379E+02 1.765E+00 1.624E+02 1.479E-03 7.045E-02 1.144E+00 1.594E+01 1.277E+02 2.697E+00 0.0000E+00 0.0000E+00 2.0008E-04
   1955      8.875 4.371E+02 2.819E+00 2.402E+02 1.473E-03 7.066E-02 1.392E+00 1.614E+01 1.312E+02 3.034E+00 0.0000E+00 0.0000E+00 2.2026E-04
   1960      8.900 4.358E+02 4.415E+00 3.559E+02 1.470E-03 7.082E-02 1.694E+00 1.633E+01 1.347E+02 3.703E+00 0.0000E+00 0.0000E+00 2.4477E-04
   1965      8.925 4.342E+02 6.550E+00 5.093E+02 1.472E-03 7.092E-02 2.026E+00 1.651E+01 1.383E+02 4.419E+00 0.0000E+00 0.0000E+00 2.7633E-04
   1970      8.950 4.322E+02 9.219E+00 7.002E+02 1.477E-03 7.097E-02 2.376E+00 1.668E+01 1.420E+02 5.159E+00 0.0000E+00 0.0000E+00 3.1859E-04
   1975      8.975 4.298E+02 1.242E+01 9.282E+02 1.486E-03 7.097E-02 2.736E+00 1.685E+01 1.457E+02 5.912E+00 0.0000E+00 0.0000E+00 3.7577E-04
   1980      9.000 4.271E+02 1.614E+01 1.193E+03 1.499E-03 7.092E-02 3.101E+00 1.700E+01 1.494E+02 6.669E+00 0.0000E+00 0.0000E+00 4.5230E-04
   1985      9.025 4.241E+02 2.038E+01 1.494E+03 1.514E-03 7.082E-02 3.470E+00 1.715E+01 1.531E+02 7.428E+00 0.0000E+00 0.0000E+00 5.5234E-04
   1990      9.050 4.207E+02 2.513E+01 1.830E+03 1.531E-03 7.067E-02 3.841E+00 1.729E+01 1.569E+02 8.187E+00 0.0000E+00 0.0000E+00 6.7936E-04
   1995      9.075 4.169E+02 3.037E+01 2.202E+03 1.551E-03 7.048E-02 4.213E+00 1.743E+01 1.607E+02 8.944E+00 0.0000E+00 0.0000E+00 8.3564E-04
   2000      9.100 4.128E+02 3.611E+01 2.607E+03 1.572E-03 7.024E-02 4.585E+00 1.755E+01 1.645E+02 9.697E+00 0.0000E+00 0.0000E+00 1.0219E-03
   2005      9.125 4.084E+02 4.234E+01 3.047E+03 1.595E-03 6.995E-02 4.956E+00 1.766E+01 1.683E+02 1.045E+01 0.0000E+00 0.0000E+00 1.2368E-03
   2010      9.150 4.037E+02 4.903E+01 3.519E+03 1.619E-03 6.963E-02 5.326E+00 1.777E+01 1.721E+02 1.119E+01 0.0000E+00 0.0000E+00 1.4772E-03
   2015      9.175 3.986E+02 5.617E+01 4.023E+03 1.643E-03 6.927E-02 5.695E+00 1.787E+01 1.758E+02 1.193E+01 0.0000E+00 0.0000E+00 1.7373E-03
   2020      9.200 3.933E+02 6.377E+01 4.557E+03 1.668E-03 6.887E-02 6.062E+00 1.796E+01 1.796E+02 1.266E+01 0.0000E+00 0.0000E+00 2.0097E-03
   2025      9.225 3.876E+02 7.179E+01 5.122E+03 1.693E-03 6.843E-02 6.427E+00 1.804E+01 1.833E+02 1.339E+01 0.0000E+00 0.0000E+00 2.2849E-03
   2030      9.250 3.817E+02 8.023E+01 5.717E+03 1.718E-03 6.796E-02 6.789E+00 1.811E+01 1.870E+02 1.411E+01 0.0000E+00 0.0000E+00 2.5525E-03
   2035      9.275 3.754E+02 8.908E+01 6.338E+03 1.742E-03 6.746E-02 7.149E+00 1.817E+01 1.907E+02 1.482E+01 0.0000E+00 0.0000E+00 2.8011E-03
   2040      9.300 3.689E+02 9.831E+01 6.987E+03 1.766E-03 6.694E-02 7.506E+00 1.823E+01 1.943E+02 1.553E+01 0.0000E+00 0.0000E+00 3.0196E-03
   2045      9.325 3.622E+02 1.079E+02 7.662E+03 1.790E-03 6.638E-02 7.860E+00 1.827E+01 1.978E+02 1.622E+01 0.0000E+00 0.0000E+00 3.1972E-03
   2050      9.350 3.552E+02 1.179E+02 8.361E+03 1.813E-03 6.580E-02 8.210E+00 1.831E+01 2.013E+02 1.691E+01 0.0000E+00 0.0000E+00 3.3250E-03
   2055      9.375 3.480E+02 1.282E+02 9.083E+03 1.835E-03 6.520E-02 8.558E+00 1.833E+01 2.047E+02 1.759E+01 0.0000E+00 0.0000E+00 3.3958E-03
   2060      9.400 3.405E+02 1.388E+02 9.827E+03 1.856E-03 6.457E-02 8.901E+00 1.835E+01 2.080E+02 1.826E+01 0.0000E+00 0.0000E+00 3.4052E-03
   2065      9.425 3.328E+02 1.497E+02 1.059E+04 1.877E-03 6.393E-02 9.241E+00 1.836E+01 2.113E+02 1.892E+01 0.0000E+00 0.0000E+00 3.3517E-03
   2070      9.450 3.250E+02 1.608E+02 1.137E+04 1.898E-03 6.327E-02 9.577E+00 1.836E+01 2.145E+02 1.957E+01 0.0000E+00 0.0000E+00 3.2372E-03
   2075      9.475 3.170E+02 1.723E+02 1.218E+04 1.918E-03 6.259E-02 9.908E+00 1.836E+01 2.176E+02 2.021E+01 0.0000E+00 0.0000E+00 3.0667E-03
   2080      9.500 3.088E+02 1.840E+02 1.299E+04 1.937E-03 6.190E-02 1.024E+01 1.834E+01 2.206E+02 2.084E+01 0.0000E+00 0.0000E+00 2.8480E-03
   2085      9.525 3.004E+02 1.959E+02 1.383E+04 1.956E-03 6.120E-02 1.056E+01 1.831E+01 2.234E+02 2.146E+01 0.0000E+00 0.0000E+00 2.5916E-03
   2090      9.550 2.919E+02 2.080E+02 1.467E+04 1.975E-03 6.048E-02 1.088E+01 1.828E+01 2.262E+02 2.207E+01 0.0000E+00 0.0000E+00 2.3094E-03
   2095      9.575 2.833E+02 2.202E+02 1.553E+04 1.994E-03 5.976E-02 1.119E+01 1.824E+01 2.289E+02 2.266E+01 0.0000E+00 0.0000E+00 2.0140E-03
   2100      9.600 2.746E+02 2.326E+02 1.640E+04 2.013E-03 5.903E-02 1.150E+01 1.818E+01 2.314E+02 2.325E+01 0.0000E+00 0.0000E+00 1.7182E-03
   2105      9.625 2.658E+02 2.452E+02 1.727E+04 2.032E-03 5.830E-02 1.180E+01 1.812E+01 2.339E+02 2.382E+01 0.0000E+00 0.0000E+00 1.4335E-03
   2110      9.650 2.569E+02 2.579E+02 1.816E+04 2.052E-03 5.757E-02 1.210E+01 1.805E+01 2.362E+02 2.438E+01 0.0000E+00 0.0000E+00 1.1698E-03
   2115      9.675 2.480E+02 2.706E+02 1.905E+04 2.071E-03 5.683E-02 1.239E+01 1.798E+01 2.384E+02 2.492E+01 0.0000E+00 0.0000E+00 9.3472E-04
   2120      9.700 2.390E+02 2.834E+02 1.994E+04 2.090E-03 5.610E-02 1.268E+01 1.789E+01 2.404E+02 2.546E+01 0.0000E+00 0.0000E+00 7.3331E-04
   2125      9.725 2.300E+02 2.963E+02 2.084E+04 2.109E-03 5.537E-02 1.296E+01 1.779E+01 2.423E+02 2.598E+01 0.0000E+00 0.0000E+00 5.6788E-04
   2130      9.750 2.210E+02 3.091E+02 2.173E+04 2.127E-03 5.465E-02 1.324E+01 1.769E+01 2.441E+02 2.648E+01 0.0000E+00 0.0000E+00 4.3822E-04
   2135      9.775 2.120E+02 3.220E+02 2.263E+04 2.146E-03 5.395E-02 1.351E+01 1.758E+01 2.458E+02 2.697E+01 0.0000E+00 0.0000E+00 3.4200E-04
   2140      9.800 2.030E+02 3.348E+02 2.352E+04 2.163E-03 5.325E-02 1.377E+01 1.746E+01 2.472E+02 2.745E+01 0.0000E+00 0.0000E+00 2.7530E-04
   2145      9.825 1.941E+02 3.476E+02 2.441E+04 2.180E-03 5.258E-02 1.403E+01 1.733E+01 2.486E+02 2.791E+01 0.0000E+00 0.0000E+00 2.3327E-04
   2150      9.850 1.852E+02 3.603E+02 2.530E+04 2.196E-03 5.192E-02 1.428E+01 1.719E+01 2.498E+02 2.836E+01 0.0000E+00 0.0000E+00 2.1073E-04
   2155      9.875 1.764E+02 3.729E+02 2.617E+04 2.211E-03 5.129E-02 1.453E+01 1.705E+01 2.508E+02 2.879E+01 0.0000E+00 0.0000E+00 2.0285E-04
   2160      9.900 1.677E+02 3.854E+02 2.704E+04 2.224E-03 5.068E-02 1.477E+01 1.690E+01 2.518E+02 2.921E+01 0.0000E+00 0.0000E+00 2.0563E-04
   2165      9.925 1.590E+02 3.977E+02 2.790E+04 2.236E-03 5.010E-02 1.500E+01 1.674E+01 2.525E+02 2.961E+01 0.0000E+00 0.0000E+00 2.1623E-04
   2170      9.950 1.505E+02 4.099E+02 2.874E+04 2.246E-03 4.956E-02 1.522E+01 1.657E+01 2.531E+02 3.000E+01 0.0000E+00 0.0000E+00 2.3314E-04
   2175      9.975 1.422E+02 4.219E+02 2.957E+04 2.255E-03 4.904E-02 1.544E+01 1.639E+01 2.535E+02 3.037E+01 0.0000E+00 0.0000E+00 2.5613E-04
   2180     10.000 1.340E+02 4.337E+02 3.039E+04 2.261E-03 4.857E-02 1.565E+01 1.621E+01 2.538E+02 3.073E+01 0.0000E+00 0.0000E+00 2.8607E-04
   2185     10.025 1.259E+02 4.452E+02 3.119E+04 2.266E-03 4.813E-02 1.586E+01 1.602E+01 2.540E+02 3.106E+01 0.0000E+00 0.0000E+00 3.2460E-04
   2190     10.050 1.180E+02 4.565E+02 3.197E+04 2.269E-03 4.773E-02 1.606E+01 1.582E+01 2.540E+02 3.139E+01 0.0000E+00 0.0000E+00 3.7371E-04
