#--it-----t--------dt-------EEK-------EEM-------EEGW------hrms------urms------brms------umax------bmax------o2m------divu2m----gg2m---
    0   1.0000  4.64E-05 0.000E+00 3.959E-03 0.000E+00 0.000E+00 0.000E+00 8.898E-02 0.000E+00 3.446E-01 0.000E+00 0.000E+00 0.00E+00
   20   1.0009  4.25E-05 1.103E-04 3.777E-03 2.204E-11 6.134E-09 1.487E-02 8.692E-02 8.035E-02 3.011E-01 1.073E+05 7.604E+02 1.32E-10
   40   1.0017  4.11E-05 1.908E-04 3.634E-03 2.728E-11 1.531E-08 1.955E-02 8.525E-02 1.065E-01 2.969E-01 1.151E+05 5.645E+02 1.64E-10
   60   1.0025  4.08E-05 2.512E-04 3.525E-03 2.598E-11 2.278E-08 2.243E-02 8.396E-02 1.142E-01 2.849E-01 1.119E+05 4.628E+02 1.56E-10
   80   1.0033  4.10E-05 3.016E-04 3.433E-03 2.635E-11 2.832E-08 2.458E-02 8.286E-02 1.186E-01 2.893E-01 1.076E+05 4.026E+02 1.58E-10
  100   1.0042  4.04E-05 3.449E-04 3.354E-03 2.688E-11 3.268E-08 2.628E-02 8.190E-02 1.231E-01 2.849E-01 1.036E+05 3.632E+02 1.61E-10
  120   1.0050  3.95E-05 3.823E-04 3.284E-03 2.696E-11 3.647E-08 2.766E-02 8.105E-02 1.373E-01 2.726E-01 1.001E+05 3.364E+02 1.62E-10
  140   1.0057  3.95E-05 4.153E-04 3.222E-03 2.699E-11 4.000E-08 2.883E-02 8.028E-02 1.427E-01 2.622E-01 9.720E+04 3.164E+02 1.62E-10
  160   1.0065  3.96E-05 4.454E-04 3.164E-03 2.714E-11 4.341E-08 2.985E-02 7.955E-02 1.392E-01 2.554E-01 9.464E+04 2.996E+02 1.63E-10
  180   1.0073  3.96E-05 4.725E-04 3.111E-03 2.689E-11 4.668E-08 3.074E-02 7.888E-02 1.360E-01 2.553E-01 9.244E+04 2.857E+02 1.61E-10
  200   1.0081  3.93E-05 4.971E-04 3.061E-03 2.672E-11 4.973E-08 3.153E-02 7.824E-02 1.410E-01 2.610E-01 9.055E+04 2.740E+02 1.60E-10
  220   1.0089  3.95E-05 5.196E-04 3.014E-03 2.658E-11 5.256E-08 3.223E-02 7.764E-02 1.347E-01 2.589E-01 8.890E+04 2.636E+02 1.59E-10
  240   1.0097  3.96E-05 5.403E-04 2.969E-03 2.632E-11 5.516E-08 3.287E-02 7.706E-02 1.373E-01 2.553E-01 8.746E+04 2.546E+02 1.58E-10
  260   1.0105  3.96E-05 5.593E-04 2.927E-03 2.636E-11 5.753E-08 3.344E-02 7.652E-02 1.493E-01 2.422E-01 8.620E+04 2.462E+02 1.58E-10
  280   1.0113  3.95E-05 5.768E-04 2.888E-03 2.638E-11 5.969E-08 3.396E-02 7.599E-02 1.532E-01 2.380E-01 8.509E+04 2.391E+02 1.58E-10
  300   1.0121  3.96E-05 5.929E-04 2.850E-03 2.642E-11 6.165E-08 3.443E-02 7.550E-02 1.572E-01 2.344E-01 8.410E+04 2.325E+02 1.59E-10
  320   1.0129  3.94E-05 6.076E-04 2.814E-03 2.662E-11 6.343E-08 3.485E-02 7.502E-02 1.532E-01 2.432E-01 8.323E+04 2.263E+02 1.60E-10
  340   1.0137  3.90E-05 6.212E-04 2.780E-03 2.660E-11 6.505E-08 3.524E-02 7.457E-02 1.536E-01 2.321E-01 8.245E+04 2.209E+02 1.60E-10
  360   1.0144  3.87E-05 6.335E-04 2.748E-03 2.663E-11 6.651E-08 3.558E-02 7.414E-02 1.634E-01 2.328E-01 8.176E+04 2.159E+02 1.60E-10
  380   1.0152  3.84E-05 6.448E-04 2.718E-03 2.660E-11 6.786E-08 3.590E-02 7.373E-02 1.667E-01 2.304E-01 8.113E+04 2.112E+02 1.60E-10
  400   1.0160  3.85E-05 6.552E-04 2.689E-03 2.642E-11 6.910E-08 3.619E-02 7.334E-02 1.634E-01 2.371E-01 8.056E+04 2.070E+02 1.59E-10
  420   1.0167  3.86E-05 6.648E-04 2.661E-03 2.646E-11 7.024E-08 3.645E-02 7.295E-02 1.627E-01 2.394E-01 8.004E+04 2.032E+02 1.59E-10
  440   1.0175  3.89E-05 6.737E-04 2.634E-03 2.670E-11 7.130E-08 3.669E-02 7.258E-02 1.646E-01 2.428E-01 7.956E+04 1.991E+02 1.60E-10
  460   1.0183  3.89E-05 6.819E-04 2.608E-03 2.685E-11 7.231E-08 3.691E-02 7.222E-02 1.645E-01 2.433E-01 7.912E+04 1.954E+02 1.61E-10
  480   1.0191  3.89E-05 6.893E-04 2.583E-03 2.675E-11 7.327E-08 3.711E-02 7.187E-02 1.680E-01 2.387E-01 7.870E+04 1.921E+02 1.61E-10
  500   1.0198  3.90E-05 6.961E-04 2.559E-03 2.661E-11 7.419E-08 3.730E-02 7.154E-02 1.621E-01 2.397E-01 7.831E+04 1.889E+02 1.60E-10
  520   1.0206  3.91E-05 7.023E-04 2.535E-03 2.627E-11 7.507E-08 3.746E-02 7.121E-02 1.590E-01 2.336E-01 7.795E+04 1.857E+02 1.58E-10
  540   1.0214  3.90E-05 7.079E-04 2.513E-03 2.641E-11 7.588E-08 3.761E-02 7.089E-02 1.615E-01 2.322E-01 7.760E+04 1.826E+02 1.58E-10
  560   1.0222  3.90E-05 7.130E-04 2.491E-03 2.675E-11 7.661E-08 3.774E-02 7.058E-02 1.649E-01 2.355E-01 7.728E+04 1.797E+02 1.61E-10
  580   1.0230  3.90E-05 7.175E-04 2.470E-03 2.671E-11 7.730E-08 3.786E-02 7.028E-02 1.657E-01 2.373E-01 7.697E+04 1.770E+02 1.60E-10
  600   1.0238  3.92E-05 7.216E-04 2.449E-03 2.642E-11 7.795E-08 3.797E-02 6.999E-02 1.709E-01 2.330E-01 7.668E+04 1.743E+02 1.59E-10
  620   1.0245  3.90E-05 7.252E-04 2.429E-03 2.615E-11 7.853E-08 3.806E-02 6.970E-02 1.655E-01 2.365E-01 7.639E+04 1.720E+02 1.57E-10
  640   1.0253  3.91E-05 7.283E-04 2.410E-03 2.596E-11 7.901E-08 3.815E-02 6.943E-02 1.630E-01 2.435E-01 7.612E+04 1.695E+02 1.56E-10
  660   1.0261  3.91E-05 7.310E-04 2.391E-03 2.560E-11 7.937E-08 3.822E-02 6.916E-02 1.627E-01 2.478E-01 7.585E+04 1.672E+02 1.54E-10
  680   1.0269  3.91E-05 7.333E-04 2.373E-03 2.511E-11 7.958E-08 3.828E-02 6.890E-02 1.667E-01 2.460E-01 7.559E+04 1.649E+02 1.51E-10
  700   1.0277  3.89E-05 7.352E-04 2.356E-03 2.498E-11 7.958E-08 3.832E-02 6.864E-02 1.656E-01 2.459E-01 7.534E+04 1.627E+02 1.50E-10
  720   1.0284  3.89E-05 7.367E-04 2.339E-03 2.506E-11 7.938E-08 3.836E-02 6.839E-02 1.714E-01 2.434E-01 7.509E+04 1.607E+02 1.50E-10
  740   1.0292  3.90E-05 7.379E-04 2.322E-03 2.513E-11 7.897E-08 3.839E-02 6.815E-02 1.770E-01 2.459E-01 7.484E+04 1.587E+02 1.51E-10
  760   1.0300  3.89E-05 7.388E-04 2.306E-03 2.510E-11 7.835E-08 3.842E-02 6.792E-02 1.814E-01 2.505E-01 7.460E+04 1.569E+02 1.51E-10
  780   1.0308  3.89E-05 7.394E-04 2.291E-03 2.516E-11 7.754E-08 3.843E-02 6.769E-02 1.826E-01 2.562E-01 7.436E+04 1.550E+02 1.51E-10
  800   1.0316  3.88E-05 7.396E-04 2.276E-03 2.672E-11 7.653E-08 3.844E-02 6.746E-02 1.776E-01 2.583E-01 7.412E+04 1.532E+02 1.60E-10
  820   1.0323  3.89E-05 7.396E-04 2.261E-03 2.763E-11 7.546E-08 3.844E-02 6.724E-02 1.746E-01 2.545E-01 7.388E+04 1.515E+02 1.66E-10
  840   1.0331  3.88E-05 7.393E-04 2.246E-03 2.745E-11 7.443E-08 3.843E-02 6.703E-02 1.737E-01 2.588E-01 7.363E+04 1.498E+02 1.65E-10
  860   1.0339  3.90E-05 7.387E-04 2.232E-03 2.740E-11 7.342E-08 3.841E-02 6.682E-02 1.745E-01 2.620E-01 7.339E+04 1.481E+02 1.64E-10
  880   1.0347  3.87E-05 7.379E-04 2.219E-03 2.729E-11 7.243E-08 3.839E-02 6.661E-02 1.729E-01 2.607E-01 7.314E+04 1.466E+02 1.64E-10
  900   1.0354  3.87E-05 7.369E-04 2.205E-03 2.704E-11 7.144E-08 3.837E-02 6.641E-02 1.697E-01 2.621E-01 7.290E+04 1.450E+02 1.62E-10
  920   1.0362  3.89E-05 7.357E-04 2.192E-03 2.687E-11 7.041E-08 3.834E-02 6.622E-02 1.646E-01 2.585E-01 7.265E+04 1.438E+02 1.61E-10
  940   1.0370  3.89E-05 7.342E-04 2.180E-03 2.679E-11 6.934E-08 3.830E-02 6.602E-02 1.685E-01 2.534E-01 7.240E+04 1.421E+02 1.61E-10
  960   1.0378  3.89E-05 7.326E-04 2.167E-03 2.656E-11 6.821E-08 3.825E-02 6.583E-02 1.684E-01 2.512E-01 7.215E+04 1.407E+02 1.59E-10
  980   1.0386  3.90E-05 7.308E-04 2.155E-03 2.638E-11 6.701E-08 3.821E-02 6.565E-02 1.658E-01 2.514E-01 7.190E+04 1.394E+02 1.58E-10
 1000   1.0393  3.91E-05 7.288E-04 2.143E-03 2.639E-11 6.570E-08 3.816E-02 6.547E-02 1.642E-01 2.510E-01 7.164E+04 1.380E+02 1.58E-10
 1020   1.0401  3.91E-05 7.267E-04 2.131E-03 2.647E-11 6.429E-08 3.810E-02 6.529E-02 1.630E-01 2.491E-01 7.138E+04 1.366E+02 1.59E-10
 1040   1.0409  3.90E-05 7.244E-04 2.120E-03 2.653E-11 6.276E-08 3.804E-02 6.511E-02 1.614E-01 2.538E-01 7.112E+04 1.354E+02 1.59E-10
 1060   1.0417  3.88E-05 7.220E-04 2.108E-03 2.613E-11 6.113E-08 3.798E-02 6.493E-02 1.633E-01 2.487E-01 7.086E+04 1.341E+02 1.57E-10
 1080   1.0425  3.88E-05 7.195E-04 2.097E-03 2.603E-11 5.935E-08 3.791E-02 6.477E-02 1.680E-01 2.478E-01 7.060E+04 1.331E+02 1.56E-10
 1100   1.0432  3.90E-05 7.169E-04 2.086E-03 2.636E-11 5.737E-08 3.784E-02 6.460E-02 1.689E-01 2.475E-01 7.034E+04 1.317E+02 1.58E-10
 1120   1.0440  3.89E-05 7.142E-04 2.076E-03 2.717E-11 5.520E-08 3.777E-02 6.443E-02 1.688E-01 2.433E-01 7.006E+04 1.306E+02 1.63E-10
 1140   1.0448  3.91E-05 7.114E-04 2.065E-03 2.924E-11 5.297E-08 3.770E-02 6.427E-02 1.624E-01 2.425E-01 6.979E+04 1.295E+02 1.75E-10
 1160   1.0456  3.92E-05 7.084E-04 2.055E-03 2.981E-11 5.088E-08 3.762E-02 6.411E-02 1.601E-01 2.447E-01 6.952E+04 1.284E+02 1.79E-10
 1180   1.0464  3.91E-05 7.054E-04 2.045E-03 2.967E-11 4.911E-08 3.754E-02 6.395E-02 1.701E-01 2.477E-01 6.924E+04 1.272E+02 1.78E-10
 1200   1.0471  3.88E-05 7.023E-04 2.035E-03 2.947E-11 4.767E-08 3.745E-02 6.379E-02 1.687E-01 2.472E-01 6.896E+04 1.261E+02 1.77E-10
 1220   1.0479  3.86E-05 6.991E-04 2.025E-03 2.905E-11 4.659E-08 3.737E-02 6.364E-02 1.708E-01 2.484E-01 6.868E+04 1.251E+02 1.74E-10
 1240   1.0487  3.85E-05 6.959E-04 2.015E-03 2.851E-11 4.583E-08 3.728E-02 6.348E-02 1.686E-01 2.485E-01 6.840E+04 1.241E+02 1.71E-10
 1260   1.0495  3.86E-05 6.926E-04 2.006E-03 2.822E-11 4.532E-08 3.720E-02 6.334E-02 1.687E-01 2.491E-01 6.811E+04 1.231E+02 1.69E-10
 1280   1.0502  3.86E-05 6.893E-04 1.996E-03 2.782E-11 4.504E-08 3.711E-02 6.319E-02 1.885E-01 2.477E-01 6.783E+04 1.223E+02 1.67E-10
 1300   1.0510  3.88E-05 6.859E-04 1.987E-03 2.743E-11 4.492E-08 3.701E-02 6.304E-02 1.862E-01 2.488E-01 6.753E+04 1.213E+02 1.65E-10
 1320   1.0518  3.89E-05 6.824E-04 1.978E-03 2.725E-11 4.492E-08 3.692E-02 6.290E-02 1.746E-01 2.472E-01 6.724E+04 1.204E+02 1.64E-10
 1340   1.0526  3.89E-05 6.788E-04 1.969E-03 2.705E-11 4.502E-08 3.682E-02 6.275E-02 1.769E-01 2.503E-01 6.694E+04 1.195E+02 1.62E-10
 1360   1.0533  3.87E-05 6.752E-04 1.960E-03 2.662E-11 4.521E-08 3.673E-02 6.261E-02 1.776E-01 2.498E-01 6.665E+04 1.184E+02 1.60E-10
 1380   1.0541  3.87E-05 6.717E-04 1.951E-03 2.688E-11 4.543E-08 3.663E-02 6.247E-02 1.734E-01 2.504E-01 6.635E+04 1.175E+02 1.61E-10
 1400   1.0549  3.87E-05 6.681E-04 1.943E-03 2.793E-11 4.575E-08 3.653E-02 6.233E-02 1.644E-01 2.523E-01 6.605E+04 1.171E+02 1.68E-10
 1420   1.0556  3.88E-05 6.644E-04 1.934E-03 2.774E-11 4.628E-08 3.643E-02 6.220E-02 1.686E-01 2.539E-01 6.574E+04 1.160E+02 1.66E-10
 1440   1.0564  3.86E-05 6.606E-04 1.926E-03 2.725E-11 4.701E-08 3.633E-02 6.206E-02 1.681E-01 2.542E-01 6.544E+04 1.152E+02 1.63E-10
 1460   1.0572  3.90E-05 6.569E-04 1.918E-03 2.709E-11 4.787E-08 3.622E-02 6.193E-02 1.674E-01 2.541E-01 6.513E+04 1.142E+02 1.63E-10
 1480   1.0580  3.89E-05 6.531E-04 1.909E-03 2.677E-11 4.883E-08 3.612E-02 6.180E-02 1.668E-01 2.546E-01 6.481E+04 1.135E+02 1.61E-10
 1500   1.0588  3.88E-05 6.493E-04 1.901E-03 2.632E-11 4.985E-08 3.601E-02 6.166E-02 1.663E-01 2.538E-01 6.450E+04 1.127E+02 1.58E-10
 1520   1.0595  3.90E-05 6.454E-04 1.893E-03 2.608E-11 5.087E-08 3.591E-02 6.153E-02 1.608E-01 2.537E-01 6.419E+04 1.121E+02 1.56E-10
 1540   1.0603  3.92E-05 6.415E-04 1.885E-03 2.603E-11 5.187E-08 3.580E-02 6.140E-02 1.653E-01 2.498E-01 6.387E+04 1.111E+02 1.56E-10
 1560   1.0611  3.94E-05 6.376E-04 1.877E-03 2.587E-11 5.283E-08 3.569E-02 6.128E-02 1.596E-01 2.513E-01 6.355E+04 1.104E+02 1.55E-10
 1580   1.0619  3.92E-05 6.337E-04 1.870E-03 2.549E-11 5.372E-08 3.558E-02 6.115E-02 1.649E-01 2.540E-01 6.323E+04 1.097E+02 1.53E-10
 1600   1.0627  3.93E-05 6.297E-04 1.862E-03 2.547E-11 5.448E-08 3.547E-02 6.102E-02 1.655E-01 2.585E-01 6.291E+04 1.089E+02 1.53E-10
 1620   1.0635  3.92E-05 6.258E-04 1.854E-03 2.583E-11 5.509E-08 3.536E-02 6.090E-02 1.630E-01 2.637E-01 6.259E+04 1.081E+02 1.55E-10
 1640   1.0642  3.92E-05 6.219E-04 1.847E-03 2.567E-11 5.553E-08 3.525E-02 6.077E-02 1.730E-01 2.656E-01 6.227E+04 1.075E+02 1.54E-10
 1660   1.0650  3.89E-05 6.179E-04 1.839E-03 2.541E-11 5.579E-08 3.513E-02 6.065E-02 1.674E-01 2.651E-01 6.195E+04 1.068E+02 1.52E-10
 1680   1.0658  3.89E-05 6.140E-04 1.832E-03 2.501E-11 5.581E-08 3.502E-02 6.053E-02 1.665E-01 2.631E-01 6.163E+04 1.061E+02 1.50E-10
 1700   1.0666  3.88E-05 6.101E-04 1.825E-03 2.480E-11 5.557E-08 3.491E-02 6.041E-02 1.675E-01 2.621E-01 6.131E+04 1.054E+02 1.49E-10
 1720   1.0674  3.87E-05 6.062E-04 1.817E-03 2.464E-11 5.502E-08 3.480E-02 6.029E-02 1.617E-01 2.596E-01 6.098E+04 1.046E+02 1.48E-10
 1740   1.0681  3.88E-05 6.023E-04 1.810E-03 2.452E-11 5.416E-08 3.469E-02 6.017E-02 1.616E-01 2.571E-01 6.066E+04 1.043E+02 1.47E-10
 1760   1.0689  3.91E-05 5.984E-04 1.803E-03 2.431E-11 5.294E-08 3.457E-02 6.005E-02 1.566E-01 2.525E-01 6.034E+04 1.035E+02 1.46E-10
 1780   1.0697  3.93E-05 5.945E-04 1.796E-03 2.457E-11 5.130E-08 3.446E-02 5.994E-02 1.590E-01 2.526E-01 6.001E+04 1.028E+02 1.47E-10
 1800   1.0705  3.95E-05 5.906E-04 1.789E-03 2.726E-11 4.929E-08 3.435E-02 5.982E-02 1.569E-01 2.539E-01 5.968E+04 1.021E+02 1.64E-10
 1820   1.0713  3.94E-05 5.866E-04 1.782E-03 2.838E-11 4.720E-08 3.423E-02 5.970E-02 1.597E-01 2.548E-01 5.935E+04 1.016E+02 1.70E-10
 1840   1.0721  3.94E-05 5.827E-04 1.775E-03 2.821E-11 4.523E-08 3.412E-02 5.959E-02 1.561E-01 2.533E-01 5.902E+04 1.011E+02 1.69E-10
 1860   1.0728  3.96E-05 5.788E-04 1.769E-03 2.804E-11 4.339E-08 3.400E-02 5.947E-02 1.593E-01 2.498E-01 5.869E+04 1.004E+02 1.68E-10
 1880   1.0736  3.95E-05 5.749E-04 1.762E-03 2.786E-11 4.168E-08 3.389E-02 5.936E-02 1.624E-01 2.462E-01 5.835E+04 9.984E+01 1.67E-10
 1900   1.0744  3.94E-05 5.710E-04 1.755E-03 2.750E-11 4.010E-08 3.377E-02 5.925E-02 1.582E-01 2.432E-01 5.802E+04 9.920E+01 1.65E-10
 1920   1.0752  3.95E-05 5.671E-04 1.748E-03 2.701E-11 3.861E-08 3.366E-02 5.913E-02 1.568E-01 2.431E-01 5.769E+04 9.853E+01 1.62E-10
 1940   1.0760  3.94E-05 5.632E-04 1.742E-03 2.678E-11 3.713E-08 3.354E-02 5.902E-02 1.581E-01 2.422E-01 5.736E+04 9.768E+01 1.61E-10
 1960   1.0768  3.93E-05 5.595E-04 1.735E-03 2.786E-11 3.565E-08 3.343E-02 5.891E-02 1.557E-01 2.418E-01 5.703E+04 9.759E+01 1.67E-10
 1980   1.0776  3.93E-05 5.558E-04 1.729E-03 3.009E-11 3.444E-08 3.332E-02 5.880E-02 1.532E-01 2.406E-01 5.670E+04 9.716E+01 1.81E-10
 2000   1.0784  3.94E-05 5.520E-04 1.722E-03 3.032E-11 3.393E-08 3.321E-02 5.869E-02 1.533E-01 2.412E-01 5.637E+04 9.631E+01 1.82E-10
 2020   1.0792  3.94E-05 5.482E-04 1.716E-03 2.982E-11 3.426E-08 3.309E-02 5.858E-02 1.536E-01 2.414E-01 5.604E+04 9.571E+01 1.79E-10
 2040   1.0799  3.93E-05 5.445E-04 1.710E-03 2.959E-11 3.531E-08 3.298E-02 5.848E-02 1.529E-01 2.412E-01 5.571E+04 9.526E+01 1.78E-10
 2060   1.0807  3.93E-05 5.408E-04 1.703E-03 2.949E-11 3.697E-08 3.287E-02 5.837E-02 1.547E-01 2.404E-01 5.539E+04 9.480E+01 1.77E-10
 2080   1.0815  3.93E-05 5.371E-04 1.697E-03 2.896E-11 3.911E-08 3.275E-02 5.826E-02 1.579E-01 2.405E-01 5.506E+04 9.418E+01 1.74E-10
 2100   1.0823  3.91E-05 5.334E-04 1.691E-03 2.846E-11 4.158E-08 3.264E-02 5.816E-02 1.613E-01 2.427E-01 5.473E+04 9.373E+01 1.71E-10
 2120   1.0831  3.91E-05 5.298E-04 1.685E-03 2.803E-11 4.421E-08 3.253E-02 5.805E-02 1.581E-01 2.419E-01 5.441E+04 9.318E+01 1.68E-10
 2140   1.0839  3.91E-05 5.262E-04 1.679E-03 2.745E-11 4.694E-08 3.242E-02 5.795E-02 1.572E-01 2.404E-01 5.408E+04 9.279E+01 1.65E-10
 2160   1.0846  3.92E-05 5.227E-04 1.673E-03 2.662E-11 4.965E-08 3.231E-02 5.784E-02 1.538E-01 2.402E-01 5.376E+04 9.225E+01 1.60E-10
 2180   1.0854  3.91E-05 5.191E-04 1.667E-03 2.588E-11 5.227E-08 3.220E-02 5.774E-02 1.541E-01 2.375E-01 5.344E+04 9.173E+01 1.55E-10
 2200   1.0862  3.93E-05 5.156E-04 1.661E-03 2.546E-11 5.469E-08 3.209E-02 5.764E-02 1.514E-01 2.374E-01 5.311E+04 9.134E+01 1.53E-10
 2220   1.0870  3.96E-05 5.121E-04 1.655E-03 2.512E-11 5.690E-08 3.198E-02 5.753E-02 1.495E-01 2.356E-01 5.279E+04 9.073E+01 1.51E-10
 2240   1.0878  3.98E-05 5.086E-04 1.649E-03 2.459E-11 5.886E-08 3.188E-02 5.743E-02 1.520E-01 2.339E-01 5.246E+04 9.038E+01 1.48E-10
 2260   1.0886  3.98E-05 5.051E-04 1.643E-03 2.458E-11 6.050E-08 3.177E-02 5.733E-02 1.506E-01 2.333E-01 5.213E+04 8.970E+01 1.47E-10
 2280   1.0894  3.98E-05 5.017E-04 1.637E-03 2.561E-11 6.183E-08 3.166E-02 5.722E-02 1.487E-01 2.325E-01 5.181E+04 8.938E+01 1.54E-10
 2300   1.0902  3.99E-05 4.983E-04 1.631E-03 2.562E-11 6.292E-08 3.155E-02 5.712E-02 1.452E-01 2.328E-01 5.148E+04 8.896E+01 1.54E-10
 2320   1.0910  3.98E-05 4.949E-04 1.626E-03 2.507E-11 6.379E-08 3.144E-02 5.702E-02 1.461E-01 2.351E-01 5.116E+04 8.855E+01 1.50E-10
 2340   1.0918  3.99E-05 4.915E-04 1.620E-03 2.471E-11 6.438E-08 3.133E-02 5.692E-02 1.396E-01 2.336E-01 5.084E+04 8.807E+01 1.48E-10
 2360   1.0926  3.99E-05 4.881E-04 1.614E-03 2.433E-11 6.464E-08 3.123E-02 5.682E-02 1.460E-01 2.347E-01 5.053E+04 8.749E+01 1.46E-10
 2380   1.0934  3.98E-05 4.848E-04 1.608E-03 2.400E-11 6.452E-08 3.112E-02 5.672E-02 1.469E-01 2.341E-01 5.021E+04 8.706E+01 1.44E-10
 2400   1.0942  4.00E-05 4.816E-04 1.603E-03 2.527E-11 6.401E-08 3.102E-02 5.662E-02 1.465E-01 2.335E-01 4.989E+04 8.673E+01 1.52E-10
 2420   1.0950  4.00E-05 4.784E-04 1.597E-03 2.717E-11 6.325E-08 3.091E-02 5.652E-02 1.411E-01 2.346E-01 4.958E+04 8.635E+01 1.63E-10
 2440   1.0958  4.00E-05 4.751E-04 1.592E-03 2.699E-11 6.243E-08 3.081E-02 5.642E-02 1.406E-01 2.351E-01 4.926E+04 8.580E+01 1.62E-10
 2460   1.0966  3.99E-05 4.719E-04 1.586E-03 2.674E-11 6.154E-08 3.070E-02 5.632E-02 1.436E-01 2.349E-01 4.895E+04 8.546E+01 1.60E-10
 2480   1.0974  3.99E-05 4.687E-04 1.580E-03 2.663E-11 6.057E-08 3.060E-02 5.622E-02 1.467E-01 2.356E-01 4.864E+04 8.499E+01 1.60E-10
 2500   1.0982  3.99E-05 4.656E-04 1.575E-03 2.633E-11 5.949E-08 3.050E-02 5.612E-02 1.485E-01 2.358E-01 4.833E+04 8.462E+01 1.58E-10
 2520   1.0990  3.99E-05 4.625E-04 1.570E-03 2.674E-11 5.826E-08 3.040E-02 5.603E-02 1.482E-01 2.341E-01 4.802E+04 8.421E+01 1.60E-10
 2540   1.0998  3.98E-05 4.594E-04 1.564E-03 2.836E-11 5.695E-08 3.029E-02 5.593E-02 1.510E-01 2.347E-01 4.772E+04 8.377E+01 1.70E-10
 2560   1.1006  3.99E-05 4.564E-04 1.559E-03 2.833E-11 5.573E-08 3.019E-02 5.583E-02 1.491E-01 2.339E-01 4.742E+04 8.346E+01 1.70E-10
 2580   1.1013  4.00E-05 4.533E-04 1.553E-03 2.783E-11 5.465E-08 3.009E-02 5.574E-02 1.435E-01 2.363E-01 4.711E+04 8.304E+01 1.67E-10
 2600   1.1022  4.01E-05 4.503E-04 1.548E-03 2.732E-11 5.366E-08 2.999E-02 5.564E-02 1.408E-01 2.383E-01 4.681E+04 8.253E+01 1.64E-10
 2620   1.1030  4.00E-05 4.474E-04 1.543E-03 2.665E-11 5.268E-08 2.989E-02 5.555E-02 1.399E-01 2.422E-01 4.651E+04 8.231E+01 1.60E-10
 2640   1.1037  3.98E-05 4.444E-04 1.538E-03 2.661E-11 5.164E-08 2.980E-02 5.545E-02 1.455E-01 2.450E-01 4.621E+04 8.187E+01 1.60E-10
 2660   1.1045  3.98E-05 4.415E-04 1.532E-03 2.827E-11 5.055E-08 2.970E-02 5.536E-02 1.541E-01 2.458E-01 4.592E+04 8.159E+01 1.70E-10
 2680   1.1053  3.99E-05 4.386E-04 1.527E-03 2.882E-11 4.961E-08 2.960E-02 5.527E-02 1.548E-01 2.471E-01 4.562E+04 8.111E+01 1.73E-10
 2700   1.1061  4.00E-05 4.358E-04 1.522E-03 2.857E-11 4.892E-08 2.950E-02 5.517E-02 1.476E-01 2.485E-01 4.533E+04 8.076E+01 1.71E-10
 2720   1.1069  4.00E-05 4.329E-04 1.517E-03 2.830E-11 4.846E-08 2.941E-02 5.508E-02 1.450E-01 2.494E-01 4.504E+04 8.041E+01 1.70E-10
 2740   1.1077  4.02E-05 4.301E-04 1.512E-03 2.783E-11 4.822E-08 2.931E-02 5.499E-02 1.414E-01 2.513E-01 4.475E+04 7.992E+01 1.67E-10
 2760   1.1085  4.03E-05 4.274E-04 1.507E-03 2.766E-11 4.810E-08 2.922E-02 5.489E-02 1.372E-01 2.504E-01 4.446E+04 7.966E+01 1.66E-10
 2780   1.1094  4.04E-05 4.246E-04 1.501E-03 2.804E-11 4.809E-08 2.913E-02 5.480E-02 1.300E-01 2.530E-01 4.417E+04 7.944E+01 1.68E-10
 2800   1.1102  4.06E-05 4.219E-04 1.496E-03 2.761E-11 4.821E-08 2.903E-02 5.471E-02 1.346E-01 2.489E-01 4.388E+04 7.899E+01 1.66E-10
 2820   1.1110  4.05E-05 4.191E-04 1.491E-03 2.684E-11 4.838E-08 2.894E-02 5.461E-02 1.343E-01 2.471E-01 4.359E+04 7.861E+01 1.61E-10
 2840   1.1118  4.05E-05 4.164E-04 1.486E-03 2.594E-11 4.849E-08 2.884E-02 5.452E-02 1.321E-01 2.481E-01 4.330E+04 7.821E+01 1.56E-10
 2860   1.1126  4.06E-05 4.137E-04 1.481E-03 2.543E-11 4.838E-08 2.875E-02 5.443E-02 1.267E-01 2.470E-01 4.302E+04 7.789E+01 1.53E-10
 2880   1.1134  4.05E-05 4.111E-04 1.476E-03 2.650E-11 4.802E-08 2.866E-02 5.434E-02 1.286E-01 2.471E-01 4.274E+04 7.764E+01 1.59E-10
 2900   1.1142  4.06E-05 4.085E-04 1.471E-03 2.702E-11 4.752E-08 2.857E-02 5.425E-02 1.259E-01 2.462E-01 4.246E+04 7.716E+01 1.62E-10
 2920   1.1150  4.05E-05 4.059E-04 1.467E-03 2.657E-11 4.700E-08 2.848E-02 5.416E-02 1.335E-01 2.446E-01 4.218E+04 7.690E+01 1.59E-10
 2940   1.1158  4.05E-05 4.033E-04 1.462E-03 2.614E-11 4.638E-08 2.838E-02 5.407E-02 1.308E-01 2.398E-01 4.191E+04 7.653E+01 1.57E-10
 2960   1.1167  4.05E-05 4.008E-04 1.457E-03 2.592E-11 4.559E-08 2.830E-02 5.398E-02 1.279E-01 2.403E-01 4.164E+04 7.624E+01 1.55E-10
 2980   1.1175  4.06E-05 3.982E-04 1.452E-03 2.772E-11 4.463E-08 2.821E-02 5.389E-02 1.300E-01 2.391E-01 4.137E+04 7.593E+01 1.66E-10
 3000   1.1183  4.05E-05 3.957E-04 1.447E-03 3.011E-11 4.380E-08 2.812E-02 5.380E-02 1.297E-01 2.379E-01 4.110E+04 7.571E+01 1.81E-10
 3020   1.1191  4.06E-05 3.932E-04 1.443E-03 2.984E-11 4.349E-08 2.803E-02 5.371E-02 1.324E-01 2.350E-01 4.083E+04 7.524E+01 1.79E-10
 3040   1.1199  4.07E-05 3.907E-04 1.438E-03 2.928E-11 4.372E-08 2.794E-02 5.363E-02 1.361E-01 2.303E-01 4.057E+04 7.490E+01 1.76E-10
 3060   1.1207  4.07E-05 3.883E-04 1.433E-03 2.873E-11 4.436E-08 2.785E-02 5.354E-02 1.386E-01 2.282E-01 4.030E+04 7.434E+01 1.72E-10
 3080   1.1215  4.07E-05 3.860E-04 1.429E-03 2.810E-11 4.533E-08 2.777E-02 5.345E-02 1.388E-01 2.269E-01 4.004E+04 7.445E+01 1.69E-10
 3100   1.1223  4.07E-05 3.836E-04 1.424E-03 2.726E-11 4.649E-08 2.768E-02 5.337E-02 1.320E-01 2.249E-01 3.978E+04 7.431E+01 1.64E-10
 3120   1.1232  4.08E-05 3.812E-04 1.419E-03 2.638E-11 4.771E-08 2.760E-02 5.328E-02 1.418E-01 2.243E-01 3.953E+04 7.367E+01 1.58E-10
 3140   1.1240  4.07E-05 3.788E-04 1.415E-03 2.562E-11 4.883E-08 2.751E-02 5.319E-02 1.390E-01 2.227E-01 3.927E+04 7.345E+01 1.54E-10
 3160   1.1248  4.08E-05 3.765E-04 1.410E-03 2.499E-11 4.976E-08 2.742E-02 5.311E-02 1.377E-01 2.223E-01 3.902E+04 7.314E+01 1.50E-10
 3180   1.1256  4.07E-05 3.741E-04 1.406E-03 2.484E-11 5.041E-08 2.734E-02 5.302E-02 1.350E-01 2.240E-01 3.877E+04 7.274E+01 1.49E-10
 3200   1.1264  4.08E-05 3.718E-04 1.401E-03 2.463E-11 5.077E-08 2.725E-02 5.294E-02 1.379E-01 2.256E-01 3.852E+04 7.248E+01 1.48E-10
 3220   1.1272  4.09E-05 3.696E-04 1.397E-03 2.417E-11 5.079E-08 2.717E-02 5.286E-02 1.340E-01 2.282E-01 3.827E+04 7.238E+01 1.45E-10
 3240   1.1280  4.08E-05 3.673E-04 1.392E-03 2.318E-11 5.041E-08 2.709E-02 5.277E-02 1.340E-01 2.296E-01 3.802E+04 7.204E+01 1.39E-10
 3260   1.1289  4.06E-05 3.651E-04 1.388E-03 2.280E-11 4.948E-08 2.701E-02 5.269E-02 1.397E-01 2.298E-01 3.778E+04 7.161E+01 1.37E-10
 3280   1.1297  4.07E-05 3.628E-04 1.384E-03 2.561E-11 4.793E-08 2.692E-02 5.261E-02 1.383E-01 2.307E-01 3.753E+04 7.141E+01 1.54E-10
 3300   1.1305  4.08E-05 3.606E-04 1.379E-03 2.729E-11 4.615E-08 2.684E-02 5.252E-02 1.344E-01 2.289E-01 3.729E+04 7.125E+01 1.64E-10
 3320   1.1313  4.09E-05 3.584E-04 1.375E-03 2.641E-11 4.438E-08 2.676E-02 5.244E-02 1.335E-01 2.293E-01 3.705E+04 7.081E+01 1.58E-10
 3340   1.1321  4.11E-05 3.562E-04 1.371E-03 2.570E-11 4.252E-08 2.668E-02 5.236E-02 1.345E-01 2.290E-01 3.681E+04 7.033E+01 1.54E-10
 3360   1.1329  4.10E-05 3.542E-04 1.366E-03 2.658E-11 4.045E-08 2.660E-02 5.228E-02 1.367E-01 2.289E-01 3.657E+04 7.035E+01 1.59E-10
 3380   1.1338  4.12E-05 3.521E-04 1.362E-03 2.871E-11 3.831E-08 2.652E-02 5.220E-02 1.346E-01 2.284E-01 3.634E+04 7.037E+01 1.72E-10
 3400   1.1346  4.11E-05 3.500E-04 1.358E-03 2.883E-11 3.649E-08 2.644E-02 5.211E-02 1.338E-01 2.284E-01 3.610E+04 6.974E+01 1.73E-10
 3420   1.1354  4.13E-05 3.479E-04 1.354E-03 2.811E-11 3.510E-08 2.636E-02 5.203E-02 1.317E-01 2.277E-01 3.586E+04 6.947E+01 1.69E-10
 3440   1.1362  4.13E-05 3.458E-04 1.350E-03 2.771E-11 3.407E-08 2.628E-02 5.195E-02 1.317E-01 2.278E-01 3.563E+04 6.920E+01 1.66E-10
 3460   1.1371  4.13E-05 3.437E-04 1.345E-03 2.846E-11 3.337E-08 2.620E-02 5.187E-02 1.295E-01 2.271E-01 3.540E+04 6.896E+01 1.71E-10
 3480   1.1379  4.13E-05 3.417E-04 1.341E-03 2.860E-11 3.316E-08 2.613E-02 5.179E-02 1.287E-01 2.260E-01 3.517E+04 6.870E+01 1.72E-10
 3500   1.1387  4.11E-05 3.397E-04 1.337E-03 2.770E-11 3.349E-08 2.605E-02 5.171E-02 1.337E-01 2.257E-01 3.494E+04 6.841E+01 1.66E-10
 3520   1.1395  4.12E-05 3.376E-04 1.333E-03 2.676E-11 3.411E-08 2.597E-02 5.163E-02 1.330E-01 2.247E-01 3.471E+04 6.817E+01 1.61E-10
 3540   1.1404  4.12E-05 3.357E-04 1.329E-03 2.691E-11 3.479E-08 2.589E-02 5.156E-02 1.279E-01 2.245E-01 3.449E+04 6.789E+01 1.61E-10
 3560   1.1412  4.11E-05 3.337E-04 1.325E-03 2.766E-11 3.549E-08 2.582E-02 5.148E-02 1.290E-01 2.237E-01 3.426E+04 6.763E+01 1.66E-10
 3580   1.1420  4.08E-05 3.318E-04 1.321E-03 2.711E-11 3.631E-08 2.575E-02 5.140E-02 1.301E-01 2.232E-01 3.404E+04 6.746E+01 1.63E-10
 3600   1.1428  4.06E-05 3.299E-04 1.317E-03 2.635E-11 3.710E-08 2.567E-02 5.132E-02 1.290E-01 2.233E-01 3.382E+04 6.730E+01 1.58E-10
 3620   1.1436  4.06E-05 3.280E-04 1.313E-03 2.714E-11 3.773E-08 2.560E-02 5.125E-02 1.251E-01 2.233E-01 3.361E+04 6.693E+01 1.63E-10
 3640   1.1444  4.07E-05 3.261E-04 1.309E-03 2.962E-11 3.837E-08 2.552E-02 5.117E-02 1.258E-01 2.249E-01 3.339E+04 6.670E+01 1.78E-10
 3660   1.1453  4.07E-05 3.243E-04 1.305E-03 2.962E-11 3.945E-08 2.545E-02 5.110E-02 1.234E-01 2.252E-01 3.318E+04 6.646E+01 1.78E-10
 3680   1.1461  4.10E-05 3.225E-04 1.302E-03 2.877E-11 4.099E-08 2.538E-02 5.102E-02 1.229E-01 2.244E-01 3.297E+04 6.631E+01 1.73E-10
 3700   1.1469  4.09E-05 3.206E-04 1.298E-03 2.866E-11 4.280E-08 2.531E-02 5.095E-02 1.232E-01 2.251E-01 3.276E+04 6.596E+01 1.72E-10
 3720   1.1477  4.08E-05 3.188E-04 1.294E-03 2.949E-11 4.483E-08 2.524E-02 5.087E-02 1.252E-01 2.263E-01 3.255E+04 6.580E+01 1.77E-10
 3740   1.1485  4.09E-05 3.170E-04 1.290E-03 2.897E-11 4.717E-08 2.517E-02 5.080E-02 1.207E-01 2.263E-01 3.234E+04 6.558E+01 1.74E-10
 3760   1.1494  4.12E-05 3.152E-04 1.286E-03 2.792E-11 4.972E-08 2.510E-02 5.072E-02 1.200E-01 2.276E-01 3.214E+04 6.532E+01 1.67E-10
 3780   1.1502  4.14E-05 3.135E-04 1.283E-03 2.690E-11 5.231E-08 2.502E-02 5.065E-02 1.198E-01 2.277E-01 3.193E+04 6.516E+01 1.61E-10
 3800   1.1510  4.13E-05 3.117E-04 1.279E-03 2.631E-11 5.479E-08 2.495E-02 5.057E-02 1.183E-01 2.288E-01 3.173E+04 6.487E+01 1.58E-10
 3820   1.1518  4.13E-05 3.099E-04 1.275E-03 2.565E-11 5.708E-08 2.488E-02 5.050E-02 1.167E-01 2.287E-01 3.153E+04 6.458E+01 1.54E-10
 3840   1.1527  4.13E-05 3.082E-04 1.271E-03 2.470E-11 5.912E-08 2.481E-02 5.043E-02 1.192E-01 2.297E-01 3.133E+04 6.429E+01 1.48E-10
 3860   1.1535  4.13E-05 3.065E-04 1.268E-03 2.417E-11 6.078E-08 2.475E-02 5.036E-02 1.196E-01 2.287E-01 3.113E+04 6.424E+01 1.45E-10
 3880   1.1543  4.13E-05 3.048E-04 1.264E-03 2.481E-11 6.204E-08 2.468E-02 5.028E-02 1.207E-01 2.265E-01 3.093E+04 6.415E+01 1.49E-10
 3900   1.1551  4.12E-05 3.031E-04 1.261E-03 2.454E-11 6.293E-08 2.461E-02 5.021E-02 1.189E-01 2.273E-01 3.073E+04 6.374E+01 1.47E-10
 3920   1.1560  4.11E-05 3.015E-04 1.257E-03 2.388E-11 6.344E-08 2.454E-02 5.014E-02 1.168E-01 2.254E-01 3.054E+04 6.350E+01 1.43E-10
 3940   1.1568  4.11E-05 2.998E-04 1.253E-03 2.378E-11 6.350E-08 2.447E-02 5.007E-02 1.170E-01 2.239E-01 3.035E+04 6.331E+01 1.43E-10
 3960   1.1576  4.12E-05 2.982E-04 1.250E-03 2.479E-11 6.309E-08 2.441E-02 5.000E-02 1.182E-01 2.224E-01 3.016E+04 6.308E+01 1.49E-10
 3980   1.1584  4.12E-05 2.966E-04 1.246E-03 2.447E-11 6.230E-08 2.434E-02 4.993E-02 1.192E-01 2.194E-01 2.997E+04 6.295E+01 1.47E-10
 4000   1.1592  4.12E-05 2.950E-04 1.243E-03 2.377E-11 6.110E-08 2.427E-02 4.986E-02 1.169E-01 2.165E-01 2.978E+04 6.275E+01 1.43E-10
 4020   1.1601  4.12E-05 2.933E-04 1.239E-03 2.581E-11 5.940E-08 2.421E-02 4.979E-02 1.162E-01 2.119E-01 2.960E+04 6.250E+01 1.55E-10
 4040   1.1609  4.12E-05 2.917E-04 1.236E-03 2.874E-11 5.744E-08 2.414E-02 4.972E-02 1.178E-01 2.093E-01 2.942E+04 6.229E+01 1.72E-10
 4060   1.1617  4.12E-05 2.902E-04 1.232E-03 2.816E-11 5.556E-08 2.408E-02 4.965E-02 1.166E-01 2.063E-01 2.923E+04 6.209E+01 1.69E-10
 4080   1.1625  4.14E-05 2.886E-04 1.229E-03 2.764E-11 5.371E-08 2.401E-02 4.958E-02 1.140E-01 2.027E-01 2.905E+04 6.166E+01 1.66E-10
 4100   1.1634  4.13E-05 2.872E-04 1.226E-03 2.864E-11 5.185E-08 2.395E-02 4.951E-02 1.121E-01 1.983E-01 2.887E+04 6.197E+01 1.72E-10
 4120   1.1642  4.15E-05 2.857E-04 1.222E-03 2.889E-11 5.013E-08 2.389E-02 4.944E-02 1.111E-01 1.969E-01 2.869E+04 6.157E+01 1.73E-10
 4140   1.1650  4.13E-05 2.841E-04 1.219E-03 2.813E-11 4.859E-08 2.382E-02 4.937E-02 1.148E-01 1.965E-01 2.851E+04 6.120E+01 1.69E-10
 4160   1.1659  4.15E-05 2.826E-04 1.216E-03 2.730E-11 4.716E-08 2.376E-02 4.931E-02 1.110E-01 1.967E-01 2.834E+04 6.106E+01 1.64E-10
 4180   1.1667  4.17E-05 2.811E-04 1.212E-03 2.664E-11 4.570E-08 2.370E-02 4.924E-02 1.125E-01 1.957E-01 2.816E+04 6.092E+01 1.60E-10
 4200   1.1675  4.16E-05 2.796E-04 1.209E-03 2.569E-11 4.410E-08 2.364E-02 4.917E-02 1.129E-01 1.941E-01 2.799E+04 6.071E+01 1.54E-10
 4220   1.1683  4.14E-05 2.782E-04 1.206E-03 2.518E-11 4.218E-08 2.357E-02 4.910E-02 1.133E-01 1.943E-01 2.782E+04 6.056E+01 1.51E-10
 4240   1.1692  4.13E-05 2.767E-04 1.202E-03 2.751E-11 3.984E-08 2.351E-02 4.904E-02 1.156E-01 1.938E-01 2.765E+04 6.037E+01 1.65E-10
 4260   1.1700  4.10E-05 2.752E-04 1.199E-03 2.955E-11 3.747E-08 2.345E-02 4.897E-02 1.153E-01 1.955E-01 2.748E+04 6.004E+01 1.77E-10
 4280   1.1708  4.11E-05 2.738E-04 1.196E-03 2.867E-11 3.550E-08 2.339E-02 4.890E-02 1.181E-01 1.943E-01 2.732E+04 5.983E+01 1.72E-10
 4300   1.1716  4.12E-05 2.725E-04 1.193E-03 2.854E-11 3.386E-08 2.333E-02 4.884E-02 1.204E-01 1.957E-01 2.715E+04 5.979E+01 1.71E-10
 4320   1.1725  4.12E-05 2.712E-04 1.189E-03 3.077E-11 3.263E-08 2.328E-02 4.877E-02 1.173E-01 1.977E-01 2.699E+04 5.979E+01 1.85E-10
 4340   1.1733  4.12E-05 2.698E-04 1.186E-03 3.095E-11 3.232E-08 2.322E-02 4.871E-02 1.155E-01 2.002E-01 2.683E+04 5.949E+01 1.86E-10
 4360   1.1741  4.10E-05 2.684E-04 1.183E-03 2.996E-11 3.302E-08 2.316E-02 4.864E-02 1.156E-01 2.013E-01 2.667E+04 5.917E+01 1.80E-10
 4380   1.1749  4.09E-05 2.670E-04 1.180E-03 2.903E-11 3.445E-08 2.310E-02 4.858E-02 1.197E-01 2.042E-01 2.651E+04 5.905E+01 1.74E-10
 4400   1.1757  4.08E-05 2.657E-04 1.177E-03 2.811E-11 3.633E-08 2.304E-02 4.852E-02 1.197E-01 2.074E-01 2.635E+04 5.885E+01 1.69E-10
 4420   1.1766  4.08E-05 2.643E-04 1.174E-03 2.708E-11 3.839E-08 2.298E-02 4.845E-02 1.234E-01 2.094E-01 2.619E+04 5.870E+01 1.62E-10
 4440   1.1774  4.10E-05 2.630E-04 1.171E-03 2.633E-11 4.044E-08 2.292E-02 4.839E-02 1.260E-01 2.095E-01 2.604E+04 5.844E+01 1.58E-10
 4460   1.1782  4.08E-05 2.617E-04 1.168E-03 2.577E-11 4.230E-08 2.287E-02 4.833E-02 1.281E-01 2.110E-01 2.589E+04 5.839E+01 1.55E-10
 4480   1.1790  4.07E-05 2.604E-04 1.165E-03 2.462E-11 4.388E-08 2.281E-02 4.827E-02 1.303E-01 2.136E-01 2.573E+04 5.808E+01 1.48E-10
 4500   1.1798  4.06E-05 2.592E-04 1.162E-03 2.403E-11 4.502E-08 2.275E-02 4.820E-02 1.314E-01 2.147E-01 2.558E+04 5.795E+01 1.44E-10
 4520   1.1806  4.07E-05 2.580E-04 1.159E-03 2.548E-11 4.566E-08 2.270E-02 4.814E-02 1.314E-01 2.142E-01 2.543E+04 5.799E+01 1.53E-10
 4540   1.1815  4.08E-05 2.567E-04 1.156E-03 2.590E-11 4.604E-08 2.265E-02 4.808E-02 1.310E-01 2.140E-01 2.528E+04 5.778E+01 1.55E-10
 4560   1.1823  4.08E-05 2.554E-04 1.153E-03 2.508E-11 4.624E-08 2.259E-02 4.802E-02 1.311E-01 2.138E-01 2.514E+04 5.751E+01 1.50E-10
 4580   1.1831  4.11E-05 2.542E-04 1.150E-03 2.593E-11 4.619E-08 2.253E-02 4.796E-02 1.311E-01 2.140E-01 2.499E+04 5.730E+01 1.56E-10
 4600   1.1839  4.14E-05 2.529E-04 1.147E-03 2.727E-11 4.602E-08 2.248E-02 4.790E-02 1.307E-01 2.150E-01 2.484E+04 5.722E+01 1.64E-10
 4620   1.1847  4.15E-05 2.517E-04 1.144E-03 2.655E-11 4.592E-08 2.242E-02 4.784E-02 1.245E-01 2.169E-01 2.470E+04 5.699E+01 1.59E-10
 4640   1.1856  4.16E-05 2.505E-04 1.141E-03 2.670E-11 4.581E-08 2.237E-02 4.778E-02 1.167E-01 2.175E-01 2.455E+04 5.687E+01 1.60E-10
 4660   1.1864  4.17E-05 2.492E-04 1.138E-03 2.808E-11 4.574E-08 2.231E-02 4.772E-02 1.147E-01 2.210E-01 2.441E+04 5.672E+01 1.68E-10
 4680   1.1872  4.16E-05 2.480E-04 1.136E-03 2.745E-11 4.589E-08 2.226E-02 4.766E-02 1.150E-01 2.245E-01 2.426E+04 5.644E+01 1.65E-10
 4700   1.1881  4.17E-05 2.468E-04 1.133E-03 2.683E-11 4.617E-08 2.220E-02 4.760E-02 1.158E-01 2.284E-01 2.412E+04 5.634E+01 1.61E-10
 4720   1.1889  4.15E-05 2.456E-04 1.130E-03 2.741E-11 4.648E-08 2.215E-02 4.754E-02 1.163E-01 2.294E-01 2.398E+04 5.634E+01 1.64E-10
 4740   1.1897  4.14E-05 2.444E-04 1.127E-03 2.688E-11 4.686E-08 2.210E-02 4.748E-02 1.160E-01 2.301E-01 2.384E+04 5.607E+01 1.61E-10
 4760   1.1906  4.17E-05 2.432E-04 1.124E-03 2.612E-11 4.721E-08 2.204E-02 4.742E-02 1.181E-01 2.319E-01 2.370E+04 5.580E+01 1.57E-10
 4780   1.1914  4.17E-05 2.421E-04 1.122E-03 2.637E-11 4.742E-08 2.199E-02 4.736E-02 1.191E-01 2.325E-01 2.356E+04 5.577E+01 1.58E-10
 4800   1.1922  4.17E-05 2.409E-04 1.119E-03 2.572E-11 4.749E-08 2.194E-02 4.730E-02 1.192E-01 2.329E-01 2.342E+04 5.565E+01 1.54E-10
 4820   1.1931  4.17E-05 2.397E-04 1.116E-03 2.552E-11 4.732E-08 2.188E-02 4.724E-02 1.126E-01 2.348E-01 2.329E+04 5.539E+01 1.53E-10
 4840   1.1939  4.17E-05 2.385E-04 1.113E-03 2.800E-11 4.694E-08 2.183E-02 4.719E-02 1.182E-01 2.348E-01 2.315E+04 5.525E+01 1.68E-10
 4860   1.1947  4.16E-05 2.374E-04 1.111E-03 2.827E-11 4.668E-08 2.178E-02 4.713E-02 1.238E-01 2.333E-01 2.302E+04 5.496E+01 1.70E-10
 4880   1.1956  4.17E-05 2.363E-04 1.108E-03 2.734E-11 4.664E-08 2.173E-02 4.707E-02 1.206E-01 2.317E-01 2.288E+04 5.486E+01 1.64E-10
 4900   1.1964  4.15E-05 2.353E-04 1.105E-03 2.679E-11 4.667E-08 2.168E-02 4.701E-02 1.207E-01 2.318E-01 2.275E+04 5.495E+01 1.61E-10
 4920   1.1972  4.17E-05 2.342E-04 1.102E-03 2.584E-11 4.666E-08 2.163E-02 4.696E-02 1.220E-01 2.301E-01 2.262E+04 5.479E+01 1.55E-10
 4940   1.1981  4.15E-05 2.330E-04 1.100E-03 2.492E-11 4.645E-08 2.158E-02 4.690E-02 1.272E-01 2.285E-01 2.249E+04 5.446E+01 1.50E-10
 4960   1.1989  4.15E-05 2.319E-04 1.097E-03 2.531E-11 4.588E-08 2.152E-02 4.684E-02 1.206E-01 2.278E-01 2.237E+04 5.435E+01 1.52E-10
 4980   1.1997  4.15E-05 2.308E-04 1.095E-03 2.505E-11 4.495E-08 2.147E-02 4.679E-02 1.209E-01 2.257E-01 2.224E+04 5.419E+01 1.50E-10
 5000   1.2006  4.17E-05 2.297E-04 1.092E-03 2.451E-11 4.359E-08 2.142E-02 4.673E-02 1.218E-01 2.240E-01 2.211E+04 5.418E+01 1.47E-10
 5020   1.2014  4.16E-05 2.286E-04 1.089E-03 2.770E-11 4.172E-08 2.137E-02 4.668E-02 1.218E-01 2.238E-01 2.199E+04 5.388E+01 1.66E-10
 5040   1.2022  4.17E-05 2.276E-04 1.087E-03 2.908E-11 3.982E-08 2.132E-02 4.662E-02 1.157E-01 2.209E-01 2.186E+04 5.358E+01 1.74E-10
 5060   1.2031  4.17E-05 2.266E-04 1.084E-03 2.869E-11 3.822E-08 2.128E-02 4.657E-02 1.097E-01 2.194E-01 2.174E+04 5.356E+01 1.72E-10
 5080   1.2039  4.17E-05 2.257E-04 1.082E-03 2.987E-11 3.694E-08 2.123E-02 4.651E-02 1.112E-01 2.184E-01 2.161E+04 5.381E+01 1.79E-10
 5100   1.2047  4.18E-05 2.246E-04 1.079E-03 2.980E-11 3.624E-08 2.118E-02 4.646E-02 1.073E-01 2.168E-01 2.149E+04 5.337E+01 1.79E-10
 5120   1.2056  4.19E-05 2.235E-04 1.077E-03 2.900E-11 3.618E-08 2.113E-02 4.640E-02 1.048E-01 2.149E-01 2.137E+04 5.316E+01 1.74E-10
 5140   1.2064  4.21E-05 2.225E-04 1.074E-03 2.888E-11 3.663E-08 2.108E-02 4.635E-02 1.059E-01 2.145E-01 2.125E+04 5.295E+01 1.73E-10
 5160   1.2072  4.19E-05 2.215E-04 1.072E-03 2.791E-11 3.751E-08 2.103E-02 4.629E-02 1.073E-01 2.120E-01 2.113E+04 5.293E+01 1.67E-10
 5180   1.2081  4.18E-05 2.205E-04 1.069E-03 2.719E-11 3.859E-08 2.099E-02 4.624E-02 1.100E-01 2.117E-01 2.101E+04 5.274E+01 1.63E-10
 5200   1.2089  4.20E-05 2.195E-04 1.067E-03 2.716E-11 3.972E-08 2.094E-02 4.619E-02 1.093E-01 2.103E-01 2.089E+04 5.271E+01 1.63E-10
 5220   1.2098  4.21E-05 2.185E-04 1.064E-03 2.634E-11 4.081E-08 2.089E-02 4.613E-02 1.089E-01 2.092E-01 2.078E+04 5.251E+01 1.58E-10
 5240   1.2106  4.21E-05 2.175E-04 1.062E-03 2.725E-11 4.176E-08 2.084E-02 4.608E-02 1.072E-01 2.066E-01 2.066E+04 5.235E+01 1.64E-10
 5260   1.2114  4.21E-05 2.165E-04 1.059E-03 2.903E-11 4.272E-08 2.080E-02 4.602E-02 1.069E-01 2.047E-01 2.055E+04 5.223E+01 1.74E-10
 5280   1.2123  4.19E-05 2.155E-04 1.057E-03 2.845E-11 4.398E-08 2.075E-02 4.597E-02 1.064E-01 2.025E-01 2.043E+04 5.208E+01 1.71E-10
 5300   1.2131  4.18E-05 2.146E-04 1.054E-03 2.896E-11 4.545E-08 2.070E-02 4.592E-02 1.074E-01 2.004E-01 2.032E+04 5.193E+01 1.74E-10
 5320   1.2140  4.19E-05 2.136E-04 1.052E-03 2.943E-11 4.721E-08 2.066E-02 4.587E-02 1.050E-01 1.987E-01 2.020E+04 5.181E+01 1.77E-10
 5340   1.2148  4.20E-05 2.127E-04 1.050E-03 2.818E-11 4.927E-08 2.061E-02 4.582E-02 1.042E-01 1.968E-01 2.009E+04 5.170E+01 1.69E-10
 5360   1.2156  4.21E-05 2.117E-04 1.047E-03 2.656E-11 5.143E-08 2.057E-02 4.576E-02 1.052E-01 1.946E-01 1.998E+04 5.149E+01 1.59E-10
 5380   1.2165  4.20E-05 2.108E-04 1.045E-03 2.519E-11 5.343E-08 2.052E-02 4.571E-02 1.061E-01 1.939E-01 1.987E+04 5.140E+01 1.51E-10
 5400   1.2173  4.20E-05 2.099E-04 1.042E-03 2.434E-11 5.506E-08 2.048E-02 4.566E-02 1.050E-01 1.928E-01 1.976E+04 5.132E+01 1.46E-10
 5420   1.2182  4.19E-05 2.089E-04 1.040E-03 2.364E-11 5.626E-08 2.043E-02 4.561E-02 1.072E-01 1.917E-01 1.965E+04 5.113E+01 1.42E-10
 5440   1.2190  4.22E-05 2.080E-04 1.038E-03 2.268E-11 5.692E-08 2.039E-02 4.556E-02 1.093E-01 1.879E-01 1.955E+04 5.107E+01 1.36E-10
 5460   1.2198  4.23E-05 2.071E-04 1.035E-03 2.327E-11 5.694E-08 2.034E-02 4.551E-02 1.156E-01 1.879E-01 1.944E+04 5.082E+01 1.40E-10
 5480   1.2207  4.21E-05 2.062E-04 1.033E-03 2.429E-11 5.640E-08 2.030E-02 4.546E-02 1.190E-01 1.855E-01 1.933E+04 5.082E+01 1.46E-10
 5500   1.2215  4.20E-05 2.053E-04 1.031E-03 2.417E-11 5.543E-08 2.025E-02 4.541E-02 1.181E-01 1.841E-01 1.923E+04 5.067E+01 1.45E-10
 5520   1.2224  4.21E-05 2.044E-04 1.029E-03 2.643E-11 5.404E-08 2.021E-02 4.536E-02 1.143E-01 1.824E-01 1.912E+04 5.044E+01 1.59E-10
 5540   1.2232  4.22E-05 2.035E-04 1.026E-03 2.719E-11 5.250E-08 2.016E-02 4.531E-02 1.146E-01 1.833E-01 1.902E+04 5.025E+01 1.63E-10
 5560   1.2241  4.20E-05 2.027E-04 1.024E-03 2.666E-11 5.096E-08 2.012E-02 4.526E-02 1.153E-01 1.840E-01 1.892E+04 5.045E+01 1.60E-10
 5580   1.2249  4.18E-05 2.019E-04 1.022E-03 2.741E-11 4.939E-08 2.008E-02 4.521E-02 1.154E-01 1.837E-01 1.881E+04 5.029E+01 1.64E-10
 5600   1.2257  4.19E-05 2.010E-04 1.020E-03 2.694E-11 4.786E-08 2.004E-02 4.516E-02 1.166E-01 1.842E-01 1.871E+04 4.994E+01 1.62E-10
 5620   1.2266  4.18E-05 2.001E-04 1.017E-03 2.666E-11 4.632E-08 1.999E-02 4.511E-02 1.151E-01 1.836E-01 1.861E+04 4.987E+01 1.60E-10
 5640   1.2274  4.20E-05 1.992E-04 1.015E-03 2.611E-11 4.470E-08 1.995E-02 4.506E-02 1.143E-01 1.838E-01 1.851E+04 4.982E+01 1.57E-10
 5660   1.2282  4.20E-05 1.984E-04 1.013E-03 2.577E-11 4.287E-08 1.991E-02 4.501E-02 1.069E-01 1.850E-01 1.842E+04 4.966E+01 1.55E-10
 5680   1.2291  4.23E-05 1.975E-04 1.011E-03 2.769E-11 4.076E-08 1.986E-02 4.496E-02 1.055E-01 1.853E-01 1.832E+04 4.938E+01 1.66E-10
 5700   1.2299  4.23E-05 1.967E-04 1.009E-03 2.756E-11 3.863E-08 1.982E-02 4.491E-02 1.010E-01 1.854E-01 1.822E+04 4.932E+01 1.65E-10
 5720   1.2308  4.23E-05 1.959E-04 1.006E-03 2.876E-11 3.655E-08 1.979E-02 4.487E-02 9.876E-02 1.860E-01 1.812E+04 4.955E+01 1.73E-10
 5740   1.2316  4.22E-05 1.951E-04 1.004E-03 3.106E-11 3.484E-08 1.974E-02 4.482E-02 9.674E-02 1.863E-01 1.803E+04 4.914E+01 1.86E-10
 5760   1.2325  4.22E-05 1.943E-04 1.002E-03 3.040E-11 3.404E-08 1.970E-02 4.477E-02 9.688E-02 1.860E-01 1.793E+04 4.904E+01 1.82E-10
 5780   1.2333  4.19E-05 1.935E-04 1.000E-03 2.916E-11 3.410E-08 1.966E-02 4.472E-02 9.903E-02 1.848E-01 1.784E+04 4.896E+01 1.75E-10
 5800   1.2341  4.19E-05 1.926E-04 9.980E-04 2.826E-11 3.472E-08 1.962E-02 4.468E-02 9.930E-02 1.841E-01 1.774E+04 4.884E+01 1.70E-10
 5820   1.2350  4.20E-05 1.918E-04 9.959E-04 2.832E-11 3.566E-08 1.958E-02 4.463E-02 9.709E-02 1.840E-01 1.765E+04 4.871E+01 1.70E-10
 5840   1.2358  4.20E-05 1.911E-04 9.938E-04 2.866E-11 3.685E-08 1.954E-02 4.458E-02 9.682E-02 1.828E-01 1.756E+04 4.849E+01 1.72E-10
 5860   1.2367  4.20E-05 1.903E-04 9.917E-04 2.773E-11 3.828E-08 1.950E-02 4.454E-02 9.695E-02 1.819E-01 1.747E+04 4.852E+01 1.66E-10
 5880   1.2375  4.21E-05 1.895E-04 9.896E-04 2.831E-11 3.977E-08 1.946E-02 4.449E-02 9.861E-02 1.805E-01 1.738E+04 4.834E+01 1.70E-10
 5900   1.2383  4.21E-05 1.888E-04 9.876E-04 2.790E-11 4.135E-08 1.942E-02 4.444E-02 9.709E-02 1.794E-01 1.729E+04 4.830E+01 1.67E-10
 5920   1.2392  4.22E-05 1.880E-04 9.855E-04 2.732E-11 4.295E-08 1.938E-02 4.440E-02 9.548E-02 1.793E-01 1.720E+04 4.812E+01 1.64E-10
 5940   1.2400  4.23E-05 1.872E-04 9.835E-04 2.700E-11 4.447E-08 1.934E-02 4.435E-02 9.778E-02 1.781E-01 1.711E+04 4.806E+01 1.62E-10
 5960   1.2409  4.24E-05 1.864E-04 9.814E-04 2.648E-11 4.584E-08 1.930E-02 4.430E-02 9.530E-02 1.774E-01 1.702E+04 4.783E+01 1.59E-10
 5980   1.2417  4.24E-05 1.857E-04 9.794E-04 2.787E-11 4.704E-08 1.926E-02 4.426E-02 9.393E-02 1.773E-01 1.693E+04 4.768E+01 1.67E-10
 6000   1.2426  4.25E-05 1.850E-04 9.774E-04 2.755E-11 4.826E-08 1.922E-02 4.421E-02 9.354E-02 1.775E-01 1.684E+04 4.764E+01 1.65E-10
 6020   1.2434  4.25E-05 1.843E-04 9.754E-04 2.619E-11 4.947E-08 1.919E-02 4.417E-02 9.240E-02 1.786E-01 1.675E+04 4.772E+01 1.57E-10
 6040   1.2443  4.25E-05 1.835E-04 9.733E-04 2.473E-11 5.046E-08 1.915E-02 4.412E-02 9.431E-02 1.821E-01 1.667E+04 4.749E+01 1.48E-10
 6060   1.2451  4.24E-05 1.827E-04 9.713E-04 2.490E-11 5.103E-08 1.911E-02 4.408E-02 9.528E-02 1.818E-01 1.658E+04 4.734E+01 1.49E-10
 6080   1.2460  4.23E-05 1.820E-04 9.694E-04 2.627E-11 5.122E-08 1.907E-02 4.403E-02 9.604E-02 1.794E-01 1.649E+04 4.723E+01 1.58E-10
 6100   1.2468  4.24E-05 1.812E-04 9.674E-04 2.602E-11 5.123E-08 1.903E-02 4.399E-02 9.985E-02 1.830E-01 1.641E+04 4.716E+01 1.56E-10
 6120   1.2477  4.24E-05 1.805E-04 9.654E-04 2.812E-11 5.111E-08 1.899E-02 4.394E-02 9.894E-02 1.830E-01 1.633E+04 4.686E+01 1.69E-10
 6140   1.2485  4.23E-05 1.798E-04 9.635E-04 2.824E-11 5.112E-08 1.895E-02 4.390E-02 9.725E-02 1.833E-01 1.624E+04 4.686E+01 1.69E-10
 6160   1.2494  4.24E-05 1.792E-04 9.616E-04 2.724E-11 5.133E-08 1.892E-02 4.385E-02 9.402E-02 1.822E-01 1.616E+04 4.702E+01 1.63E-10
 6180   1.2502  4.25E-05 1.785E-04 9.596E-04 2.614E-11 5.159E-08 1.888E-02 4.381E-02 9.480E-02 1.834E-01 1.608E+04 4.681E+01 1.57E-10
 6200   1.2511  4.22E-05 1.778E-04 9.577E-04 2.496E-11 5.171E-08 1.885E-02 4.377E-02 9.527E-02 1.865E-01 1.600E+04 4.652E+01 1.50E-10
 6220   1.2519  4.24E-05 1.771E-04 9.558E-04 2.398E-11 5.152E-08 1.881E-02 4.372E-02 9.358E-02 1.854E-01 1.592E+04 4.656E+01 1.44E-10
 6240   1.2528  4.24E-05 1.763E-04 9.539E-04 2.343E-11 5.083E-08 1.877E-02 4.368E-02 9.244E-02 1.854E-01 1.584E+04 4.624E+01 1.41E-10
 6260   1.2536  4.24E-05 1.757E-04 9.520E-04 2.539E-11 4.959E-08 1.873E-02 4.364E-02 9.263E-02 1.871E-01 1.576E+04 4.625E+01 1.52E-10
 6280   1.2545  4.24E-05 1.750E-04 9.502E-04 2.529E-11 4.801E-08 1.870E-02 4.359E-02 9.328E-02 1.845E-01 1.568E+04 4.609E+01 1.52E-10
 6300   1.2553  4.24E-05 1.744E-04 9.483E-04 2.692E-11 4.614E-08 1.866E-02 4.355E-02 9.444E-02 1.846E-01 1.560E+04 4.627E+01 1.62E-10
 6320   1.2561  4.24E-05 1.737E-04 9.465E-04 2.823E-11 4.421E-08 1.863E-02 4.351E-02 9.503E-02 1.870E-01 1.552E+04 4.597E+01 1.69E-10
 6340   1.2570  4.23E-05 1.730E-04 9.446E-04 2.761E-11 4.248E-08 1.859E-02 4.347E-02 9.622E-02 1.859E-01 1.544E+04 4.589E+01 1.66E-10
 6360   1.2578  4.24E-05 1.723E-04 9.428E-04 2.730E-11 4.087E-08 1.855E-02 4.342E-02 9.656E-02 1.822E-01 1.536E+04 4.577E+01 1.64E-10
 6380   1.2587  4.24E-05 1.717E-04 9.409E-04 2.691E-11 3.932E-08 1.852E-02 4.338E-02 9.707E-02 1.847E-01 1.529E+04 4.556E+01 1.61E-10
 6400   1.2595  4.22E-05 1.710E-04 9.391E-04 2.739E-11 3.775E-08 1.848E-02 4.334E-02 9.837E-02 1.839E-01 1.521E+04 4.563E+01 1.64E-10
 6420   1.2604  4.21E-05 1.704E-04 9.373E-04 2.734E-11 3.620E-08 1.845E-02 4.330E-02 9.903E-02 1.815E-01 1.514E+04 4.549E+01 1.64E-10
 6440   1.2612  4.22E-05 1.698E-04 9.355E-04 2.954E-11 3.473E-08 1.842E-02 4.326E-02 9.956E-02 1.827E-01 1.506E+04 4.545E+01 1.77E-10
 6460   1.2621  4.23E-05 1.691E-04 9.337E-04 2.978E-11 3.377E-08 1.838E-02 4.321E-02 9.766E-02 1.806E-01 1.499E+04 4.528E+01 1.79E-10
 6480   1.2629  4.22E-05 1.685E-04 9.319E-04 2.970E-11 3.350E-08 1.835E-02 4.317E-02 1.002E-01 1.792E-01 1.492E+04 4.520E+01 1.78E-10
 6500   1.2638  4.23E-05 1.678E-04 9.302E-04 2.958E-11 3.393E-08 1.831E-02 4.313E-02 1.000E-01 1.820E-01 1.484E+04 4.507E+01 1.78E-10
 6520   1.2646  4.21E-05 1.672E-04 9.284E-04 2.839E-11 3.500E-08 1.828E-02 4.309E-02 9.927E-02 1.805E-01 1.477E+04 4.491E+01 1.70E-10
 6540   1.2654  4.21E-05 1.666E-04 9.267E-04 2.697E-11 3.638E-08 1.824E-02 4.305E-02 9.865E-02 1.800E-01 1.470E+04 4.484E+01 1.62E-10
 6560   1.2663  4.21E-05 1.660E-04 9.249E-04 2.611E-11 3.773E-08 1.821E-02 4.301E-02 9.830E-02 1.806E-01 1.463E+04 4.490E+01 1.57E-10
 6580   1.2671  4.21E-05 1.654E-04 9.232E-04 2.593E-11 3.887E-08 1.818E-02 4.297E-02 1.001E-01 1.799E-01 1.456E+04 4.474E+01 1.56E-10
 6600   1.2680  4.21E-05 1.648E-04 9.215E-04 2.512E-11 3.972E-08 1.814E-02 4.293E-02 9.924E-02 1.798E-01 1.449E+04 4.464E+01 1.51E-10
 6620   1.2688  4.23E-05 1.642E-04 9.197E-04 2.524E-11 4.017E-08 1.811E-02 4.289E-02 1.042E-01 1.797E-01 1.442E+04 4.451E+01 1.51E-10
 6640   1.2697  4.24E-05 1.636E-04 9.180E-04 2.512E-11 4.020E-08 1.808E-02 4.285E-02 1.044E-01 1.790E-01 1.435E+04 4.440E+01 1.51E-10
 6660   1.2705  4.25E-05 1.630E-04 9.163E-04 2.775E-11 3.986E-08 1.804E-02 4.281E-02 1.063E-01 1.787E-01 1.428E+04 4.424E+01 1.67E-10
 6680   1.2714  4.23E-05 1.624E-04 9.146E-04 2.845E-11 3.961E-08 1.801E-02 4.277E-02 1.070E-01 1.789E-01 1.421E+04 4.425E+01 1.71E-10
 6700   1.2722  4.24E-05 1.619E-04 9.129E-04 2.876E-11 3.965E-08 1.798E-02 4.273E-02 1.078E-01 1.795E-01 1.414E+04 4.428E+01 1.73E-10
 6720   1.2731  4.25E-05 1.613E-04 9.112E-04 2.878E-11 4.005E-08 1.795E-02 4.269E-02 1.054E-01 1.800E-01 1.407E+04 4.408E+01 1.73E-10
 6740   1.2739  4.25E-05 1.607E-04 9.095E-04 2.795E-11 4.079E-08 1.792E-02 4.265E-02 1.085E-01 1.789E-01 1.401E+04 4.410E+01 1.68E-10
 6760   1.2747  4.24E-05 1.600E-04 9.078E-04 2.708E-11 4.169E-08 1.788E-02 4.261E-02 1.086E-01 1.777E-01 1.394E+04 4.392E+01 1.62E-10
 6780   1.2756  4.22E-05 1.594E-04 9.062E-04 2.816E-11 4.260E-08 1.785E-02 4.257E-02 1.069E-01 1.767E-01 1.387E+04 4.355E+01 1.69E-10
 6800   1.2764  4.23E-05 1.589E-04 9.045E-04 2.944E-11 4.372E-08 1.782E-02 4.253E-02 1.075E-01 1.765E-01 1.381E+04 4.347E+01 1.77E-10
 6820   1.2773  4.22E-05 1.584E-04 9.029E-04 2.870E-11 4.521E-08 1.779E-02 4.249E-02 1.056E-01 1.758E-01 1.374E+04 4.386E+01 1.72E-10
 6840   1.2781  4.23E-05 1.579E-04 9.013E-04 2.873E-11 4.699E-08 1.776E-02 4.246E-02 1.058E-01 1.750E-01 1.368E+04 4.376E+01 1.72E-10
 6860   1.2790  4.21E-05 1.573E-04 8.996E-04 2.757E-11 4.897E-08 1.773E-02 4.242E-02 1.041E-01 1.750E-01 1.361E+04 4.340E+01 1.65E-10
 6880   1.2798  4.21E-05 1.567E-04 8.980E-04 2.601E-11 5.096E-08 1.769E-02 4.238E-02 9.970E-02 1.746E-01 1.355E+04 4.322E+01 1.56E-10
 6900   1.2807  4.20E-05 1.561E-04 8.964E-04 2.491E-11 5.272E-08 1.766E-02 4.234E-02 9.977E-02 1.749E-01 1.349E+04 4.321E+01 1.49E-10
 6920   1.2815  4.20E-05 1.556E-04 8.948E-04 2.418E-11 5.410E-08 1.763E-02 4.230E-02 9.998E-02 1.749E-01 1.343E+04 4.319E+01 1.45E-10
 6940   1.2823  4.20E-05 1.551E-04 8.933E-04 2.378E-11 5.501E-08 1.760E-02 4.227E-02 9.871E-02 1.753E-01 1.336E+04 4.314E+01 1.43E-10
 6960   1.2832  4.22E-05 1.546E-04 8.917E-04 2.563E-11 5.544E-08 1.757E-02 4.223E-02 9.518E-02 1.739E-01 1.330E+04 4.304E+01 1.54E-10
 6980   1.2840  4.22E-05 1.540E-04 8.901E-04 2.556E-11 5.561E-08 1.754E-02 4.219E-02 9.622E-02 1.725E-01 1.324E+04 4.296E+01 1.53E-10
 7000   1.2849  4.23E-05 1.535E-04 8.885E-04 2.541E-11 5.556E-08 1.751E-02 4.216E-02 9.449E-02 1.718E-01 1.318E+04 4.280E+01 1.52E-10
 7020   1.2857  4.22E-05 1.530E-04 8.870E-04 2.514E-11 5.526E-08 1.748E-02 4.212E-02 9.596E-02 1.718E-01 1.312E+04 4.275E+01 1.51E-10
 7040   1.2866  4.24E-05 1.524E-04 8.854E-04 2.625E-11 5.469E-08 1.745E-02 4.208E-02 9.365E-02 1.727E-01 1.306E+04 4.268E+01 1.57E-10
 7060   1.2874  4.25E-05 1.519E-04 8.838E-04 2.638E-11 5.395E-08 1.742E-02 4.204E-02 9.390E-02 1.722E-01 1.300E+04 4.258E+01 1.58E-10
 7080   1.2883  4.26E-05 1.514E-04 8.823E-04 2.689E-11 5.309E-08 1.739E-02 4.201E-02 9.118E-02 1.723E-01 1.294E+04 4.252E+01 1.61E-10
 7100   1.2891  4.25E-05 1.509E-04 8.807E-04 2.649E-11 5.214E-08 1.736E-02 4.197E-02 9.089E-02 1.715E-01 1.288E+04 4.240E+01 1.59E-10
 7120   1.2900  4.25E-05 1.503E-04 8.792E-04 2.655E-11 5.104E-08 1.733E-02 4.193E-02 9.034E-02 1.709E-01 1.282E+04 4.241E+01 1.59E-10
 7140   1.2908  4.25E-05 1.498E-04 8.777E-04 2.626E-11 4.975E-08 1.730E-02 4.190E-02 8.971E-02 1.714E-01 1.277E+04 4.210E+01 1.58E-10
 7160   1.2917  4.26E-05 1.493E-04 8.761E-04 2.852E-11 4.827E-08 1.727E-02 4.186E-02 9.035E-02 1.721E-01 1.271E+04 4.192E+01 1.71E-10
 7180   1.2925  4.25E-05 1.489E-04 8.746E-04 2.846E-11 4.689E-08 1.724E-02 4.182E-02 9.081E-02 1.720E-01 1.265E+04 4.220E+01 1.71E-10
 7200   1.2934  4.24E-05 1.484E-04 8.731E-04 2.683E-11 4.566E-08 1.722E-02 4.179E-02 9.306E-02 1.711E-01 1.259E+04 4.225E+01 1.61E-10
 7220   1.2942  4.24E-05 1.479E-04 8.716E-04 2.551E-11 4.431E-08 1.719E-02 4.175E-02 9.263E-02 1.708E-01 1.254E+04 4.193E+01 1.53E-10
 7240   1.2951  4.25E-05 1.473E-04 8.701E-04 2.484E-11 4.256E-08 1.715E-02 4.172E-02 9.156E-02 1.700E-01 1.248E+04 4.177E+01 1.49E-10
 7260   1.2959  4.24E-05 1.468E-04 8.686E-04 2.496E-11 4.019E-08 1.712E-02 4.168E-02 9.305E-02 1.699E-01 1.243E+04 4.167E+01 1.50E-10
 7280   1.2967  4.25E-05 1.463E-04 8.671E-04 2.822E-11 3.719E-08 1.710E-02 4.164E-02 9.304E-02 1.702E-01 1.237E+04 4.158E+01 1.69E-10
 7300   1.2976  4.24E-05 1.459E-04 8.657E-04 2.944E-11 3.406E-08 1.707E-02 4.161E-02 9.214E-02 1.693E-01 1.232E+04 4.165E+01 1.77E-10
 7320   1.2984  4.25E-05 1.454E-04 8.642E-04 3.171E-11 3.125E-08 1.705E-02 4.157E-02 9.173E-02 1.680E-01 1.226E+04 4.164E+01 1.90E-10
 7340   1.2993  4.27E-05 1.449E-04 8.627E-04 3.173E-11 2.941E-08 1.702E-02 4.154E-02 9.297E-02 1.671E-01 1.221E+04 4.142E+01 1.90E-10
 7360   1.3002  4.26E-05 1.444E-04 8.613E-04 3.183E-11 2.887E-08 1.699E-02 4.150E-02 9.186E-02 1.669E-01 1.215E+04 4.135E+01 1.91E-10
 7380   1.3010  4.24E-05 1.439E-04 8.598E-04 3.089E-11 2.970E-08 1.696E-02 4.147E-02 9.384E-02 1.657E-01 1.210E+04 4.125E+01 1.85E-10
 7400   1.3019  4.25E-05 1.434E-04 8.584E-04 2.917E-11 3.156E-08 1.693E-02 4.143E-02 9.175E-02 1.653E-01 1.204E+04 4.118E+01 1.75E-10
 7420   1.3027  4.25E-05 1.430E-04 8.569E-04 2.785E-11 3.389E-08 1.690E-02 4.140E-02 9.096E-02 1.657E-01 1.199E+04 4.110E+01 1.67E-10
 7440   1.3036  4.26E-05 1.425E-04 8.555E-04 2.743E-11 3.630E-08 1.687E-02 4.136E-02 8.969E-02 1.657E-01 1.194E+04 4.107E+01 1.65E-10
 7460   1.3044  4.26E-05 1.420E-04 8.541E-04 2.761E-11 3.866E-08 1.684E-02 4.133E-02 9.107E-02 1.658E-01 1.189E+04 4.094E+01 1.66E-10
 7480   1.3053  4.26E-05 1.415E-04 8.527E-04 2.865E-11 4.105E-08 1.682E-02 4.130E-02 9.352E-02 1.655E-01 1.183E+04 4.088E+01 1.72E-10
 7500   1.3061  4.27E-05 1.411E-04 8.513E-04 2.748E-11 4.362E-08 1.679E-02 4.126E-02 9.668E-02 1.663E-01 1.178E+04 4.073E+01 1.65E-10
 7520   1.3070  4.27E-05 1.406E-04 8.499E-04 2.571E-11 4.617E-08 1.676E-02 4.123E-02 9.921E-02 1.663E-01 1.173E+04 4.071E+01 1.54E-10
 7540   1.3078  4.29E-05 1.402E-04 8.485E-04 2.458E-11 4.840E-08 1.673E-02 4.119E-02 9.950E-02 1.656E-01 1.168E+04 4.077E+01 1.47E-10
 7560   1.3087  4.27E-05 1.397E-04 8.471E-04 2.397E-11 5.015E-08 1.671E-02 4.116E-02 9.862E-02 1.659E-01 1.163E+04 4.061E+01 1.44E-10
 7580   1.3095  4.27E-05 1.392E-04 8.457E-04 2.359E-11 5.135E-08 1.668E-02 4.113E-02 9.293E-02 1.654E-01 1.158E+04 4.048E+01 1.42E-10
 7600   1.3104  4.27E-05 1.387E-04 8.443E-04 2.330E-11 5.200E-08 1.665E-02 4.109E-02 9.256E-02 1.640E-01 1.153E+04 4.031E+01 1.40E-10
 7620   1.3112  4.27E-05 1.383E-04 8.429E-04 2.452E-11 5.208E-08 1.662E-02 4.106E-02 9.475E-02 1.641E-01 1.148E+04 4.032E+01 1.47E-10
 7640   1.3121  4.28E-05 1.379E-04 8.415E-04 2.478E-11 5.176E-08 1.660E-02 4.103E-02 9.286E-02 1.636E-01 1.143E+04 4.038E+01 1.49E-10
 7660   1.3130  4.27E-05 1.375E-04 8.402E-04 2.575E-11 5.110E-08 1.657E-02 4.099E-02 9.324E-02 1.629E-01 1.138E+04 4.027E+01 1.54E-10
 7680   1.3138  4.26E-05 1.370E-04 8.388E-04 2.562E-11 5.023E-08 1.654E-02 4.096E-02 8.784E-02 1.624E-01 1.133E+04 4.014E+01 1.54E-10
 7700   1.3147  4.26E-05 1.365E-04 8.375E-04 2.503E-11 4.912E-08 1.652E-02 4.093E-02 8.851E-02 1.624E-01 1.128E+04 4.001E+01 1.50E-10
 7720   1.3155  4.27E-05 1.361E-04 8.361E-04 2.618E-11 4.767E-08 1.649E-02 4.089E-02 8.964E-02 1.629E-01 1.123E+04 3.982E+01 1.57E-10
 7740   1.3164  4.27E-05 1.357E-04 8.348E-04 2.914E-11 4.610E-08 1.646E-02 4.086E-02 8.902E-02 1.621E-01 1.118E+04 3.992E+01 1.75E-10
 7760   1.3172  4.26E-05 1.353E-04 8.335E-04 2.895E-11 4.486E-08 1.644E-02 4.083E-02 8.912E-02 1.617E-01 1.113E+04 3.999E+01 1.74E-10
 7780   1.3181  4.27E-05 1.348E-04 8.322E-04 2.862E-11 4.401E-08 1.641E-02 4.080E-02 9.188E-02 1.611E-01 1.109E+04 3.981E+01 1.72E-10
 7800   1.3189  4.27E-05 1.344E-04 8.308E-04 2.733E-11 4.350E-08 1.638E-02 4.076E-02 9.078E-02 1.611E-01 1.104E+04 3.968E+01 1.64E-10
 7820   1.3198  4.28E-05 1.339E-04 8.295E-04 2.597E-11 4.308E-08 1.636E-02 4.073E-02 9.261E-02 1.621E-01 1.099E+04 3.949E+01 1.56E-10
 7840   1.3206  4.27E-05 1.335E-04 8.282E-04 2.615E-11 4.249E-08 1.633E-02 4.070E-02 9.164E-02 1.627E-01 1.095E+04 3.950E+01 1.57E-10
 7860   1.3215  4.28E-05 1.331E-04 8.269E-04 2.605E-11 4.167E-08 1.631E-02 4.067E-02 9.200E-02 1.624E-01 1.090E+04 3.954E+01 1.56E-10
 7880   1.3223  4.29E-05 1.327E-04 8.256E-04 2.723E-11 4.063E-08 1.628E-02 4.063E-02 9.124E-02 1.616E-01 1.085E+04 3.952E+01 1.63E-10
 7900   1.3232  4.28E-05 1.323E-04 8.243E-04 2.727E-11 3.953E-08 1.626E-02 4.060E-02 9.233E-02 1.618E-01 1.081E+04 3.930E+01 1.64E-10
 7920   1.3241  4.28E-05 1.319E-04 8.230E-04 2.771E-11 3.842E-08 1.623E-02 4.057E-02 9.435E-02 1.620E-01 1.076E+04 3.920E+01 1.66E-10
 7940   1.3249  4.28E-05 1.314E-04 8.217E-04 2.815E-11 3.740E-08 1.620E-02 4.054E-02 9.363E-02 1.618E-01 1.072E+04 3.915E+01 1.69E-10
 7960   1.3258  4.30E-05 1.310E-04 8.204E-04 2.875E-11 3.659E-08 1.618E-02 4.051E-02 9.391E-02 1.621E-01 1.067E+04 3.914E+01 1.73E-10
 7980   1.3266  4.29E-05 1.307E-04 8.191E-04 2.845E-11 3.612E-08 1.616E-02 4.048E-02 9.076E-02 1.621E-01 1.063E+04 3.916E+01 1.71E-10
 8000   1.3275  4.28E-05 1.302E-04 8.179E-04 2.776E-11 3.593E-08 1.613E-02 4.044E-02 9.042E-02 1.624E-01 1.059E+04 3.898E+01 1.67E-10
 8020   1.3283  4.30E-05 1.298E-04 8.166E-04 2.785E-11 3.588E-08 1.610E-02 4.041E-02 9.113E-02 1.617E-01 1.054E+04 3.887E+01 1.67E-10
 8040   1.3292  4.31E-05 1.294E-04 8.154E-04 2.829E-11 3.595E-08 1.608E-02 4.038E-02 9.049E-02 1.611E-01 1.050E+04 3.877E+01 1.70E-10
 8060   1.3301  4.28E-05 1.290E-04 8.141E-04 3.047E-11 3.633E-08 1.605E-02 4.035E-02 8.920E-02 1.607E-01 1.046E+04 3.881E+01 1.83E-10
 8080   1.3309  4.29E-05 1.286E-04 8.129E-04 2.948E-11 3.739E-08 1.603E-02 4.032E-02 9.142E-02 1.608E-01 1.041E+04 3.878E+01 1.77E-10
 8100   1.3318  4.30E-05 1.282E-04 8.116E-04 2.765E-11 3.895E-08 1.600E-02 4.029E-02 9.282E-02 1.607E-01 1.037E+04 3.863E+01 1.66E-10
 8120   1.3326  4.29E-05 1.278E-04 8.104E-04 2.602E-11 4.056E-08 1.598E-02 4.026E-02 9.186E-02 1.603E-01 1.033E+04 3.857E+01 1.56E-10
 8140   1.3335  4.29E-05 1.274E-04 8.091E-04 2.535E-11 4.191E-08 1.595E-02 4.023E-02 8.993E-02 1.599E-01 1.029E+04 3.834E+01 1.52E-10
 8160   1.3344  4.31E-05 1.270E-04 8.079E-04 2.623E-11 4.293E-08 1.593E-02 4.020E-02 8.803E-02 1.606E-01 1.024E+04 3.834E+01 1.57E-10
 8180   1.3352  4.32E-05 1.267E-04 8.066E-04 2.649E-11 4.377E-08 1.591E-02 4.017E-02 8.491E-02 1.603E-01 1.020E+04 3.853E+01 1.59E-10
 8200   1.3361  4.32E-05 1.263E-04 8.054E-04 2.745E-11 4.455E-08 1.588E-02 4.014E-02 8.505E-02 1.590E-01 1.016E+04 3.836E+01 1.65E-10
 8220   1.3370  4.31E-05 1.259E-04 8.042E-04 2.711E-11 4.540E-08 1.586E-02 4.010E-02 8.650E-02 1.590E-01 1.012E+04 3.817E+01 1.63E-10
 8240   1.3378  4.32E-05 1.255E-04 8.030E-04 2.637E-11 4.627E-08 1.583E-02 4.007E-02 8.633E-02 1.596E-01 1.008E+04 3.810E+01 1.58E-10
 8260   1.3387  4.33E-05 1.251E-04 8.018E-04 2.646E-11 4.702E-08 1.581E-02 4.004E-02 8.441E-02 1.601E-01 1.004E+04 3.809E+01 1.59E-10
 8280   1.3395  4.32E-05 1.247E-04 8.006E-04 2.688E-11 4.764E-08 1.579E-02 4.001E-02 8.418E-02 1.602E-01 9.997E+03 3.805E+01 1.61E-10
 8300   1.3404  4.31E-05 1.243E-04 7.994E-04 2.834E-11 4.824E-08 1.576E-02 3.998E-02 8.220E-02 1.605E-01 9.957E+03 3.799E+01 1.70E-10
 8320   1.3413  4.29E-05 1.239E-04 7.982E-04 2.839E-11 4.902E-08 1.574E-02 3.995E-02 8.476E-02 1.605E-01 9.917E+03 3.787E+01 1.70E-10
 8340   1.3421  4.28E-05 1.236E-04 7.970E-04 2.826E-11 4.999E-08 1.571E-02 3.992E-02 8.546E-02 1.594E-01 9.877E+03 3.781E+01 1.70E-10
 8360   1.3430  4.29E-05 1.232E-04 7.958E-04 2.694E-11 5.112E-08 1.569E-02 3.989E-02 8.610E-02 1.586E-01 9.838E+03 3.783E+01 1.62E-10
 8380   1.3438  4.29E-05 1.229E-04 7.946E-04 2.573E-11 5.219E-08 1.567E-02 3.986E-02 8.756E-02 1.579E-01 9.799E+03 3.773E+01 1.54E-10
 8400   1.3447  4.30E-05 1.225E-04 7.934E-04 2.521E-11 5.301E-08 1.564E-02 3.984E-02 8.993E-02 1.579E-01 9.760E+03 3.775E+01 1.51E-10
 8420   1.3456  4.31E-05 1.221E-04 7.923E-04 2.492E-11 5.348E-08 1.562E-02 3.981E-02 8.799E-02 1.573E-01 9.721E+03 3.755E+01 1.49E-10
 8440   1.3464  4.30E-05 1.217E-04 7.911E-04 2.521E-11 5.356E-08 1.559E-02 3.978E-02 8.870E-02 1.574E-01 9.683E+03 3.727E+01 1.51E-10
 8460   1.3473  4.31E-05 1.214E-04 7.899E-04 2.665E-11 5.331E-08 1.557E-02 3.975E-02 8.734E-02 1.577E-01 9.644E+03 3.734E+01 1.60E-10
 8480   1.3481  4.31E-05 1.211E-04 7.888E-04 2.675E-11 5.290E-08 1.555E-02 3.972E-02 8.726E-02 1.573E-01 9.606E+03 3.761E+01 1.60E-10
 8500   1.3490  4.31E-05 1.208E-04 7.876E-04 2.637E-11 5.239E-08 1.553E-02 3.969E-02 8.886E-02 1.570E-01 9.568E+03 3.749E+01 1.58E-10
 8520   1.3499  4.31E-05 1.204E-04 7.865E-04 2.492E-11 5.169E-08 1.551E-02 3.966E-02 8.910E-02 1.571E-01 9.530E+03 3.721E+01 1.50E-10
 8540   1.3507  4.32E-05 1.200E-04 7.853E-04 2.408E-11 5.057E-08 1.548E-02 3.963E-02 8.805E-02 1.568E-01 9.493E+03 3.707E+01 1.44E-10
 8560   1.3516  4.32E-05 1.196E-04 7.842E-04 2.640E-11 4.893E-08 1.546E-02 3.960E-02 8.836E-02 1.568E-01 9.456E+03 3.707E+01 1.58E-10
 8580   1.3525  4.32E-05 1.193E-04 7.831E-04 2.818E-11 4.706E-08 1.544E-02 3.957E-02 8.572E-02 1.561E-01 9.419E+03 3.724E+01 1.69E-10
 8600   1.3533  4.33E-05 1.190E-04 7.819E-04 2.988E-11 4.535E-08 1.542E-02 3.955E-02 8.601E-02 1.554E-01 9.382E+03 3.709E+01 1.79E-10
 8620   1.3542  4.33E-05 1.186E-04 7.808E-04 2.868E-11 4.409E-08 1.539E-02 3.952E-02 8.662E-02 1.560E-01 9.345E+03 3.685E+01 1.72E-10
 8640   1.3551  4.33E-05 1.182E-04 7.797E-04 2.698E-11 4.312E-08 1.537E-02 3.949E-02 8.571E-02 1.560E-01 9.309E+03 3.681E+01 1.62E-10
 8660   1.3559  4.32E-05 1.179E-04 7.785E-04 2.563E-11 4.213E-08 1.535E-02 3.946E-02 8.588E-02 1.548E-01 9.272E+03 3.686E+01 1.54E-10
 8680   1.3568  4.34E-05 1.176E-04 7.774E-04 2.653E-11 4.085E-08 1.533E-02 3.943E-02 8.832E-02 1.547E-01 9.236E+03 3.679E+01 1.59E-10
 8700   1.3577  4.34E-05 1.172E-04 7.763E-04 2.764E-11 3.943E-08 1.530E-02 3.940E-02 8.787E-02 1.542E-01 9.200E+03 3.671E+01 1.66E-10
 8720   1.3585  4.34E-05 1.169E-04 7.752E-04 2.709E-11 3.810E-08 1.528E-02 3.937E-02 8.866E-02 1.543E-01 9.164E+03 3.660E+01 1.63E-10
 8740   1.3594  4.34E-05 1.165E-04 7.741E-04 2.732E-11 3.677E-08 1.526E-02 3.935E-02 8.837E-02 1.539E-01 9.129E+03 3.647E+01 1.64E-10
 8760   1.3603  4.34E-05 1.162E-04 7.730E-04 2.853E-11 3.554E-08 1.524E-02 3.932E-02 8.868E-02 1.540E-01 9.093E+03 3.652E+01 1.71E-10
 8780   1.3611  4.32E-05 1.159E-04 7.719E-04 2.837E-11 3.464E-08 1.522E-02 3.929E-02 8.734E-02 1.541E-01 9.058E+03 3.657E+01 1.70E-10
 8800   1.3620  4.32E-05 1.156E-04 7.708E-04 2.772E-11 3.405E-08 1.519E-02 3.926E-02 8.621E-02 1.530E-01 9.023E+03 3.640E+01 1.66E-10
 8820   1.3629  4.32E-05 1.152E-04 7.697E-04 2.758E-11 3.367E-08 1.517E-02 3.923E-02 8.679E-02 1.523E-01 8.989E+03 3.627E+01 1.66E-10
 8840   1.3637  4.31E-05 1.149E-04 7.686E-04 2.953E-11 3.347E-08 1.515E-02 3.921E-02 8.617E-02 1.515E-01 8.954E+03 3.613E+01 1.77E-10
 8860   1.3646  4.33E-05 1.146E-04 7.675E-04 3.048E-11 3.391E-08 1.513E-02 3.918E-02 8.817E-02 1.510E-01 8.920E+03 3.628E+01 1.83E-10
 8880   1.3654  4.33E-05 1.143E-04 7.664E-04 2.847E-11 3.518E-08 1.511E-02 3.915E-02 8.882E-02 1.512E-01 8.886E+03 3.633E+01 1.71E-10
 8900   1.3663  4.32E-05 1.140E-04 7.653E-04 2.731E-11 3.677E-08 1.509E-02 3.912E-02 8.757E-02 1.510E-01 8.852E+03 3.610E+01 1.64E-10
 8920   1.3672  4.32E-05 1.136E-04 7.643E-04 2.675E-11 3.837E-08 1.507E-02 3.910E-02 8.885E-02 1.504E-01 8.818E+03 3.594E+01 1.60E-10
 8940   1.3680  4.32E-05 1.133E-04 7.632E-04 2.740E-11 3.985E-08 1.504E-02 3.907E-02 8.650E-02 1.502E-01 8.785E+03 3.587E+01 1.64E-10
 8960   1.3689  4.31E-05 1.130E-04 7.621E-04 2.776E-11 4.131E-08 1.503E-02 3.904E-02 8.602E-02 1.497E-01 8.752E+03 3.601E+01 1.67E-10
 8980   1.3698  4.30E-05 1.127E-04 7.611E-04 2.818E-11 4.286E-08 1.501E-02 3.901E-02 8.441E-02 1.489E-01 8.719E+03 3.593E+01 1.69E-10
 9000   1.3706  4.31E-05 1.124E-04 7.600E-04 2.805E-11 4.454E-08 1.499E-02 3.899E-02 8.325E-02 1.488E-01 8.687E+03 3.579E+01 1.68E-10
 9020   1.3715  4.32E-05 1.121E-04 7.590E-04 2.739E-11 4.632E-08 1.497E-02 3.896E-02 8.568E-02 1.486E-01 8.654E+03 3.577E+01 1.64E-10
 9040   1.3723  4.30E-05 1.118E-04 7.579E-04 2.699E-11 4.808E-08 1.494E-02 3.893E-02 8.584E-02 1.482E-01 8.622E+03 3.572E+01 1.62E-10
 9060   1.3732  4.30E-05 1.115E-04 7.569E-04 2.754E-11 4.975E-08 1.492E-02 3.891E-02 8.391E-02 1.476E-01 8.590E+03 3.563E+01 1.65E-10
 9080   1.3741  4.29E-05 1.112E-04 7.558E-04 2.750E-11 5.141E-08 1.490E-02 3.888E-02 8.389E-02 1.478E-01 8.559E+03 3.558E+01 1.65E-10
 9100   1.3749  4.30E-05 1.109E-04 7.548E-04 2.667E-11 5.306E-08 1.488E-02 3.885E-02 8.255E-02 1.475E-01 8.528E+03 3.549E+01 1.60E-10
 9120   1.3758  4.30E-05 1.106E-04 7.538E-04 2.476E-11 5.456E-08 1.486E-02 3.883E-02 8.272E-02 1.475E-01 8.496E+03 3.543E+01 1.49E-10
 9140   1.3766  4.30E-05 1.103E-04 7.528E-04 2.313E-11 5.564E-08 1.484E-02 3.880E-02 8.294E-02 1.482E-01 8.466E+03 3.548E+01 1.39E-10
 9160   1.3775  4.31E-05 1.100E-04 7.517E-04 2.216E-11 5.608E-08 1.482E-02 3.877E-02 8.294E-02 1.469E-01 8.435E+03 3.539E+01 1.33E-10
 9180   1.3784  4.29E-05 1.096E-04 7.507E-04 2.226E-11 5.574E-08 1.480E-02 3.875E-02 8.578E-02 1.459E-01 8.404E+03 3.522E+01 1.34E-10
 9200   1.3792  4.28E-05 1.094E-04 7.497E-04 2.355E-11 5.463E-08 1.478E-02 3.872E-02 8.717E-02 1.460E-01 8.374E+03 3.516E+01 1.41E-10
 9220   1.3801  4.30E-05 1.091E-04 7.487E-04 2.667E-11 5.295E-08 1.477E-02 3.870E-02 8.371E-02 1.456E-01 8.344E+03 3.523E+01 1.60E-10
 9240   1.3809  4.32E-05 1.089E-04 7.477E-04 2.696E-11 5.110E-08 1.475E-02 3.867E-02 8.231E-02 1.456E-01 8.314E+03 3.537E+01 1.62E-10
 9260   1.3818  4.30E-05 1.085E-04 7.467E-04 2.614E-11 4.915E-08 1.472E-02 3.864E-02 8.527E-02 1.454E-01 8.284E+03 3.507E+01 1.57E-10
 9280   1.3827  4.29E-05 1.082E-04 7.457E-04 2.516E-11 4.696E-08 1.470E-02 3.862E-02 8.646E-02 1.456E-01 8.255E+03 3.486E+01 1.51E-10
 9300   1.3835  4.28E-05 1.079E-04 7.447E-04 2.655E-11 4.434E-08 1.468E-02 3.859E-02 8.777E-02 1.455E-01 8.225E+03 3.484E+01 1.59E-10
 9320   1.3844  4.30E-05 1.077E-04 7.437E-04 2.853E-11 4.147E-08 1.467E-02 3.857E-02 8.579E-02 1.449E-01 8.196E+03 3.512E+01 1.71E-10
 9340   1.3852  4.32E-05 1.075E-04 7.427E-04 2.981E-11 3.872E-08 1.465E-02 3.854E-02 8.361E-02 1.451E-01 8.167E+03 3.503E+01 1.79E-10
 9360   1.3861  4.31E-05 1.071E-04 7.417E-04 2.853E-11 3.636E-08 1.463E-02 3.851E-02 8.343E-02 1.446E-01 8.138E+03 3.472E+01 1.71E-10
 9380   1.3870  4.32E-05 1.068E-04 7.407E-04 2.701E-11 3.422E-08 1.461E-02 3.849E-02 8.397E-02 1.436E-01 8.109E+03 3.459E+01 1.62E-10
 9400   1.3878  4.33E-05 1.066E-04 7.397E-04 2.731E-11 3.196E-08 1.459E-02 3.846E-02 8.123E-02 1.433E-01 8.080E+03 3.479E+01 1.64E-10
 9420   1.3887  4.32E-05 1.063E-04 7.387E-04 2.904E-11 2.961E-08 1.457E-02 3.844E-02 8.064E-02 1.439E-01 8.052E+03 3.473E+01 1.74E-10
 9440   1.3896  4.33E-05 1.060E-04 7.378E-04 3.014E-11 2.765E-08 1.455E-02 3.841E-02 8.057E-02 1.442E-01 8.023E+03 3.465E+01 1.81E-10
 9460   1.3904  4.34E-05 1.057E-04 7.368E-04 3.051E-11 2.656E-08 1.453E-02 3.839E-02 8.116E-02 1.433E-01 7.995E+03 3.445E+01 1.83E-10
 9480   1.3913  4.35E-05 1.055E-04 7.358E-04 3.101E-11 2.658E-08 1.452E-02 3.836E-02 7.866E-02 1.430E-01 7.967E+03 3.443E+01 1.86E-10
 9500   1.3922  4.35E-05 1.052E-04 7.348E-04 3.040E-11 2.785E-08 1.450E-02 3.834E-02 8.041E-02 1.429E-01 7.939E+03 3.459E+01 1.82E-10
 9520   1.3930  4.36E-05 1.049E-04 7.339E-04 2.858E-11 3.005E-08 1.448E-02 3.831E-02 7.958E-02 1.429E-01 7.911E+03 3.440E+01 1.71E-10
 9540   1.3939  4.36E-05 1.046E-04 7.329E-04 2.782E-11 3.257E-08 1.446E-02 3.829E-02 8.169E-02 1.433E-01 7.883E+03 3.427E+01 1.67E-10
 9560   1.3948  4.37E-05 1.044E-04 7.319E-04 2.787E-11 3.514E-08 1.444E-02 3.826E-02 8.289E-02 1.427E-01 7.855E+03 3.414E+01 1.67E-10
 9580   1.3957  4.36E-05 1.042E-04 7.309E-04 2.775E-11 3.777E-08 1.443E-02 3.823E-02 8.351E-02 1.432E-01 7.828E+03 3.437E+01 1.67E-10
 9600   1.3965  4.35E-05 1.039E-04 7.300E-04 2.576E-11 4.038E-08 1.441E-02 3.821E-02 8.377E-02 1.429E-01 7.800E+03 3.436E+01 1.55E-10
 9620   1.3974  4.37E-05 1.036E-04 7.290E-04 2.378E-11 4.259E-08 1.438E-02 3.818E-02 8.157E-02 1.420E-01 7.773E+03 3.403E+01 1.43E-10
 9660   1.3991  4.37E-05 1.031E-04 7.271E-04 2.631E-11 4.492E-08 1.435E-02 3.813E-02 8.282E-02 1.412E-01 7.719E+03 3.406E+01 1.58E-10
 9700   1.4009  4.37E-05 1.026E-04 7.252E-04 2.747E-11 4.641E-08 1.432E-02 3.808E-02 7.947E-02 1.414E-01 7.666E+03 3.398E+01 1.65E-10
 9720   1.4018  4.38E-05 1.023E-04 7.243E-04 2.645E-11 4.733E-08 1.430E-02 3.806E-02 8.039E-02 1.414E-01 7.640E+03 3.376E+01 1.59E-10
 9740   1.4026  4.38E-05 1.020E-04 7.233E-04 2.688E-11 4.816E-08 1.428E-02 3.803E-02 8.116E-02 1.415E-01 7.613E+03 3.378E+01 1.61E-10
 9760   1.4035  4.37E-05 1.018E-04 7.224E-04 2.727E-11 4.893E-08 1.426E-02 3.801E-02 8.157E-02 1.415E-01 7.587E+03 3.383E+01 1.64E-10
 9840   1.4070  4.37E-05 1.008E-04 7.187E-04 2.506E-11 5.241E-08 1.419E-02 3.791E-02 8.003E-02 1.442E-01 7.484E+03 3.375E+01 1.50E-10
 9860   1.4079  4.36E-05 1.005E-04 7.177E-04 2.402E-11 5.289E-08 1.417E-02 3.789E-02 8.101E-02 1.439E-01 7.459E+03 3.347E+01 1.44E-10
 9880   1.4088  4.38E-05 1.003E-04 7.168E-04 2.387E-11 5.283E-08 1.415E-02 3.786E-02 8.046E-02 1.437E-01 7.433E+03 3.342E+01 1.43E-10
 9900   1.4096  4.38E-05 1.000E-04 7.159E-04 2.509E-11 5.218E-08 1.413E-02 3.784E-02 7.794E-02 1.438E-01 7.408E+03 3.337E+01 1.51E-10
 9920   1.4105  4.36E-05 9.980E-05 7.150E-04 2.644E-11 5.114E-08 1.412E-02 3.782E-02 8.141E-02 1.437E-01 7.383E+03 3.345E+01 1.59E-10
 9940   1.4114  4.38E-05 9.955E-05 7.141E-04 2.738E-11 4.994E-08 1.410E-02 3.779E-02 8.227E-02 1.433E-01 7.358E+03 3.339E+01 1.64E-10
 9960   1.4123  4.38E-05 9.928E-05 7.132E-04 2.657E-11 4.870E-08 1.408E-02 3.777E-02 8.156E-02 1.432E-01 7.333E+03 3.321E+01 1.59E-10
 9980   1.4131  4.37E-05 9.903E-05 7.123E-04 2.737E-11 4.733E-08 1.407E-02 3.774E-02 8.186E-02 1.424E-01 7.309E+03 3.319E+01 1.64E-10
10000   1.4140  4.37E-05 9.882E-05 7.114E-04 2.914E-11 4.600E-08 1.405E-02 3.772E-02 8.299E-02 1.420E-01 7.284E+03 3.329E+01 1.75E-10
10020   1.4149  4.37E-05 9.855E-05 7.105E-04 3.054E-11 4.505E-08 1.403E-02 3.770E-02 8.109E-02 1.417E-01 7.260E+03 3.314E+01 1.83E-10
10040   1.4158  4.38E-05 9.827E-05 7.096E-04 2.915E-11 4.473E-08 1.401E-02 3.767E-02 8.184E-02 1.411E-01 7.236E+03 3.292E+01 1.75E-10
10060   1.4166  4.37E-05 9.805E-05 7.087E-04 2.741E-11 4.482E-08 1.400E-02 3.765E-02 8.298E-02 1.401E-01 7.211E+03 3.296E+01 1.64E-10
10080   1.4175  4.35E-05 9.787E-05 7.078E-04 2.618E-11 4.498E-08 1.398E-02 3.762E-02 8.160E-02 1.396E-01 7.188E+03 3.303E+01 1.57E-10
10100   1.4184  4.36E-05 9.766E-05 7.069E-04 2.547E-11 4.497E-08 1.397E-02 3.760E-02 7.848E-02 1.386E-01 7.164E+03 3.301E+01 1.53E-10
10120   1.4193  4.36E-05 9.741E-05 7.060E-04 2.537E-11 4.463E-08 1.395E-02 3.758E-02 7.823E-02 1.386E-01 7.140E+03 3.293E+01 1.52E-10
10140   1.4201  4.36E-05 9.715E-05 7.051E-04 2.595E-11 4.394E-08 1.393E-02 3.755E-02 7.681E-02 1.379E-01 7.116E+03 3.281E+01 1.56E-10
10160   1.4210  4.37E-05 9.689E-05 7.043E-04 2.692E-11 4.301E-08 1.391E-02 3.753E-02 7.466E-02 1.375E-01 7.093E+03 3.279E+01 1.62E-10
10180   1.4219  4.37E-05 9.664E-05 7.034E-04 2.687E-11 4.200E-08 1.389E-02 3.751E-02 7.527E-02 1.384E-01 7.069E+03 3.276E+01 1.61E-10
10200   1.4227  4.37E-05 9.638E-05 7.025E-04 2.731E-11 4.092E-08 1.388E-02 3.748E-02 7.619E-02 1.381E-01 7.046E+03 3.262E+01 1.64E-10
10220   1.4236  4.37E-05 9.617E-05 7.017E-04 2.836E-11 3.985E-08 1.386E-02 3.746E-02 7.718E-02 1.375E-01 7.023E+03 3.253E+01 1.70E-10
10240   1.4245  4.38E-05 9.600E-05 7.008E-04 2.909E-11 3.902E-08 1.385E-02 3.744E-02 7.816E-02 1.377E-01 6.999E+03 3.274E+01 1.75E-10
10260   1.4254  4.38E-05 9.577E-05 6.999E-04 2.731E-11 3.856E-08 1.383E-02 3.741E-02 7.725E-02 1.376E-01 6.976E+03 3.270E+01 1.64E-10
10280   1.4262  4.38E-05 9.549E-05 6.991E-04 2.614E-11 3.810E-08 1.381E-02 3.739E-02 7.601E-02 1.373E-01 6.953E+03 3.241E+01 1.57E-10
10300   1.4271  4.38E-05 9.526E-05 6.982E-04 2.693E-11 3.737E-08 1.380E-02 3.737E-02 7.644E-02 1.372E-01 6.930E+03 3.226E+01 1.62E-10
10320   1.4280  4.38E-05 9.511E-05 6.973E-04 2.928E-11 3.656E-08 1.378E-02 3.735E-02 7.510E-02 1.373E-01 6.908E+03 3.251E+01 1.76E-10
10340   1.4289  4.38E-05 9.491E-05 6.965E-04 3.078E-11 3.620E-08 1.377E-02 3.732E-02 7.610E-02 1.375E-01 6.885E+03 3.251E+01 1.85E-10
10360   1.4298  4.37E-05 9.466E-05 6.956E-04 3.064E-11 3.667E-08 1.375E-02 3.730E-02 7.779E-02 1.378E-01 6.863E+03 3.229E+01 1.84E-10
10380   1.4306  4.38E-05 9.441E-05 6.948E-04 2.883E-11 3.790E-08 1.373E-02 3.728E-02 7.743E-02 1.372E-01 6.840E+03 3.225E+01 1.73E-10
10400   1.4315  4.38E-05 9.417E-05 6.940E-04 2.779E-11 3.947E-08 1.372E-02 3.725E-02 7.532E-02 1.369E-01 6.818E+03 3.223E+01 1.67E-10
10420   1.4324  4.38E-05 9.395E-05 6.931E-04 2.989E-11 4.121E-08 1.370E-02 3.723E-02 7.540E-02 1.368E-01 6.796E+03 3.209E+01 1.79E-10
10440   1.4333  4.39E-05 9.375E-05 6.923E-04 2.909E-11 4.339E-08 1.369E-02 3.721E-02 7.681E-02 1.366E-01 6.774E+03 3.221E+01 1.75E-10
10460   1.4341  4.38E-05 9.353E-05 6.914E-04 2.694E-11 4.586E-08 1.367E-02 3.719E-02 7.794E-02 1.360E-01 6.751E+03 3.215E+01 1.62E-10
10480   1.4350  4.37E-05 9.327E-05 6.906E-04 2.493E-11 4.818E-08 1.365E-02 3.716E-02 7.717E-02 1.354E-01 6.730E+03 3.204E+01 1.50E-10
10500   1.4359  4.36E-05 9.301E-05 6.898E-04 2.287E-11 5.001E-08 1.363E-02 3.714E-02 7.544E-02 1.350E-01 6.708E+03 3.194E+01 1.37E-10
10520   1.4368  4.35E-05 9.279E-05 6.889E-04 2.154E-11 5.107E-08 1.362E-02 3.712E-02 7.743E-02 1.349E-01 6.686E+03 3.180E+01 1.29E-10
10540   1.4376  4.35E-05 9.264E-05 6.881E-04 2.382E-11 5.121E-08 1.360E-02 3.710E-02 7.669E-02 1.348E-01 6.665E+03 3.192E+01 1.43E-10
10560   1.4385  4.36E-05 9.249E-05 6.873E-04 2.660E-11 5.082E-08 1.359E-02 3.708E-02 7.780E-02 1.343E-01 6.644E+03 3.208E+01 1.60E-10
10580   1.4394  4.36E-05 9.224E-05 6.865E-04 2.664E-11 5.034E-08 1.357E-02 3.705E-02 7.711E-02 1.352E-01 6.622E+03 3.187E+01 1.60E-10
10600   1.4402  4.37E-05 9.198E-05 6.857E-04 2.611E-11 4.982E-08 1.356E-02 3.703E-02 7.793E-02 1.348E-01 6.601E+03 3.156E+01 1.57E-10
10620   1.4411  4.37E-05 9.181E-05 6.849E-04 2.695E-11 4.917E-08 1.354E-02 3.701E-02 7.794E-02 1.347E-01 6.580E+03 3.168E+01 1.62E-10
10640   1.4420  4.35E-05 9.166E-05 6.841E-04 2.790E-11 4.850E-08 1.353E-02 3.699E-02 7.850E-02 1.345E-01 6.559E+03 3.185E+01 1.67E-10
10660   1.4429  4.35E-05 9.145E-05 6.832E-04 2.783E-11 4.800E-08 1.352E-02 3.697E-02 7.918E-02 1.343E-01 6.539E+03 3.176E+01 1.67E-10
10680   1.4437  4.35E-05 9.119E-05 6.824E-04 2.579E-11 4.763E-08 1.350E-02 3.694E-02 8.024E-02 1.338E-01 6.518E+03 3.152E+01 1.55E-10
10700   1.4446  4.34E-05 9.097E-05 6.816E-04 2.536E-11 4.706E-08 1.348E-02 3.692E-02 8.164E-02 1.338E-01 6.498E+03 3.153E+01 1.52E-10
10720   1.4455  4.35E-05 9.076E-05 6.808E-04 2.626E-11 4.617E-08 1.347E-02 3.690E-02 7.986E-02 1.340E-01 6.477E+03 3.155E+01 1.58E-10
10740   1.4463  4.36E-05 9.054E-05 6.800E-04 2.648E-11 4.509E-08 1.345E-02 3.688E-02 7.971E-02 1.341E-01 6.457E+03 3.144E+01 1.59E-10
10760   1.4472  4.35E-05 9.034E-05 6.793E-04 2.628E-11 4.386E-08 1.343E-02 3.686E-02 8.049E-02 1.344E-01 6.437E+03 3.134E+01 1.58E-10
10780   1.4481  4.35E-05 9.017E-05 6.785E-04 2.656E-11 4.245E-08 1.342E-02 3.684E-02 8.211E-02 1.337E-01 6.417E+03 3.148E+01 1.59E-10
10800   1.4489  4.35E-05 8.997E-05 6.777E-04 2.596E-11 4.084E-08 1.341E-02 3.681E-02 8.283E-02 1.330E-01 6.397E+03 3.147E+01 1.56E-10
10820   1.4498  4.35E-05 8.972E-05 6.769E-04 2.565E-11 3.890E-08 1.339E-02 3.679E-02 8.074E-02 1.328E-01 6.377E+03 3.116E+01 1.54E-10
