#--it-----t--------dt-------EEK-------EEM-------EEGW------hrms------urms------brms------umax------bmax------o2m------divu2m----gg2m---
    0   1.0000  1.76E-02 0.000E+00 1.004E-01 0.000E+00 0.000E+00 0.000E+00 4.482E-01 0.000E+00 1.671E+00 0.000E+00 0.000E+00 0.00E+00
    1   1.0176  1.55E-02 1.001E-03 9.926E-02 2.168E-05 1.027E-04 4.471E-02 4.456E-01 3.576E-01 1.532E+00 1.151E+00 1.257E+00 1.30E-04
    2   1.0332  1.49E-02 2.943E-03 9.674E-02 6.228E-05 3.433E-04 7.661E-02 4.399E-01 5.137E-01 1.394E+00 3.486E+00 3.282E+00 3.74E-04
    3   1.0480  1.47E-02 4.861E-03 9.372E-02 1.028E-04 6.703E-04 9.822E-02 4.329E-01 6.080E-01 1.307E+00 6.002E+00 4.443E+00 6.17E-04
    4   1.0627  1.47E-02 6.357E-03 9.065E-02 1.378E-04 1.055E-03 1.118E-01 4.258E-01 6.718E-01 1.237E+00 8.200E+00 4.344E+00 8.27E-04
    5   1.0774  1.46E-02 7.443E-03 8.774E-02 1.662E-04 1.479E-03 1.204E-01 4.189E-01 6.649E-01 1.210E+00 9.914E+00 3.542E+00 9.97E-04
    6   1.0920  1.49E-02 8.302E-03 8.510E-02 1.869E-04 1.922E-03 1.266E-01 4.126E-01 6.478E-01 1.147E+00 1.116E+01 2.877E+00 1.12E-03
    7   1.1069  1.51E-02 9.135E-03 8.268E-02 2.009E-04 2.386E-03 1.325E-01 4.066E-01 6.574E-01 1.169E+00 1.207E+01 2.808E+00 1.21E-03
    8   1.1220  1.51E-02 9.997E-03 8.051E-02 2.089E-04 2.853E-03 1.386E-01 4.013E-01 6.674E-01 1.169E+00 1.274E+01 3.276E+00 1.25E-03
    9   1.1370  1.50E-02 1.084E-02 7.863E-02 2.123E-04 3.310E-03 1.444E-01 3.966E-01 6.759E-01 1.220E+00 1.326E+01 3.880E+00 1.27E-03
   10   1.1520  1.50E-02 1.161E-02 7.700E-02 2.126E-04 3.747E-03 1.495E-01 3.924E-01 6.912E-01 1.310E+00 1.372E+01 4.274E+00 1.28E-03
   11   1.1670  1.52E-02 1.228E-02 7.558E-02 2.112E-04 4.163E-03 1.538E-01 3.888E-01 6.913E-01 1.376E+00 1.416E+01 4.358E+00 1.27E-03
   12   1.1822  1.52E-02 1.284E-02 7.429E-02 2.093E-04 4.560E-03 1.574E-01 3.854E-01 7.117E-01 1.385E+00 1.460E+01 4.218E+00 1.26E-03
   13   1.1973  1.50E-02 1.334E-02 7.311E-02 2.075E-04 4.930E-03 1.605E-01 3.824E-01 7.322E-01 1.340E+00 1.501E+01 4.003E+00 1.24E-03
   14   1.2123  1.48E-02 1.378E-02 7.204E-02 2.064E-04 5.268E-03 1.633E-01 3.796E-01 7.510E-01 1.267E+00 1.538E+01 3.824E+00 1.24E-03
   15   1.2271  1.47E-02 1.420E-02 7.105E-02 2.063E-04 5.575E-03 1.658E-01 3.770E-01 7.581E-01 1.203E+00 1.571E+01 3.713E+00 1.24E-03
   16   1.2418  1.46E-02 1.459E-02 7.012E-02 2.071E-04 5.856E-03 1.682E-01 3.745E-01 7.583E-01 1.253E+00 1.597E+01 3.651E+00 1.24E-03
   17   1.2564  1.46E-02 1.496E-02 6.926E-02 2.088E-04 6.113E-03 1.704E-01 3.722E-01 7.552E-01 1.276E+00 1.619E+01 3.613E+00 1.25E-03
   18   1.2710  1.45E-02 1.532E-02 6.844E-02 2.112E-04 6.348E-03 1.725E-01 3.700E-01 7.528E-01 1.265E+00 1.636E+01 3.581E+00 1.27E-03
   19   1.2855  1.44E-02 1.564E-02 6.768E-02 2.141E-04 6.564E-03 1.744E-01 3.679E-01 7.604E-01 1.246E+00 1.650E+01 3.551E+00 1.28E-03
   20   1.2999  1.43E-02 1.595E-02 6.696E-02 2.172E-04 6.760E-03 1.761E-01 3.660E-01 7.661E-01 1.238E+00 1.661E+01 3.524E+00 1.30E-03
   21   1.3142  1.42E-02 1.623E-02 6.629E-02 2.204E-04 6.941E-03 1.777E-01 3.641E-01 8.007E-01 1.203E+00 1.670E+01 3.502E+00 1.32E-03
   22   1.3284  1.41E-02 1.649E-02 6.567E-02 2.235E-04 7.107E-03 1.792E-01 3.624E-01 8.194E-01 1.183E+00 1.677E+01 3.484E+00 1.34E-03
   23   1.3426  1.41E-02 1.672E-02 6.507E-02 2.264E-04 7.262E-03 1.805E-01 3.608E-01 8.236E-01 1.146E+00 1.683E+01 3.468E+00 1.36E-03
   24   1.3567  1.42E-02 1.694E-02 6.451E-02 2.290E-04 7.408E-03 1.817E-01 3.592E-01 8.219E-01 1.121E+00 1.688E+01 3.450E+00 1.37E-03
   25   1.3709  1.43E-02 1.714E-02 6.397E-02 2.313E-04 7.546E-03 1.828E-01 3.577E-01 8.282E-01 1.109E+00 1.693E+01 3.428E+00 1.39E-03
   26   1.3852  1.44E-02 1.733E-02 6.345E-02 2.332E-04 7.679E-03 1.839E-01 3.562E-01 8.391E-01 1.094E+00 1.697E+01 3.404E+00 1.40E-03
   27   1.3996  1.42E-02 1.751E-02 6.295E-02 2.347E-04 7.807E-03 1.849E-01 3.548E-01 8.871E-01 1.085E+00 1.700E+01 3.379E+00 1.41E-03
   28   1.4138  1.42E-02 1.766E-02 6.247E-02 2.360E-04 7.928E-03 1.857E-01 3.535E-01 9.247E-01 1.090E+00 1.703E+01 3.357E+00 1.42E-03
   29   1.4280  1.42E-02 1.781E-02 6.200E-02 2.369E-04 8.045E-03 1.866E-01 3.521E-01 9.419E-01 1.091E+00 1.705E+01 3.339E+00 1.42E-03
   30   1.4421  1.41E-02 1.795E-02 6.156E-02 2.376E-04 8.158E-03 1.873E-01 3.509E-01 9.349E-01 1.104E+00 1.707E+01 3.325E+00 1.43E-03
   31   1.4562  1.40E-02 1.807E-02 6.112E-02 2.380E-04 8.267E-03 1.880E-01 3.496E-01 9.053E-01 1.089E+00 1.709E+01 3.313E+00 1.43E-03
   32   1.4702  1.42E-02 1.819E-02 6.070E-02 2.384E-04 8.373E-03 1.886E-01 3.484E-01 8.706E-01 1.065E+00 1.711E+01 3.301E+00 1.43E-03
   33   1.4844  1.42E-02 1.829E-02 6.029E-02 2.386E-04 8.478E-03 1.892E-01 3.472E-01 8.865E-01 1.054E+00 1.712E+01 3.286E+00 1.43E-03
   34   1.4985  1.40E-02 1.838E-02 5.988E-02 2.388E-04 8.581E-03 1.897E-01 3.461E-01 9.049E-01 1.072E+00 1.713E+01 3.268E+00 1.43E-03
   35   1.5126  1.39E-02 1.845E-02 5.949E-02 2.390E-04 8.680E-03 1.901E-01 3.449E-01 9.202E-01 1.084E+00 1.713E+01 3.247E+00 1.43E-03
   36   1.5265  1.39E-02 1.852E-02 5.911E-02 2.391E-04 8.776E-03 1.905E-01 3.438E-01 9.298E-01 1.100E+00 1.714E+01 3.224E+00 1.43E-03
   37   1.5404  1.40E-02 1.858E-02 5.874E-02 2.392E-04 8.871E-03 1.908E-01 3.428E-01 9.303E-01 1.114E+00 1.714E+01 3.200E+00 1.44E-03
   38   1.5544  1.41E-02 1.862E-02 5.837E-02 2.394E-04 8.964E-03 1.911E-01 3.417E-01 9.524E-01 1.114E+00 1.714E+01 3.177E+00 1.44E-03
   39   1.5684  1.39E-02 1.866E-02 5.801E-02 2.396E-04 9.056E-03 1.914E-01 3.406E-01 9.618E-01 1.099E+00 1.714E+01 3.155E+00 1.44E-03
   40   1.5823  1.39E-02 1.870E-02 5.766E-02 2.398E-04 9.145E-03 1.916E-01 3.396E-01 9.507E-01 1.081E+00 1.714E+01 3.135E+00 1.44E-03
   41   1.5963  1.41E-02 1.872E-02 5.731E-02 2.400E-04 9.232E-03 1.917E-01 3.385E-01 9.513E-01 1.076E+00 1.713E+01 3.116E+00 1.44E-03
   42   1.6104  1.38E-02 1.874E-02 5.696E-02 2.403E-04 9.319E-03 1.918E-01 3.375E-01 9.872E-01 1.075E+00 1.713E+01 3.097E+00 1.44E-03
   43   1.6242  1.34E-02 1.875E-02 5.663E-02 2.406E-04 9.402E-03 1.919E-01 3.365E-01 1.002E+00 1.093E+00 1.712E+01 3.078E+00 1.44E-03
   44   1.6376  1.33E-02 1.876E-02 5.631E-02 2.409E-04 9.481E-03 1.920E-01 3.356E-01 9.954E-01 1.104E+00 1.711E+01 3.058E+00 1.45E-03
   45   1.6509  1.34E-02 1.876E-02 5.599E-02 2.412E-04 9.557E-03 1.920E-01 3.346E-01 9.709E-01 1.107E+00 1.709E+01 3.039E+00 1.45E-03
   46   1.6643  1.34E-02 1.875E-02 5.568E-02 2.415E-04 9.632E-03 1.919E-01 3.337E-01 9.347E-01 1.119E+00 1.708E+01 3.018E+00 1.45E-03
   47   1.6777  1.33E-02 1.874E-02 5.538E-02 2.418E-04 9.706E-03 1.919E-01 3.328E-01 8.926E-01 1.123E+00 1.706E+01 2.997E+00 1.45E-03
   48   1.6910  1.37E-02 1.872E-02 5.507E-02 2.421E-04 9.777E-03 1.918E-01 3.319E-01 8.790E-01 1.114E+00 1.704E+01 2.976E+00 1.45E-03
   49   1.7047  1.39E-02 1.869E-02 5.477E-02 2.425E-04 9.849E-03 1.917E-01 3.310E-01 8.780E-01 1.128E+00 1.702E+01 2.955E+00 1.45E-03
   50   1.7186  1.38E-02 1.867E-02 5.446E-02 2.428E-04 9.920E-03 1.916E-01 3.300E-01 8.737E-01 1.133E+00 1.700E+01 2.934E+00 1.46E-03
   51   1.7324  1.37E-02 1.863E-02 5.416E-02 2.431E-04 9.988E-03 1.915E-01 3.291E-01 8.786E-01 1.130E+00 1.697E+01 2.913E+00 1.46E-03
   52   1.7461  1.37E-02 1.860E-02 5.387E-02 2.435E-04 1.005E-02 1.913E-01 3.282E-01 8.853E-01 1.130E+00 1.695E+01 2.893E+00 1.46E-03
   53   1.7598  1.37E-02 1.856E-02 5.358E-02 2.438E-04 1.012E-02 1.911E-01 3.273E-01 8.883E-01 1.140E+00 1.692E+01 2.873E+00 1.46E-03
   54   1.7735  1.37E-02 1.851E-02 5.329E-02 2.441E-04 1.018E-02 1.909E-01 3.265E-01 8.878E-01 1.139E+00 1.689E+01 2.854E+00 1.46E-03
   55   1.7872  1.38E-02 1.847E-02 5.301E-02 2.444E-04 1.024E-02 1.907E-01 3.256E-01 8.838E-01 1.140E+00 1.686E+01 2.834E+00 1.47E-03
   56   1.8010  1.39E-02 1.842E-02 5.273E-02 2.447E-04 1.030E-02 1.904E-01 3.247E-01 8.910E-01 1.148E+00 1.683E+01 2.815E+00 1.47E-03
   57   1.8150  1.41E-02 1.836E-02 5.245E-02 2.450E-04 1.036E-02 1.901E-01 3.239E-01 8.902E-01 1.152E+00 1.679E+01 2.794E+00 1.47E-03
   58   1.8291  1.40E-02 1.830E-02 5.217E-02 2.453E-04 1.042E-02 1.898E-01 3.230E-01 9.222E-01 1.152E+00 1.676E+01 2.774E+00 1.47E-03
   59   1.8431  1.38E-02 1.824E-02 5.189E-02 2.456E-04 1.047E-02 1.895E-01 3.222E-01 9.436E-01 1.150E+00 1.672E+01 2.753E+00 1.47E-03
   60   1.8570  1.38E-02 1.817E-02 5.163E-02 2.459E-04 1.053E-02 1.892E-01 3.213E-01 9.509E-01 1.148E+00 1.668E+01 2.733E+00 1.48E-03
   61   1.8708  1.39E-02 1.811E-02 5.137E-02 2.462E-04 1.058E-02 1.889E-01 3.205E-01 9.427E-01 1.152E+00 1.664E+01 2.712E+00 1.48E-03
   62   1.8846  1.40E-02 1.804E-02 5.111E-02 2.465E-04 1.063E-02 1.885E-01 3.197E-01 9.405E-01 1.166E+00 1.660E+01 2.692E+00 1.48E-03
   63   1.8986  1.40E-02 1.797E-02 5.085E-02 2.468E-04 1.068E-02 1.882E-01 3.189E-01 9.443E-01 1.174E+00 1.656E+01 2.672E+00 1.48E-03
   64   1.9127  1.41E-02 1.789E-02 5.059E-02 2.471E-04 1.072E-02 1.878E-01 3.181E-01 9.383E-01 1.174E+00 1.652E+01 2.653E+00 1.48E-03
   65   1.9267  1.43E-02 1.781E-02 5.034E-02 2.473E-04 1.077E-02 1.874E-01 3.173E-01 9.219E-01 1.165E+00 1.647E+01 2.633E+00 1.48E-03
   66   1.9410  1.44E-02 1.773E-02 5.008E-02 2.476E-04 1.082E-02 1.870E-01 3.165E-01 8.955E-01 1.151E+00 1.642E+01 2.613E+00 1.49E-03
   67   1.9554  1.44E-02 1.765E-02 4.983E-02 2.478E-04 1.086E-02 1.866E-01 3.157E-01 8.608E-01 1.170E+00 1.638E+01 2.592E+00 1.49E-03
   68   1.9699  1.44E-02 1.756E-02 4.958E-02 2.481E-04 1.090E-02 1.861E-01 3.149E-01 8.597E-01 1.182E+00 1.633E+01 2.572E+00 1.49E-03
   69   1.9843  1.40E-02 1.748E-02 4.934E-02 2.483E-04 1.094E-02 1.857E-01 3.141E-01 8.734E-01 1.199E+00 1.628E+01 2.552E+00 1.49E-03
   70   1.9983  1.38E-02 1.739E-02 4.910E-02 2.485E-04 1.098E-02 1.852E-01 3.134E-01 8.742E-01 1.208E+00 1.623E+01 2.533E+00 1.49E-03
   71   2.0121  1.38E-02 1.730E-02 4.888E-02 2.487E-04 1.102E-02 1.848E-01 3.127E-01 8.725E-01 1.208E+00 1.618E+01 2.514E+00 1.49E-03
   72   2.0259  1.39E-02 1.721E-02 4.865E-02 2.489E-04 1.106E-02 1.843E-01 3.119E-01 9.038E-01 1.201E+00 1.613E+01 2.495E+00 1.49E-03
   73   2.0398  1.41E-02 1.712E-02 4.843E-02 2.490E-04 1.109E-02 1.839E-01 3.112E-01 9.359E-01 1.192E+00 1.608E+01 2.476E+00 1.49E-03
   74   2.0539  1.43E-02 1.703E-02 4.820E-02 2.492E-04 1.113E-02 1.834E-01 3.105E-01 9.665E-01 1.183E+00 1.602E+01 2.457E+00 1.50E-03
   75   2.0682  1.44E-02 1.694E-02 4.798E-02 2.494E-04 1.116E-02 1.829E-01 3.098E-01 9.919E-01 1.189E+00 1.597E+01 2.438E+00 1.50E-03
   76   2.0825  1.43E-02 1.684E-02 4.776E-02 2.495E-04 1.120E-02 1.824E-01 3.091E-01 1.008E+00 1.193E+00 1.592E+01 2.418E+00 1.50E-03
   77   2.0968  1.40E-02 1.674E-02 4.754E-02 2.497E-04 1.123E-02 1.819E-01 3.083E-01 1.013E+00 1.191E+00 1.586E+01 2.399E+00 1.50E-03
   78   2.1109  1.39E-02 1.665E-02 4.733E-02 2.499E-04 1.126E-02 1.814E-01 3.077E-01 1.008E+00 1.193E+00 1.580E+01 2.381E+00 1.50E-03
   79   2.1247  1.39E-02 1.655E-02 4.712E-02 2.500E-04 1.129E-02 1.809E-01 3.070E-01 9.947E-01 1.196E+00 1.575E+01 2.363E+00 1.50E-03
   80   2.1386  1.40E-02 1.645E-02 4.692E-02 2.501E-04 1.132E-02 1.803E-01 3.063E-01 9.751E-01 1.198E+00 1.569E+01 2.344E+00 1.50E-03
   81   2.1526  1.42E-02 1.635E-02 4.671E-02 2.503E-04 1.135E-02 1.798E-01 3.057E-01 9.481E-01 1.199E+00 1.564E+01 2.326E+00 1.50E-03
   82   2.1668  1.43E-02 1.625E-02 4.651E-02 2.504E-04 1.138E-02 1.793E-01 3.050E-01 9.096E-01 1.199E+00 1.558E+01 2.308E+00 1.50E-03
   83   2.1810  1.42E-02 1.615E-02 4.631E-02 2.505E-04 1.140E-02 1.788E-01 3.043E-01 8.889E-01 1.209E+00 1.552E+01 2.289E+00 1.50E-03
   84   2.1952  1.41E-02 1.605E-02 4.611E-02 2.507E-04 1.143E-02 1.782E-01 3.037E-01 9.143E-01 1.211E+00 1.546E+01 2.271E+00 1.50E-03
   85   2.2093  1.40E-02 1.595E-02 4.591E-02 2.508E-04 1.146E-02 1.777E-01 3.030E-01 9.261E-01 1.208E+00 1.540E+01 2.253E+00 1.50E-03
   86   2.2233  1.39E-02 1.585E-02 4.572E-02 2.509E-04 1.148E-02 1.771E-01 3.024E-01 9.224E-01 1.208E+00 1.535E+01 2.236E+00 1.51E-03
   87   2.2372  1.38E-02 1.575E-02 4.553E-02 2.510E-04 1.151E-02 1.766E-01 3.018E-01 9.025E-01 1.216E+00 1.529E+01 2.219E+00 1.51E-03
   88   2.2510  1.37E-02 1.565E-02 4.535E-02 2.511E-04 1.153E-02 1.760E-01 3.012E-01 8.841E-01 1.218E+00 1.523E+01 2.202E+00 1.51E-03
   89   2.2647  1.37E-02 1.556E-02 4.517E-02 2.511E-04 1.155E-02 1.755E-01 3.006E-01 9.081E-01 1.212E+00 1.517E+01 2.185E+00 1.51E-03
   90   2.2784  1.37E-02 1.546E-02 4.499E-02 2.512E-04 1.157E-02 1.750E-01 3.000E-01 9.105E-01 1.208E+00 1.511E+01 2.169E+00 1.51E-03
   91   2.2921  1.37E-02 1.536E-02 4.481E-02 2.513E-04 1.159E-02 1.744E-01 2.994E-01 8.899E-01 1.210E+00 1.505E+01 2.153E+00 1.51E-03
   92   2.3058  1.38E-02 1.526E-02 4.463E-02 2.514E-04 1.161E-02 1.739E-01 2.988E-01 8.642E-01 1.217E+00 1.500E+01 2.136E+00 1.51E-03
   93   2.3196  1.37E-02 1.516E-02 4.446E-02 2.515E-04 1.163E-02 1.733E-01 2.982E-01 8.678E-01 1.238E+00 1.494E+01 2.120E+00 1.51E-03
   94   2.3333  1.35E-02 1.506E-02 4.428E-02 2.516E-04 1.165E-02 1.728E-01 2.976E-01 8.657E-01 1.255E+00 1.488E+01 2.103E+00 1.51E-03
   95   2.3468  1.35E-02 1.497E-02 4.411E-02 2.517E-04 1.167E-02 1.722E-01 2.970E-01 8.601E-01 1.263E+00 1.482E+01 2.087E+00 1.51E-03
   96   2.3603  1.36E-02 1.487E-02 4.395E-02 2.518E-04 1.169E-02 1.717E-01 2.965E-01 8.528E-01 1.261E+00 1.476E+01 2.072E+00 1.51E-03
   97   2.3739  1.38E-02 1.477E-02 4.378E-02 2.518E-04 1.171E-02 1.711E-01 2.959E-01 8.446E-01 1.258E+00 1.470E+01 2.056E+00 1.51E-03
   98   2.3877  1.41E-02 1.467E-02 4.361E-02 2.519E-04 1.172E-02 1.706E-01 2.953E-01 8.355E-01 1.263E+00 1.464E+01 2.040E+00 1.51E-03
   99   2.4018  1.45E-02 1.457E-02 4.344E-02 2.520E-04 1.174E-02 1.700E-01 2.948E-01 8.247E-01 1.266E+00 1.458E+01 2.024E+00 1.51E-03
  100   2.4163  1.45E-02 1.447E-02 4.327E-02 2.521E-04 1.176E-02 1.694E-01 2.942E-01 8.409E-01 1.271E+00 1.451E+01 2.008E+00 1.51E-03
  101   2.4308  1.45E-02 1.437E-02 4.309E-02 2.522E-04 1.178E-02 1.688E-01 2.936E-01 8.637E-01 1.279E+00 1.445E+01 1.991E+00 1.51E-03
  102   2.4453  1.44E-02 1.427E-02 4.292E-02 2.522E-04 1.179E-02 1.683E-01 2.930E-01 8.801E-01 1.289E+00 1.439E+01 1.975E+00 1.51E-03
  103   2.4597  1.42E-02 1.417E-02 4.275E-02 2.524E-04 1.181E-02 1.677E-01 2.924E-01 8.863E-01 1.298E+00 1.432E+01 1.959E+00 1.51E-03
  104   2.4740  1.41E-02 1.407E-02 4.259E-02 2.525E-04 1.182E-02 1.671E-01 2.919E-01 8.800E-01 1.302E+00 1.426E+01 1.943E+00 1.51E-03
  105   2.4880  1.39E-02 1.397E-02 4.243E-02 2.526E-04 1.184E-02 1.665E-01 2.913E-01 8.610E-01 1.301E+00 1.420E+01 1.928E+00 1.52E-03
  106   2.5020  1.39E-02 1.387E-02 4.227E-02 2.527E-04 1.185E-02 1.660E-01 2.908E-01 8.490E-01 1.298E+00 1.413E+01 1.913E+00 1.52E-03
  107   2.5158  1.38E-02 1.378E-02 4.211E-02 2.528E-04 1.186E-02 1.654E-01 2.902E-01 8.767E-01 1.296E+00 1.407E+01 1.898E+00 1.52E-03
  108   2.5297  1.38E-02 1.368E-02 4.196E-02 2.529E-04 1.188E-02 1.648E-01 2.897E-01 8.996E-01 1.297E+00 1.401E+01 1.884E+00 1.52E-03
  109   2.5434  1.38E-02 1.359E-02 4.180E-02 2.530E-04 1.189E-02 1.643E-01 2.891E-01 9.170E-01 1.299E+00 1.395E+01 1.869E+00 1.52E-03
  110   2.5572  1.38E-02 1.350E-02 4.165E-02 2.531E-04 1.190E-02 1.637E-01 2.886E-01 9.281E-01 1.301E+00 1.389E+01 1.855E+00 1.52E-03
  111   2.5710  1.38E-02 1.340E-02 4.150E-02 2.532E-04 1.191E-02 1.632E-01 2.881E-01 9.322E-01 1.301E+00 1.383E+01 1.841E+00 1.52E-03
  112   2.5848  1.39E-02 1.331E-02 4.135E-02 2.532E-04 1.193E-02 1.626E-01 2.876E-01 9.284E-01 1.299E+00 1.377E+01 1.827E+00 1.52E-03
  113   2.5988  1.40E-02 1.322E-02 4.120E-02 2.532E-04 1.194E-02 1.621E-01 2.871E-01 9.159E-01 1.295E+00 1.370E+01 1.812E+00 1.52E-03
  114   2.6128  1.42E-02 1.312E-02 4.105E-02 2.533E-04 1.195E-02 1.615E-01 2.865E-01 9.027E-01 1.289E+00 1.364E+01 1.798E+00 1.52E-03
  115   2.6269  1.43E-02 1.303E-02 4.090E-02 2.533E-04 1.196E-02 1.609E-01 2.860E-01 9.036E-01 1.280E+00 1.358E+01 1.784E+00 1.52E-03
  116   2.6413  1.43E-02 1.294E-02 4.075E-02 2.533E-04 1.197E-02 1.604E-01 2.855E-01 8.906E-01 1.269E+00 1.352E+01 1.770E+00 1.52E-03
  117   2.6556  1.43E-02 1.284E-02 4.060E-02 2.533E-04 1.198E-02 1.598E-01 2.849E-01 8.645E-01 1.257E+00 1.345E+01 1.756E+00 1.52E-03
  118   2.6699  1.43E-02 1.275E-02 4.045E-02 2.534E-04 1.199E-02 1.592E-01 2.844E-01 8.518E-01 1.247E+00 1.339E+01 1.742E+00 1.52E-03
  119   2.6841  1.42E-02 1.266E-02 4.030E-02 2.534E-04 1.200E-02 1.587E-01 2.839E-01 8.416E-01 1.239E+00 1.333E+01 1.728E+00 1.52E-03
  120   2.6984  1.42E-02 1.257E-02 4.016E-02 2.534E-04 1.201E-02 1.581E-01 2.834E-01 8.252E-01 1.241E+00 1.326E+01 1.714E+00 1.52E-03
  121   2.7125  1.40E-02 1.248E-02 4.001E-02 2.535E-04 1.202E-02 1.575E-01 2.829E-01 8.037E-01 1.238E+00 1.320E+01 1.701E+00 1.52E-03
  122   2.7266  1.39E-02 1.239E-02 3.987E-02 2.535E-04 1.203E-02 1.570E-01 2.824E-01 7.813E-01 1.248E+00 1.314E+01 1.688E+00 1.52E-03
  123   2.7405  1.38E-02 1.231E-02 3.973E-02 2.536E-04 1.204E-02 1.565E-01 2.819E-01 7.710E-01 1.261E+00 1.308E+01 1.675E+00 1.52E-03
  124   2.7543  1.38E-02 1.222E-02 3.959E-02 2.536E-04 1.205E-02 1.559E-01 2.814E-01 7.715E-01 1.269E+00 1.302E+01 1.662E+00 1.52E-03
  125   2.7681  1.39E-02 1.214E-02 3.946E-02 2.537E-04 1.206E-02 1.554E-01 2.809E-01 7.688E-01 1.271E+00 1.296E+01 1.650E+00 1.52E-03
  126   2.7819  1.40E-02 1.205E-02 3.932E-02 2.538E-04 1.207E-02 1.549E-01 2.804E-01 7.627E-01 1.265E+00 1.290E+01 1.637E+00 1.52E-03
  127   2.7960  1.42E-02 1.197E-02 3.918E-02 2.538E-04 1.207E-02 1.543E-01 2.799E-01 7.636E-01 1.254E+00 1.284E+01 1.624E+00 1.52E-03
  128   2.8102  1.42E-02 1.188E-02 3.905E-02 2.539E-04 1.208E-02 1.538E-01 2.795E-01 7.711E-01 1.241E+00 1.277E+01 1.612E+00 1.52E-03
  129   2.8244  1.43E-02 1.180E-02 3.891E-02 2.539E-04 1.209E-02 1.532E-01 2.790E-01 7.689E-01 1.247E+00 1.271E+01 1.599E+00 1.52E-03
  130   2.8387  1.44E-02 1.171E-02 3.877E-02 2.539E-04 1.210E-02 1.527E-01 2.785E-01 7.599E-01 1.248E+00 1.265E+01 1.586E+00 1.52E-03
  131   2.8531  1.45E-02 1.163E-02 3.864E-02 2.540E-04 1.211E-02 1.521E-01 2.780E-01 7.469E-01 1.245E+00 1.259E+01 1.574E+00 1.52E-03
  132   2.8676  1.46E-02 1.154E-02 3.850E-02 2.540E-04 1.211E-02 1.516E-01 2.775E-01 7.448E-01 1.246E+00 1.252E+01 1.561E+00 1.52E-03
  133   2.8823  1.46E-02 1.146E-02 3.836E-02 2.540E-04 1.212E-02 1.510E-01 2.770E-01 7.509E-01 1.245E+00 1.246E+01 1.549E+00 1.52E-03
  134   2.8969  1.45E-02 1.137E-02 3.823E-02 2.540E-04 1.213E-02 1.505E-01 2.765E-01 7.488E-01 1.251E+00 1.240E+01 1.537E+00 1.52E-03
  135   2.9114  1.46E-02 1.129E-02 3.809E-02 2.540E-04 1.214E-02 1.500E-01 2.760E-01 7.396E-01 1.260E+00 1.234E+01 1.524E+00 1.52E-03
  136   2.9259  1.46E-02 1.121E-02 3.796E-02 2.540E-04 1.214E-02 1.494E-01 2.755E-01 7.317E-01 1.272E+00 1.228E+01 1.512E+00 1.52E-03
  137   2.9406  1.46E-02 1.113E-02 3.783E-02 2.540E-04 1.215E-02 1.489E-01 2.751E-01 7.282E-01 1.287E+00 1.221E+01 1.500E+00 1.52E-03
  138   2.9551  1.44E-02 1.105E-02 3.770E-02 2.541E-04 1.216E-02 1.483E-01 2.746E-01 7.351E-01 1.302E+00 1.215E+01 1.488E+00 1.52E-03
  139   2.9695  1.43E-02 1.097E-02 3.757E-02 2.541E-04 1.216E-02 1.478E-01 2.741E-01 7.430E-01 1.315E+00 1.209E+01 1.477E+00 1.52E-03
  140   2.9838  1.42E-02 1.089E-02 3.744E-02 2.541E-04 1.217E-02 1.473E-01 2.736E-01 7.471E-01 1.328E+00 1.203E+01 1.465E+00 1.52E-03
  141   2.9980  1.41E-02 1.081E-02 3.732E-02 2.542E-04 1.217E-02 1.468E-01 2.732E-01 7.472E-01 1.339E+00 1.197E+01 1.454E+00 1.53E-03
  142   3.0121  1.40E-02 1.074E-02 3.719E-02 2.542E-04 1.218E-02 1.463E-01 2.727E-01 7.434E-01 1.347E+00 1.191E+01 1.443E+00 1.53E-03
  143   3.0261  1.39E-02 1.066E-02 3.707E-02 2.542E-04 1.219E-02 1.458E-01 2.723E-01 7.359E-01 1.354E+00 1.185E+01 1.433E+00 1.53E-03
  144   3.0400  1.38E-02 1.059E-02 3.695E-02 2.543E-04 1.219E-02 1.453E-01 2.718E-01 7.253E-01 1.357E+00 1.180E+01 1.422E+00 1.53E-03
  145   3.0538  1.37E-02 1.052E-02 3.683E-02 2.543E-04 1.220E-02 1.448E-01 2.714E-01 7.272E-01 1.356E+00 1.174E+01 1.411E+00 1.53E-03
  146   3.0675  1.37E-02 1.045E-02 3.671E-02 2.543E-04 1.220E-02 1.443E-01 2.710E-01 7.335E-01 1.352E+00 1.168E+01 1.401E+00 1.53E-03
  147   3.0813  1.37E-02 1.038E-02 3.660E-02 2.544E-04 1.221E-02 1.438E-01 2.705E-01 7.346E-01 1.346E+00 1.163E+01 1.391E+00 1.53E-03
  148   3.0950  1.38E-02 1.031E-02 3.648E-02 2.544E-04 1.221E-02 1.434E-01 2.701E-01 7.319E-01 1.340E+00 1.157E+01 1.381E+00 1.53E-03
  149   3.1088  1.39E-02 1.024E-02 3.637E-02 2.544E-04 1.222E-02 1.429E-01 2.697E-01 7.361E-01 1.334E+00 1.151E+01 1.371E+00 1.53E-03
  150   3.1227  1.40E-02 1.017E-02 3.625E-02 2.545E-04 1.222E-02 1.424E-01 2.693E-01 7.284E-01 1.329E+00 1.146E+01 1.361E+00 1.53E-03
  151   3.1367  1.41E-02 1.010E-02 3.614E-02 2.545E-04 1.223E-02 1.419E-01 2.688E-01 7.292E-01 1.327E+00 1.140E+01 1.351E+00 1.53E-03
  152   3.1508  1.43E-02 1.003E-02 3.602E-02 2.545E-04 1.223E-02 1.414E-01 2.684E-01 7.253E-01 1.328E+00 1.134E+01 1.341E+00 1.53E-03
  153   3.1651  1.43E-02 9.964E-03 3.590E-02 2.545E-04 1.224E-02 1.410E-01 2.680E-01 7.158E-01 1.333E+00 1.129E+01 1.331E+00 1.53E-03
  154   3.1794  1.41E-02 9.895E-03 3.579E-02 2.546E-04 1.224E-02 1.405E-01 2.675E-01 7.124E-01 1.340E+00 1.123E+01 1.321E+00 1.53E-03
  155   3.1935  1.39E-02 9.827E-03 3.567E-02 2.546E-04 1.225E-02 1.400E-01 2.671E-01 7.371E-01 1.348E+00 1.117E+01 1.311E+00 1.53E-03
  156   3.2075  1.37E-02 9.762E-03 3.556E-02 2.546E-04 1.225E-02 1.395E-01 2.667E-01 7.478E-01 1.356E+00 1.112E+01 1.302E+00 1.53E-03
  157   3.2212  1.35E-02 9.698E-03 3.545E-02 2.546E-04 1.225E-02 1.391E-01 2.663E-01 7.401E-01 1.361E+00 1.107E+01 1.292E+00 1.53E-03
  158   3.2346  1.32E-02 9.635E-03 3.535E-02 2.547E-04 1.226E-02 1.386E-01 2.659E-01 7.126E-01 1.365E+00 1.101E+01 1.284E+00 1.53E-03
  159   3.2479  1.30E-02 9.575E-03 3.524E-02 2.547E-04 1.226E-02 1.382E-01 2.655E-01 7.088E-01 1.365E+00 1.096E+01 1.275E+00 1.53E-03
  160   3.2608  1.28E-02 9.516E-03 3.514E-02 2.547E-04 1.227E-02 1.378E-01 2.651E-01 7.362E-01 1.362E+00 1.091E+01 1.267E+00 1.53E-03
  161   3.2736  1.26E-02 9.458E-03 3.504E-02 2.547E-04 1.227E-02 1.374E-01 2.647E-01 7.539E-01 1.356E+00 1.086E+01 1.258E+00 1.53E-03
  162   3.2862  1.24E-02 9.402E-03 3.495E-02 2.548E-04 1.227E-02 1.370E-01 2.644E-01 7.607E-01 1.349E+00 1.081E+01 1.250E+00 1.53E-03
  163   3.2986  1.23E-02 9.347E-03 3.485E-02 2.548E-04 1.228E-02 1.366E-01 2.640E-01 7.573E-01 1.340E+00 1.077E+01 1.243E+00 1.53E-03
  164   3.3109  1.22E-02 9.293E-03 3.476E-02 2.548E-04 1.228E-02 1.362E-01 2.637E-01 7.456E-01 1.330E+00 1.072E+01 1.235E+00 1.53E-03
  165   3.3230  1.21E-02 9.240E-03 3.467E-02 2.548E-04 1.229E-02 1.358E-01 2.633E-01 7.555E-01 1.318E+00 1.067E+01 1.228E+00 1.53E-03
  166   3.3351  1.20E-02 9.188E-03 3.458E-02 2.548E-04 1.229E-02 1.354E-01 2.630E-01 7.604E-01 1.307E+00 1.063E+01 1.220E+00 1.53E-03
  167   3.3471  1.20E-02 9.136E-03 3.449E-02 2.548E-04 1.229E-02 1.350E-01 2.626E-01 7.581E-01 1.296E+00 1.058E+01 1.213E+00 1.53E-03
  168   3.3590  1.20E-02 9.085E-03 3.440E-02 2.548E-04 1.230E-02 1.347E-01 2.623E-01 7.489E-01 1.287E+00 1.054E+01 1.206E+00 1.53E-03
  169   3.3710  1.20E-02 9.034E-03 3.431E-02 2.548E-04 1.230E-02 1.343E-01 2.620E-01 7.336E-01 1.283E+00 1.049E+01 1.199E+00 1.53E-03
  170   3.3830  1.21E-02 8.984E-03 3.422E-02 2.548E-04 1.230E-02 1.339E-01 2.616E-01 7.129E-01 1.282E+00 1.045E+01 1.192E+00 1.53E-03
  171   3.3952  1.23E-02 8.933E-03 3.413E-02 2.548E-04 1.231E-02 1.335E-01 2.613E-01 6.954E-01 1.281E+00 1.040E+01 1.185E+00 1.53E-03
  172   3.4074  1.25E-02 8.882E-03 3.404E-02 2.547E-04 1.231E-02 1.332E-01 2.609E-01 6.975E-01 1.279E+00 1.036E+01 1.178E+00 1.53E-03
  173   3.4200  1.28E-02 8.831E-03 3.395E-02 2.547E-04 1.231E-02 1.328E-01 2.606E-01 7.163E-01 1.275E+00 1.031E+01 1.170E+00 1.53E-03
  174   3.4328  1.32E-02 8.779E-03 3.386E-02 2.547E-04 1.232E-02 1.324E-01 2.602E-01 7.372E-01 1.271E+00 1.026E+01 1.163E+00 1.53E-03
  175   3.4461  1.37E-02 8.725E-03 3.377E-02 2.547E-04 1.232E-02 1.320E-01 2.599E-01 7.509E-01 1.265E+00 1.022E+01 1.155E+00 1.53E-03
  176   3.4598  1.42E-02 8.670E-03 3.367E-02 2.547E-04 1.233E-02 1.316E-01 2.595E-01 7.551E-01 1.257E+00 1.017E+01 1.147E+00 1.53E-03
  177   3.4740  1.42E-02 8.614E-03 3.357E-02 2.547E-04 1.233E-02 1.311E-01 2.591E-01 7.483E-01 1.247E+00 1.011E+01 1.139E+00 1.53E-03
  178   3.4881  1.42E-02 8.558E-03 3.347E-02 2.546E-04 1.233E-02 1.307E-01 2.587E-01 7.314E-01 1.233E+00 1.006E+01 1.131E+00 1.53E-03
  179   3.5023  1.42E-02 8.503E-03 3.337E-02 2.546E-04 1.234E-02 1.303E-01 2.583E-01 7.062E-01 1.223E+00 1.001E+01 1.123E+00 1.53E-03
  180   3.5166  1.43E-02 8.448E-03 3.327E-02 2.546E-04 1.234E-02 1.299E-01 2.580E-01 6.882E-01 1.223E+00 9.963E+00 1.115E+00 1.53E-03
  181   3.5309  1.44E-02 8.393E-03 3.317E-02 2.546E-04 1.234E-02 1.295E-01 2.576E-01 6.946E-01 1.221E+00 9.912E+00 1.107E+00 1.53E-03
  182   3.5452  1.45E-02 8.338E-03 3.308E-02 2.546E-04 1.235E-02 1.290E-01 2.572E-01 7.062E-01 1.218E+00 9.861E+00 1.100E+00 1.53E-03
  183   3.5597  1.47E-02 8.284E-03 3.298E-02 2.547E-04 1.235E-02 1.286E-01 2.568E-01 7.141E-01 1.213E+00 9.811E+00 1.092E+00 1.53E-03
  184   3.5744  1.48E-02 8.229E-03 3.288E-02 2.547E-04 1.235E-02 1.282E-01 2.564E-01 7.118E-01 1.208E+00 9.760E+00 1.084E+00 1.53E-03
  185   3.5892  1.49E-02 8.175E-03 3.278E-02 2.547E-04 1.236E-02 1.278E-01 2.560E-01 6.988E-01 1.201E+00 9.709E+00 1.076E+00 1.53E-03
  186   3.6041  1.51E-02 8.120E-03 3.268E-02 2.547E-04 1.236E-02 1.274E-01 2.557E-01 6.760E-01 1.194E+00 9.658E+00 1.068E+00 1.53E-03
  187   3.6192  1.54E-02 8.066E-03 3.258E-02 2.547E-04 1.237E-02 1.269E-01 2.553E-01 6.677E-01 1.186E+00 9.606E+00 1.060E+00 1.53E-03
  188   3.6347  1.57E-02 8.010E-03 3.248E-02 2.547E-04 1.237E-02 1.265E-01 2.549E-01 6.707E-01 1.178E+00 9.554E+00 1.052E+00 1.53E-03
  189   3.6504  1.58E-02 7.955E-03 3.238E-02 2.547E-04 1.237E-02 1.261E-01 2.545E-01 6.622E-01 1.170E+00 9.500E+00 1.043E+00 1.53E-03
  190   3.6663  1.58E-02 7.899E-03 3.227E-02 2.547E-04 1.238E-02 1.256E-01 2.541E-01 6.427E-01 1.162E+00 9.447E+00 1.035E+00 1.53E-03
  191   3.6821  1.56E-02 7.844E-03 3.217E-02 2.547E-04 1.238E-02 1.252E-01 2.537E-01 6.268E-01 1.155E+00 9.395E+00 1.027E+00 1.53E-03
  192   3.6977  1.54E-02 7.791E-03 3.207E-02 2.547E-04 1.238E-02 1.248E-01 2.533E-01 6.294E-01 1.149E+00 9.343E+00 1.019E+00 1.53E-03
  193   3.7131  1.53E-02 7.738E-03 3.197E-02 2.546E-04 1.239E-02 1.244E-01 2.529E-01 6.351E-01 1.143E+00 9.292E+00 1.012E+00 1.53E-03
  194   3.7284  1.52E-02 7.687E-03 3.188E-02 2.546E-04 1.239E-02 1.239E-01 2.525E-01 6.459E-01 1.138E+00 9.243E+00 1.004E+00 1.53E-03
  195   3.7436  1.52E-02 7.637E-03 3.178E-02 2.546E-04 1.239E-02 1.235E-01 2.521E-01 6.498E-01 1.134E+00 9.194E+00 9.968E-01 1.53E-03
  196   3.7588  1.53E-02 7.587E-03 3.169E-02 2.546E-04 1.240E-02 1.231E-01 2.517E-01 6.470E-01 1.131E+00 9.145E+00 9.895E-01 1.53E-03
  197   3.7742  1.55E-02 7.537E-03 3.159E-02 2.546E-04 1.240E-02 1.227E-01 2.514E-01 6.384E-01 1.128E+00 9.096E+00 9.822E-01 1.53E-03
  198   3.7896  1.57E-02 7.487E-03 3.150E-02 2.546E-04 1.240E-02 1.223E-01 2.510E-01 6.261E-01 1.126E+00 9.046E+00 9.749E-01 1.53E-03
  199   3.8054  1.59E-02 7.436E-03 3.140E-02 2.546E-04 1.240E-02 1.219E-01 2.506E-01 6.246E-01 1.126E+00 8.997E+00 9.676E-01 1.53E-03
  200   3.8213  1.59E-02 7.386E-03 3.131E-02 2.546E-04 1.241E-02 1.215E-01 2.502E-01 6.317E-01 1.125E+00 8.947E+00 9.602E-01 1.53E-03
  201   3.8372  1.58E-02 7.336E-03 3.121E-02 2.546E-04 1.241E-02 1.211E-01 2.498E-01 6.404E-01 1.125E+00 8.897E+00 9.529E-01 1.53E-03
  202   3.8530  1.58E-02 7.287E-03 3.112E-02 2.546E-04 1.241E-02 1.207E-01 2.495E-01 6.502E-01 1.123E+00 8.848E+00 9.457E-01 1.53E-03
  203   3.8688  1.58E-02 7.239E-03 3.102E-02 2.547E-04 1.241E-02 1.203E-01 2.491E-01 6.580E-01 1.120E+00 8.799E+00 9.386E-01 1.53E-03
  204   3.8847  1.59E-02 7.191E-03 3.093E-02 2.547E-04 1.242E-02 1.199E-01 2.487E-01 6.635E-01 1.115E+00 8.751E+00 9.316E-01 1.53E-03
  205   3.9006  1.59E-02 7.143E-03 3.084E-02 2.547E-04 1.242E-02 1.195E-01 2.484E-01 6.664E-01 1.111E+00 8.703E+00 9.246E-01 1.53E-03
  206   3.9165  1.60E-02 7.095E-03 3.075E-02 2.548E-04 1.242E-02 1.191E-01 2.480E-01 6.865E-01 1.108E+00 8.654E+00 9.177E-01 1.53E-03
  207   3.9325  1.61E-02 7.048E-03 3.066E-02 2.548E-04 1.242E-02 1.187E-01 2.476E-01 7.204E-01 1.103E+00 8.607E+00 9.107E-01 1.53E-03
  208   3.9485  1.62E-02 7.001E-03 3.056E-02 2.549E-04 1.243E-02 1.183E-01 2.472E-01 7.437E-01 1.102E+00 8.559E+00 9.038E-01 1.53E-03
  209   3.9647  1.62E-02 6.954E-03 3.047E-02 2.549E-04 1.243E-02 1.179E-01 2.469E-01 7.521E-01 1.103E+00 8.511E+00 8.969E-01 1.53E-03
  210   3.9809  1.61E-02 6.908E-03 3.038E-02 2.549E-04 1.243E-02 1.175E-01 2.465E-01 7.430E-01 1.102E+00 8.463E+00 8.901E-01 1.53E-03
  211   3.9971  1.62E-02 6.862E-03 3.029E-02 2.549E-04 1.243E-02 1.171E-01 2.461E-01 7.153E-01 1.096E+00 8.416E+00 8.834E-01 1.53E-03
  212   4.0132  1.62E-02 6.817E-03 3.020E-02 2.549E-04 1.244E-02 1.168E-01 2.458E-01 6.720E-01 1.106E+00 8.369E+00 8.768E-01 1.53E-03
  213   4.0294  1.61E-02 6.772E-03 3.011E-02 2.549E-04 1.244E-02 1.164E-01 2.454E-01 6.425E-01 1.113E+00 8.323E+00 8.704E-01 1.53E-03
  214   4.0455  1.60E-02 6.728E-03 3.002E-02 2.549E-04 1.244E-02 1.160E-01 2.450E-01 6.483E-01 1.113E+00 8.277E+00 8.640E-01 1.53E-03
  215   4.0614  1.59E-02 6.685E-03 2.994E-02 2.549E-04 1.244E-02 1.156E-01 2.447E-01 6.557E-01 1.111E+00 8.232E+00 8.578E-01 1.53E-03
  216   4.0773  1.59E-02 6.642E-03 2.985E-02 2.549E-04 1.244E-02 1.153E-01 2.443E-01 6.518E-01 1.108E+00 8.187E+00 8.516E-01 1.53E-03
  217   4.0932  1.59E-02 6.600E-03 2.977E-02 2.549E-04 1.245E-02 1.149E-01 2.440E-01 6.359E-01 1.107E+00 8.142E+00 8.455E-01 1.53E-03
  218   4.1091  1.59E-02 6.558E-03 2.968E-02 2.548E-04 1.245E-02 1.145E-01 2.436E-01 6.089E-01 1.108E+00 8.098E+00 8.395E-01 1.53E-03
  219   4.1250  1.59E-02 6.517E-03 2.960E-02 2.548E-04 1.245E-02 1.142E-01 2.433E-01 6.052E-01 1.109E+00 8.055E+00 8.335E-01 1.53E-03
  220   4.1409  1.59E-02 6.475E-03 2.951E-02 2.548E-04 1.245E-02 1.138E-01 2.430E-01 6.084E-01 1.111E+00 8.011E+00 8.275E-01 1.53E-03
  221   4.1568  1.56E-02 6.435E-03 2.943E-02 2.548E-04 1.245E-02 1.135E-01 2.426E-01 6.096E-01 1.119E+00 7.968E+00 8.216E-01 1.53E-03
  222   4.1725  1.54E-02 6.395E-03 2.935E-02 2.548E-04 1.246E-02 1.131E-01 2.423E-01 6.088E-01 1.129E+00 7.926E+00 8.158E-01 1.53E-03
  223   4.1879  1.53E-02 6.356E-03 2.927E-02 2.548E-04 1.246E-02 1.128E-01 2.420E-01 6.058E-01 1.139E+00 7.884E+00 8.103E-01 1.53E-03
  224   4.2032  1.52E-02 6.318E-03 2.919E-02 2.548E-04 1.246E-02 1.124E-01 2.416E-01 6.009E-01 1.147E+00 7.844E+00 8.048E-01 1.53E-03
  225   4.2184  1.51E-02 6.281E-03 2.912E-02 2.548E-04 1.246E-02 1.121E-01 2.413E-01 5.942E-01 1.151E+00 7.803E+00 7.995E-01 1.53E-03
  226   4.2334  1.50E-02 6.244E-03 2.904E-02 2.547E-04 1.246E-02 1.118E-01 2.410E-01 5.861E-01 1.152E+00 7.764E+00 7.943E-01 1.53E-03
  227   4.2485  1.50E-02 6.208E-03 2.897E-02 2.547E-04 1.246E-02 1.114E-01 2.407E-01 5.901E-01 1.150E+00 7.725E+00 7.892E-01 1.53E-03
  228   4.2635  1.50E-02 6.172E-03 2.889E-02 2.547E-04 1.247E-02 1.111E-01 2.404E-01 5.982E-01 1.146E+00 7.686E+00 7.842E-01 1.53E-03
  229   4.2785  1.51E-02 6.136E-03 2.882E-02 2.547E-04 1.247E-02 1.108E-01 2.401E-01 6.006E-01 1.141E+00 7.647E+00 7.792E-01 1.53E-03
  230   4.2936  1.52E-02 6.101E-03 2.874E-02 2.547E-04 1.247E-02 1.105E-01 2.398E-01 6.007E-01 1.136E+00 7.609E+00 7.742E-01 1.53E-03
  231   4.3088  1.54E-02 6.066E-03 2.867E-02 2.547E-04 1.247E-02 1.102E-01 2.395E-01 6.023E-01 1.130E+00 7.570E+00 7.692E-01 1.53E-03
  232   4.3242  1.56E-02 6.030E-03 2.859E-02 2.547E-04 1.247E-02 1.098E-01 2.391E-01 6.012E-01 1.124E+00 7.531E+00 7.642E-01 1.53E-03
  233   4.3398  1.54E-02 5.995E-03 2.852E-02 2.547E-04 1.247E-02 1.095E-01 2.388E-01 5.979E-01 1.117E+00 7.492E+00 7.592E-01 1.53E-03
  234   4.3552  1.52E-02 5.960E-03 2.845E-02 2.546E-04 1.247E-02 1.092E-01 2.385E-01 5.978E-01 1.109E+00 7.454E+00 7.543E-01 1.53E-03
  235   4.3704  1.51E-02 5.926E-03 2.837E-02 2.546E-04 1.247E-02 1.089E-01 2.382E-01 5.978E-01 1.114E+00 7.416E+00 7.496E-01 1.53E-03
  236   4.3855  1.50E-02 5.893E-03 2.830E-02 2.546E-04 1.247E-02 1.086E-01 2.379E-01 5.991E-01 1.120E+00 7.379E+00 7.449E-01 1.53E-03
  237   4.4005  1.50E-02 5.860E-03 2.823E-02 2.546E-04 1.248E-02 1.083E-01 2.376E-01 5.823E-01 1.123E+00 7.343E+00 7.402E-01 1.53E-03
  238   4.4155  1.51E-02 5.827E-03 2.816E-02 2.546E-04 1.248E-02 1.080E-01 2.373E-01 5.629E-01 1.128E+00 7.306E+00 7.356E-01 1.53E-03
  239   4.4306  1.52E-02 5.794E-03 2.809E-02 2.546E-04 1.248E-02 1.077E-01 2.370E-01 5.639E-01 1.133E+00 7.270E+00 7.310E-01 1.53E-03
  240   4.4458  1.52E-02 5.762E-03 2.802E-02 2.546E-04 1.248E-02 1.074E-01 2.367E-01 5.711E-01 1.136E+00 7.234E+00 7.265E-01 1.53E-03
  241   4.4609  1.51E-02 5.730E-03 2.795E-02 2.546E-04 1.248E-02 1.071E-01 2.364E-01 5.765E-01 1.137E+00 7.198E+00 7.219E-01 1.53E-03
  242   4.4761  1.52E-02 5.698E-03 2.788E-02 2.546E-04 1.248E-02 1.068E-01 2.362E-01 5.800E-01 1.135E+00 7.162E+00 7.175E-01 1.53E-03
  243   4.4912  1.52E-02 5.666E-03 2.782E-02 2.547E-04 1.248E-02 1.065E-01 2.359E-01 5.816E-01 1.131E+00 7.126E+00 7.131E-01 1.53E-03
  244   4.5065  1.54E-02 5.634E-03 2.775E-02 2.547E-04 1.248E-02 1.062E-01 2.356E-01 5.810E-01 1.126E+00 7.091E+00 7.087E-01 1.53E-03
  245   4.5218  1.52E-02 5.603E-03 2.768E-02 2.548E-04 1.248E-02 1.059E-01 2.353E-01 5.778E-01 1.120E+00 7.055E+00 7.043E-01 1.53E-03
  246   4.5371  1.51E-02 5.572E-03 2.761E-02 2.548E-04 1.248E-02 1.056E-01 2.350E-01 5.742E-01 1.113E+00 7.020E+00 6.999E-01 1.53E-03
  247   4.5521  1.50E-02 5.542E-03 2.754E-02 2.549E-04 1.248E-02 1.053E-01 2.347E-01 5.814E-01 1.105E+00 6.986E+00 6.957E-01 1.53E-03
  248   4.5671  1.49E-02 5.512E-03 2.748E-02 2.549E-04 1.248E-02 1.050E-01 2.344E-01 5.864E-01 1.096E+00 6.952E+00 6.915E-01 1.53E-03
  249   4.5820  1.49E-02 5.482E-03 2.741E-02 2.550E-04 1.248E-02 1.048E-01 2.342E-01 5.891E-01 1.086E+00 6.919E+00 6.874E-01 1.53E-03
  250   4.5969  1.49E-02 5.453E-03 2.735E-02 2.550E-04 1.248E-02 1.045E-01 2.339E-01 5.894E-01 1.076E+00 6.885E+00 6.833E-01 1.53E-03
  251   4.6118  1.50E-02 5.424E-03 2.729E-02 2.550E-04 1.248E-02 1.042E-01 2.336E-01 5.906E-01 1.071E+00 6.852E+00 6.793E-01 1.53E-03
  252   4.6268  1.51E-02 5.395E-03 2.722E-02 2.550E-04 1.248E-02 1.039E-01 2.333E-01 5.945E-01 1.073E+00 6.819E+00 6.752E-01 1.53E-03
  253   4.6420  1.53E-02 5.366E-03 2.716E-02 2.550E-04 1.248E-02 1.036E-01 2.331E-01 5.892E-01 1.074E+00 6.786E+00 6.712E-01 1.53E-03
  254   4.6573  1.56E-02 5.337E-03 2.709E-02 2.550E-04 1.248E-02 1.034E-01 2.328E-01 5.805E-01 1.076E+00 6.753E+00 6.671E-01 1.53E-03
  255   4.6729  1.58E-02 5.308E-03 2.703E-02 2.550E-04 1.248E-02 1.031E-01 2.325E-01 5.823E-01 1.076E+00 6.719E+00 6.630E-01 1.53E-03
  256   4.6887  1.60E-02 5.278E-03 2.696E-02 2.550E-04 1.248E-02 1.028E-01 2.322E-01 5.819E-01 1.076E+00 6.685E+00 6.589E-01 1.53E-03
  257   4.7047  1.59E-02 5.249E-03 2.689E-02 2.550E-04 1.248E-02 1.025E-01 2.319E-01 5.795E-01 1.075E+00 6.651E+00 6.548E-01 1.53E-03
  258   4.7206  1.59E-02 5.220E-03 2.683E-02 2.550E-04 1.248E-02 1.022E-01 2.316E-01 5.808E-01 1.072E+00 6.618E+00 6.507E-01 1.53E-03
  259   4.7364  1.58E-02 5.191E-03 2.676E-02 2.550E-04 1.248E-02 1.019E-01 2.314E-01 5.848E-01 1.068E+00 6.584E+00 6.467E-01 1.53E-03
  260   4.7523  1.58E-02 5.163E-03 2.670E-02 2.550E-04 1.248E-02 1.017E-01 2.311E-01 5.817E-01 1.076E+00 6.551E+00 6.428E-01 1.53E-03
  261   4.7681  1.58E-02 5.135E-03 2.664E-02 2.550E-04 1.248E-02 1.014E-01 2.308E-01 5.727E-01 1.084E+00 6.519E+00 6.389E-01 1.53E-03
  262   4.7839  1.58E-02 5.107E-03 2.657E-02 2.550E-04 1.248E-02 1.011E-01 2.305E-01 5.603E-01 1.092E+00 6.486E+00 6.351E-01 1.53E-03
  263   4.7997  1.58E-02 5.079E-03 2.651E-02 2.550E-04 1.248E-02 1.008E-01 2.303E-01 5.700E-01 1.098E+00 6.454E+00 6.312E-01 1.53E-03
  264   4.8155  1.59E-02 5.052E-03 2.645E-02 2.550E-04 1.248E-02 1.006E-01 2.300E-01 5.800E-01 1.103E+00 6.422E+00 6.274E-01 1.53E-03
  265   4.8314  1.59E-02 5.025E-03 2.638E-02 2.550E-04 1.248E-02 1.003E-01 2.297E-01 5.885E-01 1.106E+00 6.390E+00 6.236E-01 1.53E-03
  266   4.8473  1.60E-02 4.998E-03 2.632E-02 2.550E-04 1.248E-02 1.000E-01 2.294E-01 5.949E-01 1.108E+00 6.358E+00 6.198E-01 1.53E-03
  267   4.8633  1.60E-02 4.971E-03 2.626E-02 2.550E-04 1.248E-02 9.976E-02 2.292E-01 5.984E-01 1.106E+00 6.327E+00 6.160E-01 1.53E-03
  268   4.8793  1.62E-02 4.944E-03 2.620E-02 2.550E-04 1.248E-02 9.949E-02 2.289E-01 5.985E-01 1.103E+00 6.295E+00 6.123E-01 1.53E-03
  269   4.8955  1.63E-02 4.917E-03 2.614E-02 2.550E-04 1.248E-02 9.922E-02 2.286E-01 5.948E-01 1.098E+00 6.263E+00 6.085E-01 1.53E-03
  270   4.9118  1.65E-02 4.890E-03 2.607E-02 2.550E-04 1.248E-02 9.895E-02 2.284E-01 5.873E-01 1.098E+00 6.232E+00 6.047E-01 1.53E-03
  271   4.9282  1.65E-02 4.864E-03 2.601E-02 2.550E-04 1.248E-02 9.868E-02 2.281E-01 5.761E-01 1.094E+00 6.200E+00 6.010E-01 1.53E-03
  272   4.9448  1.65E-02 4.837E-03 2.595E-02 2.550E-04 1.248E-02 9.841E-02 2.278E-01 5.700E-01 1.088E+00 6.168E+00 5.972E-01 1.53E-03
  273   4.9613  1.65E-02 4.811E-03 2.589E-02 2.550E-04 1.248E-02 9.815E-02 2.275E-01 5.904E-01 1.081E+00 6.137E+00 5.935E-01 1.53E-03
  274   4.9778  1.65E-02 4.784E-03 2.583E-02 2.550E-04 1.248E-02 9.788E-02 2.273E-01 5.957E-01 1.073E+00 6.106E+00 5.899E-01 1.53E-03
  275   4.9943  1.65E-02 4.759E-03 2.576E-02 2.550E-04 1.248E-02 9.762E-02 2.270E-01 5.850E-01 1.068E+00 6.075E+00 5.863E-01 1.53E-03
  276   5.0108  1.65E-02 4.733E-03 2.570E-02 2.550E-04 1.248E-02 9.735E-02 2.267E-01 5.593E-01 1.067E+00 6.045E+00 5.827E-01 1.53E-03
  277   5.0273  1.65E-02 4.707E-03 2.564E-02 2.549E-04 1.248E-02 9.709E-02 2.265E-01 5.484E-01 1.064E+00 6.014E+00 5.792E-01 1.53E-03
  278   5.0439  1.66E-02 4.682E-03 2.558E-02 2.549E-04 1.248E-02 9.683E-02 2.262E-01 5.528E-01 1.061E+00 5.984E+00 5.756E-01 1.53E-03
  279   5.0604  1.66E-02 4.657E-03 2.552E-02 2.549E-04 1.248E-02 9.657E-02 2.259E-01 5.622E-01 1.060E+00 5.954E+00 5.721E-01 1.53E-03
  280   5.0770  1.66E-02 4.632E-03 2.546E-02 2.548E-04 1.248E-02 9.632E-02 2.257E-01 5.628E-01 1.063E+00 5.924E+00 5.686E-01 1.53E-03
  281   5.0936  1.66E-02 4.608E-03 2.540E-02 2.548E-04 1.248E-02 9.606E-02 2.254E-01 5.659E-01 1.066E+00 5.895E+00 5.652E-01 1.53E-03
  282   5.1103  1.67E-02 4.583E-03 2.535E-02 2.548E-04 1.248E-02 9.580E-02 2.251E-01 5.639E-01 1.068E+00 5.865E+00 5.617E-01 1.53E-03
  283   5.1269  1.67E-02 4.559E-03 2.529E-02 2.548E-04 1.248E-02 9.555E-02 2.249E-01 5.556E-01 1.068E+00 5.836E+00 5.583E-01 1.53E-03
  284   5.1436  1.67E-02 4.535E-03 2.523E-02 2.547E-04 1.248E-02 9.530E-02 2.246E-01 5.713E-01 1.066E+00 5.807E+00 5.550E-01 1.53E-03
  285   5.1604  1.67E-02 4.511E-03 2.517E-02 2.547E-04 1.248E-02 9.505E-02 2.244E-01 5.724E-01 1.067E+00 5.778E+00 5.517E-01 1.53E-03
  286   5.1771  1.66E-02 4.487E-03 2.511E-02 2.547E-04 1.248E-02 9.480E-02 2.241E-01 5.619E-01 1.068E+00 5.749E+00 5.484E-01 1.53E-03
  287   5.1937  1.66E-02 4.464E-03 2.506E-02 2.547E-04 1.248E-02 9.455E-02 2.239E-01 5.513E-01 1.070E+00 5.720E+00 5.452E-01 1.53E-03
  288   5.2103  1.66E-02 4.441E-03 2.500E-02 2.547E-04 1.248E-02 9.431E-02 2.236E-01 5.550E-01 1.075E+00 5.692E+00 5.420E-01 1.53E-03
  289   5.2269  1.66E-02 4.418E-03 2.494E-02 2.547E-04 1.247E-02 9.406E-02 2.234E-01 5.617E-01 1.082E+00 5.665E+00 5.389E-01 1.53E-03
  290   5.2435  1.66E-02 4.395E-03 2.489E-02 2.547E-04 1.247E-02 9.382E-02 2.231E-01 5.834E-01 1.091E+00 5.637E+00 5.358E-01 1.53E-03
  291   5.2600  1.66E-02 4.373E-03 2.483E-02 2.547E-04 1.247E-02 9.358E-02 2.229E-01 5.996E-01 1.101E+00 5.609E+00 5.326E-01 1.53E-03
  292   5.2767  1.67E-02 4.350E-03 2.478E-02 2.547E-04 1.247E-02 9.334E-02 2.226E-01 6.065E-01 1.112E+00 5.582E+00 5.295E-01 1.53E-03
  293   5.2934  1.69E-02 4.328E-03 2.472E-02 2.547E-04 1.247E-02 9.310E-02 2.224E-01 6.048E-01 1.122E+00 5.555E+00 5.264E-01 1.53E-03
  294   5.3102  1.69E-02 4.306E-03 2.467E-02 2.548E-04 1.247E-02 9.286E-02 2.221E-01 5.960E-01 1.132E+00 5.527E+00 5.233E-01 1.53E-03
  295   5.3271  1.69E-02 4.283E-03 2.461E-02 2.548E-04 1.247E-02 9.262E-02 2.219E-01 5.808E-01 1.139E+00 5.500E+00 5.202E-01 1.53E-03
  296   5.3440  1.69E-02 4.261E-03 2.456E-02 2.548E-04 1.247E-02 9.238E-02 2.216E-01 5.714E-01 1.146E+00 5.473E+00 5.171E-01 1.53E-03
  297   5.3610  1.69E-02 4.240E-03 2.450E-02 2.548E-04 1.246E-02 9.215E-02 2.214E-01 5.618E-01 1.151E+00 5.446E+00 5.141E-01 1.53E-03
  298   5.3779  1.70E-02 4.218E-03 2.445E-02 2.548E-04 1.246E-02 9.191E-02 2.211E-01 5.449E-01 1.155E+00 5.420E+00 5.111E-01 1.53E-03
  299   5.3948  1.70E-02 4.196E-03 2.439E-02 2.548E-04 1.246E-02 9.168E-02 2.209E-01 5.333E-01 1.158E+00 5.393E+00 5.081E-01 1.53E-03
  300   5.4119  1.71E-02 4.175E-03 2.434E-02 2.548E-04 1.246E-02 9.145E-02 2.206E-01 5.283E-01 1.158E+00 5.367E+00 5.052E-01 1.53E-03
  301   5.4290  1.72E-02 4.154E-03 2.428E-02 2.549E-04 1.246E-02 9.121E-02 2.204E-01 5.261E-01 1.157E+00 5.341E+00 5.023E-01 1.53E-03
  302   5.4461  1.72E-02 4.133E-03 2.423E-02 2.549E-04 1.246E-02 9.098E-02 2.201E-01 5.280E-01 1.154E+00 5.314E+00 4.994E-01 1.53E-03
  303   5.4633  1.72E-02 4.112E-03 2.418E-02 2.550E-04 1.245E-02 9.075E-02 2.199E-01 5.357E-01 1.150E+00 5.288E+00 4.966E-01 1.53E-03
  304   5.4805  1.72E-02 4.091E-03 2.412E-02 2.550E-04 1.245E-02 9.052E-02 2.197E-01 5.427E-01 1.144E+00 5.262E+00 4.937E-01 1.53E-03
  305   5.4977  1.73E-02 4.070E-03 2.407E-02 2.551E-04 1.245E-02 9.029E-02 2.194E-01 5.489E-01 1.137E+00 5.237E+00 4.909E-01 1.53E-03
  306   5.5150  1.73E-02 4.050E-03 2.402E-02 2.551E-04 1.245E-02 9.007E-02 2.192E-01 5.539E-01 1.127E+00 5.211E+00 4.880E-01 1.53E-03
  307   5.5323  1.73E-02 4.029E-03 2.397E-02 2.552E-04 1.245E-02 8.984E-02 2.189E-01 5.568E-01 1.116E+00 5.185E+00 4.852E-01 1.53E-03
  308   5.5496  1.74E-02 4.009E-03 2.391E-02 2.552E-04 1.244E-02 8.961E-02 2.187E-01 5.570E-01 1.107E+00 5.160E+00 4.824E-01 1.53E-03
  309   5.5669  1.74E-02 3.989E-03 2.386E-02 2.552E-04 1.244E-02 8.939E-02 2.185E-01 5.536E-01 1.107E+00 5.135E+00 4.796E-01 1.53E-03
  310   5.5843  1.74E-02 3.969E-03 2.381E-02 2.552E-04 1.244E-02 8.916E-02 2.182E-01 5.459E-01 1.107E+00 5.110E+00 4.768E-01 1.53E-03
  311   5.6017  1.74E-02 3.949E-03 2.376E-02 2.552E-04 1.244E-02 8.894E-02 2.180E-01 5.336E-01 1.107E+00 5.085E+00 4.740E-01 1.53E-03
  312   5.6191  1.74E-02 3.929E-03 2.371E-02 2.552E-04 1.244E-02 8.872E-02 2.177E-01 5.167E-01 1.106E+00 5.060E+00 4.713E-01 1.53E-03
  313   5.6365  1.74E-02 3.909E-03 2.366E-02 2.552E-04 1.244E-02 8.850E-02 2.175E-01 4.957E-01 1.106E+00 5.036E+00 4.687E-01 1.53E-03
  314   5.6539  1.75E-02 3.890E-03 2.361E-02 2.552E-04 1.243E-02 8.828E-02 2.173E-01 4.890E-01 1.105E+00 5.012E+00 4.661E-01 1.53E-03
  315   5.6714  1.75E-02 3.871E-03 2.355E-02 2.552E-04 1.243E-02 8.806E-02 2.170E-01 4.966E-01 1.105E+00 4.988E+00 4.634E-01 1.53E-03
  316   5.6889  1.76E-02 3.852E-03 2.350E-02 2.552E-04 1.243E-02 8.784E-02 2.168E-01 4.974E-01 1.105E+00 4.964E+00 4.608E-01 1.53E-03
  317   5.7065  1.77E-02 3.833E-03 2.345E-02 2.552E-04 1.243E-02 8.762E-02 2.166E-01 4.980E-01 1.104E+00 4.940E+00 4.582E-01 1.53E-03
  318   5.7242  1.77E-02 3.814E-03 2.340E-02 2.552E-04 1.243E-02 8.740E-02 2.163E-01 5.074E-01 1.103E+00 4.916E+00 4.556E-01 1.53E-03
  319   5.7419  1.77E-02 3.795E-03 2.335E-02 2.552E-04 1.243E-02 8.719E-02 2.161E-01 5.181E-01 1.101E+00 4.892E+00 4.530E-01 1.53E-03
  320   5.7596  1.77E-02 3.776E-03 2.330E-02 2.552E-04 1.243E-02 8.697E-02 2.159E-01 5.233E-01 1.099E+00 4.868E+00 4.504E-01 1.53E-03
  321   5.7773  1.77E-02 3.757E-03 2.325E-02 2.552E-04 1.242E-02 8.676E-02 2.157E-01 5.285E-01 1.099E+00 4.845E+00 4.479E-01 1.53E-03
  322   5.7950  1.76E-02 3.739E-03 2.321E-02 2.552E-04 1.242E-02 8.655E-02 2.154E-01 5.342E-01 1.109E+00 4.822E+00 4.454E-01 1.53E-03
  323   5.8127  1.76E-02 3.721E-03 2.316E-02 2.552E-04 1.242E-02 8.634E-02 2.152E-01 5.377E-01 1.117E+00 4.799E+00 4.430E-01 1.53E-03
  324   5.8303  1.76E-02 3.703E-03 2.311E-02 2.552E-04 1.242E-02 8.613E-02 2.150E-01 5.392E-01 1.122E+00 4.776E+00 4.405E-01 1.53E-03
  325   5.8478  1.75E-02 3.685E-03 2.306E-02 2.552E-04 1.242E-02 8.592E-02 2.148E-01 5.388E-01 1.124E+00 4.753E+00 4.380E-01 1.53E-03
  326   5.8653  1.75E-02 3.667E-03 2.301E-02 2.552E-04 1.242E-02 8.571E-02 2.145E-01 5.366E-01 1.122E+00 4.731E+00 4.356E-01 1.53E-03
  327   5.8829  1.75E-02 3.650E-03 2.297E-02 2.551E-04 1.242E-02 8.551E-02 2.143E-01 5.330E-01 1.116E+00 4.709E+00 4.332E-01 1.53E-03
  328   5.9004  1.76E-02 3.632E-03 2.292E-02 2.551E-04 1.242E-02 8.531E-02 2.141E-01 5.394E-01 1.107E+00 4.687E+00 4.308E-01 1.53E-03
  329   5.9180  1.76E-02 3.615E-03 2.287E-02 2.551E-04 1.242E-02 8.510E-02 2.139E-01 5.461E-01 1.095E+00 4.665E+00 4.285E-01 1.53E-03
  330   5.9356  1.76E-02 3.598E-03 2.283E-02 2.551E-04 1.242E-02 8.490E-02 2.137E-01 5.484E-01 1.082E+00 4.643E+00 4.263E-01 1.53E-03
  331   5.9532  1.77E-02 3.581E-03 2.278E-02 2.550E-04 1.241E-02 8.470E-02 2.134E-01 5.456E-01 1.068E+00 4.621E+00 4.241E-01 1.53E-03
  332   5.9709  1.78E-02 3.564E-03 2.273E-02 2.549E-04 1.241E-02 8.450E-02 2.132E-01 5.373E-01 1.054E+00 4.600E+00 4.219E-01 1.53E-03
  333   5.9887  1.78E-02 3.548E-03 2.269E-02 2.549E-04 1.241E-02 8.430E-02 2.130E-01 5.235E-01 1.041E+00 4.578E+00 4.196E-01 1.53E-03
  334   6.0065  1.78E-02 3.531E-03 2.264E-02 2.548E-04 1.241E-02 8.411E-02 2.128E-01 5.046E-01 1.029E+00 4.557E+00 4.174E-01 1.53E-03
  335   6.0243  1.79E-02 3.514E-03 2.259E-02 2.548E-04 1.241E-02 8.391E-02 2.126E-01 5.020E-01 1.017E+00 4.536E+00 4.151E-01 1.53E-03
  336   6.0422  1.79E-02 3.498E-03 2.255E-02 2.548E-04 1.241E-02 8.371E-02 2.124E-01 5.064E-01 1.017E+00 4.514E+00 4.128E-01 1.53E-03
  337   6.0601  1.79E-02 3.481E-03 2.250E-02 2.548E-04 1.241E-02 8.351E-02 2.121E-01 5.091E-01 1.019E+00 4.493E+00 4.105E-01 1.53E-03
  338   6.0780  1.77E-02 3.465E-03 2.246E-02 2.548E-04 1.241E-02 8.332E-02 2.119E-01 5.108E-01 1.020E+00 4.472E+00 4.083E-01 1.53E-03
  339   6.0958  1.75E-02 3.449E-03 2.241E-02 2.548E-04 1.240E-02 8.313E-02 2.117E-01 5.190E-01 1.021E+00 4.452E+00 4.062E-01 1.53E-03
  340   6.1133  1.74E-02 3.433E-03 2.237E-02 2.548E-04 1.240E-02 8.294E-02 2.115E-01 5.244E-01 1.021E+00 4.432E+00 4.041E-01 1.53E-03
  341   6.1306  1.72E-02 3.418E-03 2.233E-02 2.548E-04 1.240E-02 8.275E-02 2.113E-01 5.253E-01 1.021E+00 4.412E+00 4.021E-01 1.53E-03
  342   6.1479  1.71E-02 3.403E-03 2.228E-02 2.548E-04 1.240E-02 8.257E-02 2.111E-01 5.221E-01 1.020E+00 4.393E+00 4.002E-01 1.53E-03
  343   6.1649  1.70E-02 3.388E-03 2.224E-02 2.548E-04 1.240E-02 8.239E-02 2.109E-01 5.176E-01 1.019E+00 4.373E+00 3.982E-01 1.53E-03
  344   6.1819  1.69E-02 3.373E-03 2.220E-02 2.548E-04 1.240E-02 8.221E-02 2.107E-01 5.185E-01 1.018E+00 4.355E+00 3.963E-01 1.53E-03
  345   6.1989  1.69E-02 3.359E-03 2.216E-02 2.548E-04 1.240E-02 8.203E-02 2.105E-01 5.186E-01 1.015E+00 4.336E+00 3.943E-01 1.53E-03
  346   6.2157  1.69E-02 3.344E-03 2.212E-02 2.548E-04 1.239E-02 8.186E-02 2.103E-01 5.176E-01 1.012E+00 4.317E+00 3.924E-01 1.53E-03
  347   6.2326  1.69E-02 3.330E-03 2.208E-02 2.548E-04 1.239E-02 8.168E-02 2.101E-01 5.153E-01 1.008E+00 4.299E+00 3.906E-01 1.53E-03
  348   6.2495  1.70E-02 3.316E-03 2.204E-02 2.549E-04 1.239E-02 8.151E-02 2.099E-01 5.117E-01 1.004E+00 4.281E+00 3.888E-01 1.53E-03
  349   6.2665  1.71E-02 3.302E-03 2.200E-02 2.549E-04 1.239E-02 8.133E-02 2.097E-01 5.070E-01 9.984E-01 4.262E+00 3.869E-01 1.53E-03
  350   6.2835  1.72E-02 3.288E-03 2.195E-02 2.549E-04 1.239E-02 8.116E-02 2.095E-01 5.013E-01 9.925E-01 4.244E+00 3.851E-01 1.53E-03
  351   6.3008  1.75E-02 3.274E-03 2.191E-02 2.549E-04 1.238E-02 8.099E-02 2.094E-01 4.952E-01 9.860E-01 4.226E+00 3.833E-01 1.53E-03
  352   6.3182  1.78E-02 3.259E-03 2.187E-02 2.549E-04 1.238E-02 8.081E-02 2.092E-01 4.888E-01 9.791E-01 4.207E+00 3.814E-01 1.53E-03
  353   6.3360  1.81E-02 3.245E-03 2.183E-02 2.550E-04 1.238E-02 8.063E-02 2.090E-01 4.922E-01 9.759E-01 4.189E+00 3.795E-01 1.53E-03
  354   6.3541  1.83E-02 3.230E-03 2.179E-02 2.550E-04 1.238E-02 8.045E-02 2.088E-01 4.968E-01 9.768E-01 4.170E+00 3.776E-01 1.53E-03
  355   6.3724  1.83E-02 3.216E-03 2.175E-02 2.550E-04 1.237E-02 8.027E-02 2.086E-01 5.028E-01 9.768E-01 4.151E+00 3.756E-01 1.53E-03
  356   6.3907  1.82E-02 3.201E-03 2.170E-02 2.550E-04 1.237E-02 8.009E-02 2.083E-01 5.068E-01 9.755E-01 4.132E+00 3.737E-01 1.53E-03
  357   6.4088  1.81E-02 3.187E-03 2.166E-02 2.550E-04 1.237E-02 7.991E-02 2.082E-01 5.085E-01 9.728E-01 4.114E+00 3.718E-01 1.53E-03
  358   6.4270  1.81E-02 3.173E-03 2.162E-02 2.550E-04 1.237E-02 7.973E-02 2.080E-01 5.081E-01 9.689E-01 4.095E+00 3.699E-01 1.53E-03
  359   6.4451  1.81E-02 3.159E-03 2.158E-02 2.550E-04 1.236E-02 7.956E-02 2.078E-01 5.057E-01 9.639E-01 4.077E+00 3.680E-01 1.53E-03
  360   6.4632  1.81E-02 3.145E-03 2.154E-02 2.550E-04 1.236E-02 7.938E-02 2.076E-01 5.013E-01 9.580E-01 4.059E+00 3.662E-01 1.53E-03
  361   6.4812  1.81E-02 3.132E-03 2.150E-02 2.551E-04 1.236E-02 7.921E-02 2.074E-01 4.952E-01 9.528E-01 4.042E+00 3.643E-01 1.53E-03
  362   6.4993  1.81E-02 3.118E-03 2.146E-02 2.551E-04 1.236E-02 7.904E-02 2.072E-01 4.874E-01 9.487E-01 4.024E+00 3.625E-01 1.53E-03
  363   6.5174  1.82E-02 3.104E-03 2.142E-02 2.551E-04 1.235E-02 7.887E-02 2.070E-01 4.895E-01 9.472E-01 4.006E+00 3.608E-01 1.53E-03
  364   6.5356  1.82E-02 3.091E-03 2.138E-02 2.551E-04 1.235E-02 7.870E-02 2.068E-01 4.877E-01 9.525E-01 3.989E+00 3.590E-01 1.53E-03
  365   6.5538  1.83E-02 3.078E-03 2.134E-02 2.551E-04 1.235E-02 7.853E-02 2.066E-01 4.817E-01 9.559E-01 3.971E+00 3.573E-01 1.53E-03
  366   6.5720  1.83E-02 3.065E-03 2.130E-02 2.551E-04 1.235E-02 7.836E-02 2.064E-01 4.710E-01 9.572E-01 3.954E+00 3.556E-01 1.53E-03
  367   6.5903  1.83E-02 3.051E-03 2.126E-02 2.551E-04 1.235E-02 7.819E-02 2.062E-01 4.558E-01 9.563E-01 3.937E+00 3.538E-01 1.53E-03
  368   6.6087  1.84E-02 3.038E-03 2.122E-02 2.551E-04 1.234E-02 7.802E-02 2.060E-01 4.673E-01 9.535E-01 3.919E+00 3.521E-01 1.53E-03
  369   6.6271  1.85E-02 3.025E-03 2.118E-02 2.552E-04 1.234E-02 7.786E-02 2.058E-01 4.827E-01 9.492E-01 3.902E+00 3.504E-01 1.53E-03
  370   6.6455  1.85E-02 3.012E-03 2.114E-02 2.552E-04 1.234E-02 7.769E-02 2.056E-01 4.930E-01 9.438E-01 3.885E+00 3.486E-01 1.53E-03
  371   6.6640  1.85E-02 2.999E-03 2.110E-02 2.552E-04 1.234E-02 7.752E-02 2.054E-01 4.969E-01 9.378E-01 3.868E+00 3.468E-01 1.53E-03
  372   6.6824  1.85E-02 2.986E-03 2.106E-02 2.553E-04 1.233E-02 7.735E-02 2.052E-01 4.937E-01 9.318E-01 3.852E+00 3.451E-01 1.53E-03
  373   6.7009  1.85E-02 2.974E-03 2.102E-02 2.553E-04 1.233E-02 7.719E-02 2.051E-01 4.836E-01 9.287E-01 3.835E+00 3.434E-01 1.53E-03
  374   6.7194  1.86E-02 2.961E-03 2.099E-02 2.553E-04 1.233E-02 7.702E-02 2.049E-01 4.674E-01 9.297E-01 3.818E+00 3.418E-01 1.53E-03
  375   6.7380  1.87E-02 2.948E-03 2.095E-02 2.553E-04 1.233E-02 7.686E-02 2.047E-01 4.532E-01 9.302E-01 3.802E+00 3.401E-01 1.53E-03
  376   6.7567  1.87E-02 2.936E-03 2.091E-02 2.553E-04 1.233E-02 7.669E-02 2.045E-01 4.602E-01 9.303E-01 3.785E+00 3.385E-01 1.53E-03
  377   6.7754  1.87E-02 2.923E-03 2.087E-02 2.553E-04 1.232E-02 7.653E-02 2.043E-01 4.641E-01 9.304E-01 3.769E+00 3.368E-01 1.53E-03
  378   6.7940  1.87E-02 2.911E-03 2.083E-02 2.553E-04 1.232E-02 7.637E-02 2.041E-01 4.647E-01 9.309E-01 3.752E+00 3.352E-01 1.53E-03
  379   6.8128  1.87E-02 2.898E-03 2.079E-02 2.553E-04 1.232E-02 7.620E-02 2.039E-01 4.621E-01 9.328E-01 3.736E+00 3.335E-01 1.53E-03
  380   6.8315  1.87E-02 2.886E-03 2.076E-02 2.554E-04 1.232E-02 7.604E-02 2.037E-01 4.563E-01 9.367E-01 3.720E+00 3.319E-01 1.53E-03
  381   6.8502  1.87E-02 2.874E-03 2.072E-02 2.554E-04 1.232E-02 7.588E-02 2.036E-01 4.479E-01 9.393E-01 3.704E+00 3.303E-01 1.53E-03
  382   6.8688  1.87E-02 2.862E-03 2.068E-02 2.554E-04 1.232E-02 7.572E-02 2.034E-01 4.489E-01 9.400E-01 3.688E+00 3.287E-01 1.53E-03
  383   6.8875  1.86E-02 2.850E-03 2.064E-02 2.554E-04 1.231E-02 7.557E-02 2.032E-01 4.630E-01 9.384E-01 3.673E+00 3.271E-01 1.53E-03
  384   6.9061  1.86E-02 2.838E-03 2.061E-02 2.554E-04 1.231E-02 7.541E-02 2.030E-01 4.731E-01 9.345E-01 3.657E+00 3.256E-01 1.53E-03
  385   6.9247  1.86E-02 2.826E-03 2.057E-02 2.554E-04 1.231E-02 7.525E-02 2.028E-01 4.791E-01 9.285E-01 3.642E+00 3.240E-01 1.53E-03
  386   6.9433  1.86E-02 2.815E-03 2.053E-02 2.553E-04 1.231E-02 7.510E-02 2.026E-01 4.815E-01 9.209E-01 3.626E+00 3.225E-01 1.53E-03
  387   6.9619  1.86E-02 2.803E-03 2.050E-02 2.553E-04 1.231E-02 7.495E-02 2.025E-01 4.807E-01 9.121E-01 3.611E+00 3.210E-01 1.53E-03
  388   6.9805  1.85E-02 2.792E-03 2.046E-02 2.553E-04 1.231E-02 7.479E-02 2.023E-01 4.793E-01 9.047E-01 3.596E+00 3.196E-01 1.53E-03
  389   6.9991  1.85E-02 2.780E-03 2.042E-02 2.553E-04 1.231E-02 7.464E-02 2.021E-01 4.829E-01 9.008E-01 3.581E+00 3.181E-01 1.53E-03
  390   7.0175  1.84E-02 2.769E-03 2.039E-02 2.553E-04 1.231E-02 7.449E-02 2.019E-01 4.838E-01 8.976E-01 3.566E+00 3.166E-01 1.53E-03
  391   7.0359  1.84E-02 2.758E-03 2.035E-02 2.553E-04 1.231E-02 7.434E-02 2.018E-01 4.818E-01 8.946E-01 3.552E+00 3.152E-01 1.53E-03
  392   7.0544  1.85E-02 2.747E-03 2.032E-02 2.553E-04 1.231E-02 7.419E-02 2.016E-01 4.850E-01 8.916E-01 3.537E+00 3.138E-01 1.53E-03
  393   7.0728  1.86E-02 2.736E-03 2.028E-02 2.553E-04 1.231E-02 7.405E-02 2.014E-01 4.930E-01 8.928E-01 3.523E+00 3.124E-01 1.53E-03
  394   7.0914  1.87E-02 2.725E-03 2.025E-02 2.552E-04 1.231E-02 7.390E-02 2.012E-01 4.998E-01 8.969E-01 3.508E+00 3.110E-01 1.53E-03
  395   7.1101  1.89E-02 2.715E-03 2.021E-02 2.552E-04 1.231E-02 7.375E-02 2.011E-01 5.052E-01 8.999E-01 3.494E+00 3.096E-01 1.53E-03
  396   7.1289  1.90E-02 2.704E-03 2.018E-02 2.552E-04 1.231E-02 7.360E-02 2.009E-01 5.084E-01 9.017E-01 3.479E+00 3.081E-01 1.53E-03
  397   7.1479  1.89E-02 2.693E-03 2.014E-02 2.551E-04 1.231E-02 7.345E-02 2.007E-01 5.091E-01 9.024E-01 3.465E+00 3.067E-01 1.53E-03
  398   7.1669  1.89E-02 2.682E-03 2.011E-02 2.551E-04 1.231E-02 7.330E-02 2.005E-01 5.067E-01 9.018E-01 3.451E+00 3.053E-01 1.53E-03
  399   7.1857  1.88E-02 2.671E-03 2.007E-02 2.551E-04 1.231E-02 7.316E-02 2.004E-01 5.010E-01 9.004E-01 3.436E+00 3.039E-01 1.53E-03
  400   7.2046  1.88E-02 2.660E-03 2.004E-02 2.551E-04 1.231E-02 7.301E-02 2.002E-01 4.920E-01 9.053E-01 3.422E+00 3.025E-01 1.53E-03
  401   7.2234  1.87E-02 2.650E-03 2.000E-02 2.551E-04 1.231E-02 7.287E-02 2.000E-01 4.800E-01 9.078E-01 3.408E+00 3.011E-01 1.53E-03
  402   7.2421  1.87E-02 2.640E-03 1.997E-02 2.551E-04 1.231E-02 7.272E-02 1.998E-01 4.653E-01 9.082E-01 3.395E+00 2.997E-01 1.53E-03
  403   7.2608  1.87E-02 2.629E-03 1.993E-02 2.552E-04 1.231E-02 7.258E-02 1.997E-01 4.698E-01 9.068E-01 3.381E+00 2.984E-01 1.53E-03
  404   7.2795  1.87E-02 2.619E-03 1.990E-02 2.552E-04 1.231E-02 7.244E-02 1.995E-01 4.818E-01 9.040E-01 3.367E+00 2.971E-01 1.53E-03
  405   7.2981  1.87E-02 2.609E-03 1.987E-02 2.553E-04 1.231E-02 7.230E-02 1.993E-01 4.894E-01 9.002E-01 3.354E+00 2.959E-01 1.53E-03
  406   7.3168  1.87E-02 2.599E-03 1.983E-02 2.553E-04 1.231E-02 7.216E-02 1.992E-01 4.923E-01 8.961E-01 3.341E+00 2.946E-01 1.53E-03
  407   7.3355  1.88E-02 2.589E-03 1.980E-02 2.553E-04 1.231E-02 7.203E-02 1.990E-01 4.897E-01 8.917E-01 3.327E+00 2.933E-01 1.53E-03
  408   7.3544  1.89E-02 2.579E-03 1.977E-02 2.553E-04 1.231E-02 7.189E-02 1.988E-01 4.820E-01 8.874E-01 3.314E+00 2.920E-01 1.53E-03
  409   7.3733  1.90E-02 2.569E-03 1.973E-02 2.552E-04 1.231E-02 7.175E-02 1.987E-01 4.702E-01 8.862E-01 3.301E+00 2.908E-01 1.53E-03
  410   7.3923  1.91E-02 2.559E-03 1.970E-02 2.552E-04 1.231E-02 7.161E-02 1.985E-01 4.555E-01 8.864E-01 3.288E+00 2.895E-01 1.53E-03
  411   7.4114  1.91E-02 2.549E-03 1.967E-02 2.552E-04 1.231E-02 7.147E-02 1.983E-01 4.414E-01 8.863E-01 3.274E+00 2.882E-01 1.53E-03
  412   7.4305  1.91E-02 2.539E-03 1.963E-02 2.551E-04 1.231E-02 7.133E-02 1.982E-01 4.477E-01 8.862E-01 3.261E+00 2.869E-01 1.53E-03
  413   7.4496  1.90E-02 2.530E-03 1.960E-02 2.551E-04 1.231E-02 7.119E-02 1.980E-01 4.578E-01 8.861E-01 3.248E+00 2.856E-01 1.53E-03
  414   7.4686  1.91E-02 2.520E-03 1.957E-02 2.550E-04 1.231E-02 7.106E-02 1.978E-01 4.669E-01 8.860E-01 3.235E+00 2.844E-01 1.53E-03
  415   7.4877  1.92E-02 2.510E-03 1.954E-02 2.550E-04 1.231E-02 7.092E-02 1.977E-01 4.752E-01 8.857E-01 3.223E+00 2.831E-01 1.53E-03
  416   7.5069  1.93E-02 2.501E-03 1.950E-02 2.550E-04 1.231E-02 7.078E-02 1.975E-01 4.830E-01 8.880E-01 3.210E+00 2.819E-01 1.53E-03
  417   7.5261  1.94E-02 2.491E-03 1.947E-02 2.549E-04 1.232E-02 7.065E-02 1.973E-01 4.902E-01 8.923E-01 3.197E+00 2.806E-01 1.53E-03
  418   7.5456  1.94E-02 2.481E-03 1.944E-02 2.549E-04 1.232E-02 7.051E-02 1.972E-01 4.967E-01 8.948E-01 3.184E+00 2.794E-01 1.53E-03
  419   7.5650  1.94E-02 2.472E-03 1.941E-02 2.549E-04 1.232E-02 7.038E-02 1.970E-01 5.020E-01 8.950E-01 3.172E+00 2.781E-01 1.53E-03
  420   7.5844  1.94E-02 2.462E-03 1.937E-02 2.548E-04 1.232E-02 7.024E-02 1.968E-01 5.055E-01 8.931E-01 3.159E+00 2.769E-01 1.53E-03
  421   7.6038  1.94E-02 2.453E-03 1.934E-02 2.548E-04 1.232E-02 7.011E-02 1.967E-01 5.065E-01 8.895E-01 3.146E+00 2.757E-01 1.53E-03
  422   7.6232  1.94E-02 2.444E-03 1.931E-02 2.548E-04 1.232E-02 6.997E-02 1.965E-01 5.042E-01 8.848E-01 3.134E+00 2.745E-01 1.53E-03
  423   7.6426  1.95E-02 2.434E-03 1.928E-02 2.548E-04 1.232E-02 6.984E-02 1.964E-01 4.979E-01 8.795E-01 3.122E+00 2.733E-01 1.53E-03
  424   7.6621  1.95E-02 2.425E-03 1.925E-02 2.548E-04 1.232E-02 6.971E-02 1.962E-01 4.878E-01 8.808E-01 3.109E+00 2.721E-01 1.53E-03
  425   7.6816  1.95E-02 2.416E-03 1.921E-02 2.549E-04 1.232E-02 6.958E-02 1.960E-01 4.745E-01 8.822E-01 3.097E+00 2.710E-01 1.53E-03
  426   7.7011  1.95E-02 2.407E-03 1.918E-02 2.549E-04 1.232E-02 6.945E-02 1.959E-01 4.591E-01 8.834E-01 3.085E+00 2.698E-01 1.53E-03
  427   7.7207  1.95E-02 2.398E-03 1.915E-02 2.549E-04 1.232E-02 6.932E-02 1.957E-01 4.432E-01 8.839E-01 3.073E+00 2.686E-01 1.53E-03
  428   7.7402  1.95E-02 2.389E-03 1.912E-02 2.549E-04 1.232E-02 6.919E-02 1.955E-01 4.484E-01 8.833E-01 3.061E+00 2.675E-01 1.53E-03
  429   7.7598  1.96E-02 2.380E-03 1.909E-02 2.549E-04 1.232E-02 6.906E-02 1.954E-01 4.702E-01 8.814E-01 3.049E+00 2.663E-01 1.53E-03
  430   7.7793  1.96E-02 2.371E-03 1.906E-02 2.549E-04 1.232E-02 6.893E-02 1.952E-01 4.820E-01 8.851E-01 3.037E+00 2.651E-01 1.53E-03
  431   7.7989  1.94E-02 2.362E-03 1.902E-02 2.549E-04 1.232E-02 6.880E-02 1.951E-01 4.837E-01 8.912E-01 3.026E+00 2.640E-01 1.53E-03
  432   7.8183  1.93E-02 2.353E-03 1.899E-02 2.549E-04 1.232E-02 6.867E-02 1.949E-01 4.764E-01 8.964E-01 3.014E+00 2.628E-01 1.53E-03
  433   7.8377  1.94E-02 2.345E-03 1.896E-02 2.549E-04 1.232E-02 6.854E-02 1.947E-01 4.625E-01 8.997E-01 3.003E+00 2.617E-01 1.53E-03
  434   7.8570  1.95E-02 2.336E-03 1.893E-02 2.549E-04 1.232E-02 6.842E-02 1.946E-01 4.576E-01 9.008E-01 2.991E+00 2.607E-01 1.53E-03
  435   7.8765  1.96E-02 2.328E-03 1.890E-02 2.549E-04 1.232E-02 6.829E-02 1.944E-01 4.637E-01 9.001E-01 2.980E+00 2.596E-01 1.53E-03
  436   7.8961  1.95E-02 2.319E-03 1.887E-02 2.549E-04 1.232E-02 6.817E-02 1.943E-01 4.669E-01 8.979E-01 2.968E+00 2.585E-01 1.53E-03
  437   7.9156  1.94E-02 2.311E-03 1.884E-02 2.549E-04 1.232E-02 6.804E-02 1.941E-01 4.622E-01 8.949E-01 2.957E+00 2.574E-01 1.53E-03
  438   7.9351  1.94E-02 2.302E-03 1.881E-02 2.549E-04 1.232E-02 6.792E-02 1.940E-01 4.510E-01 8.914E-01 2.946E+00 2.564E-01 1.53E-03
  439   7.9544  1.93E-02 2.294E-03 1.878E-02 2.550E-04 1.232E-02 6.780E-02 1.938E-01 4.351E-01 8.876E-01 2.935E+00 2.553E-01 1.53E-03
  440   7.9737  1.93E-02 2.286E-03 1.875E-02 2.550E-04 1.231E-02 6.768E-02 1.937E-01 4.242E-01 8.834E-01 2.924E+00 2.543E-01 1.53E-03
  441   7.9930  1.93E-02 2.278E-03 1.872E-02 2.550E-04 1.231E-02 6.756E-02 1.935E-01 4.291E-01 8.787E-01 2.913E+00 2.532E-01 1.53E-03
  442   8.0123  1.93E-02 2.270E-03 1.869E-02 2.550E-04 1.231E-02 6.744E-02 1.934E-01 4.327E-01 8.766E-01 2.902E+00 2.522E-01 1.53E-03
  443   8.0316  1.93E-02 2.262E-03 1.867E-02 2.550E-04 1.231E-02 6.732E-02 1.932E-01 4.337E-01 8.752E-01 2.892E+00 2.512E-01 1.53E-03
  444   8.0509  1.94E-02 2.254E-03 1.864E-02 2.550E-04 1.231E-02 6.721E-02 1.931E-01 4.325E-01 8.746E-01 2.881E+00 2.502E-01 1.53E-03
  445   8.0702  1.94E-02 2.246E-03 1.861E-02 2.550E-04 1.231E-02 6.709E-02 1.929E-01 4.360E-01 8.752E-01 2.871E+00 2.493E-01 1.53E-03
  446   8.0896  1.95E-02 2.238E-03 1.858E-02 2.550E-04 1.231E-02 6.697E-02 1.928E-01 4.429E-01 8.771E-01 2.860E+00 2.483E-01 1.53E-03
  447   8.1091  1.95E-02 2.231E-03 1.855E-02 2.550E-04 1.231E-02 6.685E-02 1.926E-01 4.446E-01 8.801E-01 2.850E+00 2.473E-01 1.53E-03
  448   8.1287  1.95E-02 2.223E-03 1.852E-02 2.550E-04 1.231E-02 6.674E-02 1.925E-01 4.410E-01 8.841E-01 2.839E+00 2.463E-01 1.53E-03
  449   8.1482  1.95E-02 2.215E-03 1.849E-02 2.550E-04 1.231E-02 6.662E-02 1.923E-01 4.445E-01 8.887E-01 2.829E+00 2.453E-01 1.53E-03
  450   8.1677  1.96E-02 2.207E-03 1.846E-02 2.550E-04 1.231E-02 6.650E-02 1.922E-01 4.550E-01 8.938E-01 2.818E+00 2.443E-01 1.53E-03
  451   8.1873  1.96E-02 2.200E-03 1.844E-02 2.551E-04 1.231E-02 6.639E-02 1.920E-01 4.651E-01 8.991E-01 2.808E+00 2.433E-01 1.53E-03
  452   8.2069  1.97E-02 2.192E-03 1.841E-02 2.551E-04 1.231E-02 6.627E-02 1.919E-01 4.743E-01 9.045E-01 2.798E+00 2.424E-01 1.53E-03
  453   8.2267  1.99E-02 2.184E-03 1.838E-02 2.551E-04 1.231E-02 6.616E-02 1.917E-01 4.817E-01 9.099E-01 2.788E+00 2.414E-01 1.53E-03
  454   8.2465  2.00E-02 2.177E-03 1.835E-02 2.551E-04 1.230E-02 6.604E-02 1.916E-01 4.868E-01 9.150E-01 2.777E+00 2.404E-01 1.53E-03
  455   8.2665  2.00E-02 2.169E-03 1.832E-02 2.551E-04 1.230E-02 6.592E-02 1.914E-01 4.888E-01 9.196E-01 2.767E+00 2.394E-01 1.53E-03
  456   8.2865  1.99E-02 2.161E-03 1.829E-02 2.551E-04 1.230E-02 6.581E-02 1.913E-01 4.876E-01 9.234E-01 2.757E+00 2.384E-01 1.53E-03
  457   8.3065  1.98E-02 2.154E-03 1.826E-02 2.550E-04 1.230E-02 6.569E-02 1.911E-01 4.830E-01 9.260E-01 2.747E+00 2.375E-01 1.53E-03
  458   8.3263  1.97E-02 2.146E-03 1.824E-02 2.550E-04 1.230E-02 6.558E-02 1.910E-01 4.784E-01 9.273E-01 2.737E+00 2.365E-01 1.53E-03
  459   8.3460  1.97E-02 2.139E-03 1.821E-02 2.550E-04 1.230E-02 6.547E-02 1.908E-01 4.800E-01 9.273E-01 2.727E+00 2.356E-01 1.53E-03
  460   8.3657  1.96E-02 2.132E-03 1.818E-02 2.549E-04 1.230E-02 6.536E-02 1.907E-01 4.771E-01 9.264E-01 2.717E+00 2.347E-01 1.53E-03
  461   8.3853  1.96E-02 2.125E-03 1.815E-02 2.549E-04 1.230E-02 6.524E-02 1.905E-01 4.693E-01 9.250E-01 2.708E+00 2.338E-01 1.53E-03
  462   8.4050  1.96E-02 2.117E-03 1.813E-02 2.549E-04 1.230E-02 6.513E-02 1.904E-01 4.567E-01 9.236E-01 2.698E+00 2.329E-01 1.53E-03
  463   8.4246  1.97E-02 2.110E-03 1.810E-02 2.548E-04 1.230E-02 6.502E-02 1.903E-01 4.394E-01 9.227E-01 2.689E+00 2.320E-01 1.53E-03
  464   8.4442  1.97E-02 2.103E-03 1.807E-02 2.548E-04 1.230E-02 6.491E-02 1.901E-01 4.279E-01 9.226E-01 2.679E+00 2.311E-01 1.53E-03
  465   8.4640  1.98E-02 2.096E-03 1.805E-02 2.548E-04 1.229E-02 6.481E-02 1.900E-01 4.293E-01 9.235E-01 2.670E+00 2.302E-01 1.53E-03
  466   8.4837  1.98E-02 2.089E-03 1.802E-02 2.548E-04 1.229E-02 6.470E-02 1.898E-01 4.332E-01 9.251E-01 2.660E+00 2.293E-01 1.53E-03
  467   8.5036  1.98E-02 2.082E-03 1.799E-02 2.549E-04 1.229E-02 6.459E-02 1.897E-01 4.338E-01 9.270E-01 2.651E+00 2.284E-01 1.53E-03
  468   8.5234  1.98E-02 2.075E-03 1.796E-02 2.549E-04 1.229E-02 6.448E-02 1.895E-01 4.303E-01 9.287E-01 2.642E+00 2.275E-01 1.53E-03
  469   8.5432  1.99E-02 2.068E-03 1.794E-02 2.549E-04 1.229E-02 6.437E-02 1.894E-01 4.279E-01 9.300E-01 2.632E+00 2.267E-01 1.53E-03
  470   8.5631  2.00E-02 2.061E-03 1.791E-02 2.549E-04 1.229E-02 6.426E-02 1.893E-01 4.350E-01 9.306E-01 2.623E+00 2.258E-01 1.53E-03
  471   8.5831  2.00E-02 2.054E-03 1.788E-02 2.549E-04 1.229E-02 6.416E-02 1.891E-01 4.396E-01 9.307E-01 2.614E+00 2.250E-01 1.53E-03
  472   8.6031  2.00E-02 2.047E-03 1.786E-02 2.549E-04 1.228E-02 6.405E-02 1.890E-01 4.417E-01 9.305E-01 2.605E+00 2.241E-01 1.53E-03
  473   8.6232  2.01E-02 2.041E-03 1.783E-02 2.549E-04 1.228E-02 6.394E-02 1.888E-01 4.411E-01 9.304E-01 2.595E+00 2.232E-01 1.53E-03
  474   8.6433  2.02E-02 2.034E-03 1.780E-02 2.548E-04 1.228E-02 6.384E-02 1.887E-01 4.378E-01 9.306E-01 2.586E+00 2.224E-01 1.53E-03
  475   8.6635  2.03E-02 2.027E-03 1.778E-02 2.548E-04 1.228E-02 6.373E-02 1.886E-01 4.319E-01 9.310E-01 2.577E+00 2.215E-01 1.53E-03
  476   8.6837  2.03E-02 2.020E-03 1.775E-02 2.548E-04 1.228E-02 6.362E-02 1.884E-01 4.236E-01 9.316E-01 2.568E+00 2.206E-01 1.53E-03
  477   8.7040  2.02E-02 2.014E-03 1.772E-02 2.547E-04 1.228E-02 6.352E-02 1.883E-01 4.146E-01 9.318E-01 2.559E+00 2.198E-01 1.53E-03
  478   8.7242  2.00E-02 2.007E-03 1.770E-02 2.547E-04 1.227E-02 6.341E-02 1.881E-01 4.306E-01 9.313E-01 2.550E+00 2.190E-01 1.53E-03
  479   8.7443  1.96E-02 2.000E-03 1.767E-02 2.547E-04 1.227E-02 6.331E-02 1.880E-01 4.516E-01 9.296E-01 2.542E+00 2.182E-01 1.53E-03
  480   8.7639  1.93E-02 1.994E-03 1.765E-02 2.547E-04 1.227E-02 6.321E-02 1.879E-01 4.644E-01 9.264E-01 2.533E+00 2.174E-01 1.53E-03
  481   8.7832  1.92E-02 1.988E-03 1.762E-02 2.546E-04 1.227E-02 6.311E-02 1.877E-01 4.670E-01 9.219E-01 2.525E+00 2.166E-01 1.53E-03
  482   8.8024  1.93E-02 1.982E-03 1.760E-02 2.546E-04 1.226E-02 6.301E-02 1.876E-01 4.580E-01 9.164E-01 2.517E+00 2.159E-01 1.53E-03
  483   8.8217  1.96E-02 1.976E-03 1.757E-02 2.546E-04 1.226E-02 6.291E-02 1.875E-01 4.562E-01 9.102E-01 2.508E+00 2.151E-01 1.53E-03
  484   8.8413  2.01E-02 1.969E-03 1.755E-02 2.546E-04 1.226E-02 6.281E-02 1.873E-01 4.495E-01 9.038E-01 2.500E+00 2.143E-01 1.53E-03
  485   8.8614  2.03E-02 1.963E-03 1.752E-02 2.546E-04 1.225E-02 6.271E-02 1.872E-01 4.379E-01 8.973E-01 2.492E+00 2.135E-01 1.53E-03
  486   8.8817  2.03E-02 1.957E-03 1.750E-02 2.547E-04 1.225E-02 6.261E-02 1.871E-01 4.227E-01 8.912E-01 2.483E+00 2.127E-01 1.53E-03
  487   8.9020  2.04E-02 1.950E-03 1.747E-02 2.547E-04 1.225E-02 6.251E-02 1.869E-01 4.195E-01 8.857E-01 2.475E+00 2.119E-01 1.53E-03
  488   8.9225  2.05E-02 1.944E-03 1.745E-02 2.547E-04 1.224E-02 6.241E-02 1.868E-01 4.237E-01 8.809E-01 2.466E+00 2.111E-01 1.53E-03
  489   8.9429  2.05E-02 1.938E-03 1.742E-02 2.548E-04 1.224E-02 6.231E-02 1.867E-01 4.247E-01 8.770E-01 2.458E+00 2.103E-01 1.53E-03
  490   8.9635  2.06E-02 1.931E-03 1.739E-02 2.548E-04 1.223E-02 6.221E-02 1.865E-01 4.225E-01 8.742E-01 2.449E+00 2.095E-01 1.53E-03
  491   8.9841  2.06E-02 1.925E-03 1.737E-02 2.548E-04 1.223E-02 6.211E-02 1.864E-01 4.175E-01 8.723E-01 2.441E+00 2.087E-01 1.53E-03
  492   9.0047  2.06E-02 1.919E-03 1.734E-02 2.549E-04 1.223E-02 6.200E-02 1.862E-01 4.099E-01 8.711E-01 2.433E+00 2.079E-01 1.53E-03
  493   9.0253  2.07E-02 1.913E-03 1.732E-02 2.549E-04 1.222E-02 6.190E-02 1.861E-01 4.005E-01 8.725E-01 2.424E+00 2.071E-01 1.53E-03
  494   9.0460  2.07E-02 1.907E-03 1.729E-02 2.549E-04 1.222E-02 6.180E-02 1.860E-01 3.899E-01 8.744E-01 2.416E+00 2.063E-01 1.53E-03
  495   9.0667  2.07E-02 1.900E-03 1.727E-02 2.549E-04 1.221E-02 6.170E-02 1.858E-01 3.845E-01 8.764E-01 2.408E+00 2.055E-01 1.53E-03
  496   9.0874  2.06E-02 1.894E-03 1.724E-02 2.549E-04 1.221E-02 6.161E-02 1.857E-01 3.893E-01 8.788E-01 2.400E+00 2.048E-01 1.53E-03
  497   9.1081  2.06E-02 1.888E-03 1.722E-02 2.550E-04 1.220E-02 6.151E-02 1.856E-01 4.047E-01 8.823E-01 2.392E+00 2.040E-01 1.53E-03
  498   9.1286  2.05E-02 1.882E-03 1.719E-02 2.550E-04 1.220E-02 6.141E-02 1.854E-01 4.160E-01 8.854E-01 2.384E+00 2.033E-01 1.53E-03
  499   9.1492  2.05E-02 1.876E-03 1.717E-02 2.550E-04 1.219E-02 6.131E-02 1.853E-01 4.229E-01 8.895E-01 2.376E+00 2.025E-01 1.53E-03
  500   9.1697  2.05E-02 1.870E-03 1.714E-02 2.551E-04 1.219E-02 6.121E-02 1.852E-01 4.254E-01 8.939E-01 2.368E+00 2.018E-01 1.53E-03
  501   9.1902  2.05E-02 1.864E-03 1.712E-02 2.551E-04 1.219E-02 6.112E-02 1.850E-01 4.236E-01 8.984E-01 2.360E+00 2.010E-01 1.53E-03
  502   9.2106  2.04E-02 1.859E-03 1.710E-02 2.551E-04 1.218E-02 6.102E-02 1.849E-01 4.181E-01 9.027E-01 2.352E+00 2.003E-01 1.53E-03
  503   9.2311  2.04E-02 1.853E-03 1.707E-02 2.551E-04 1.218E-02 6.093E-02 1.848E-01 4.097E-01 9.065E-01 2.344E+00 1.995E-01 1.53E-03
  504   9.2515  2.04E-02 1.847E-03 1.705E-02 2.551E-04 1.217E-02 6.083E-02 1.846E-01 4.003E-01 9.092E-01 2.337E+00 1.988E-01 1.53E-03
  505   9.2719  2.04E-02 1.841E-03 1.702E-02 2.551E-04 1.217E-02 6.074E-02 1.845E-01 3.980E-01 9.102E-01 2.329E+00 1.981E-01 1.53E-03
  506   9.2923  2.03E-02 1.836E-03 1.700E-02 2.551E-04 1.216E-02 6.065E-02 1.844E-01 4.141E-01 9.089E-01 2.322E+00 1.974E-01 1.53E-03
  507   9.3126  2.03E-02 1.830E-03 1.698E-02 2.551E-04 1.216E-02 6.055E-02 1.843E-01 4.356E-01 9.051E-01 2.314E+00 1.968E-01 1.53E-03
  508   9.3329  2.03E-02 1.825E-03 1.695E-02 2.551E-04 1.215E-02 6.046E-02 1.841E-01 4.465E-01 8.989E-01 2.307E+00 1.961E-01 1.53E-03
  509   9.3532  2.03E-02 1.819E-03 1.693E-02 2.551E-04 1.215E-02 6.037E-02 1.840E-01 4.462E-01 8.906E-01 2.299E+00 1.954E-01 1.53E-03
  510   9.3735  2.02E-02 1.814E-03 1.691E-02 2.551E-04 1.214E-02 6.028E-02 1.839E-01 4.358E-01 8.811E-01 2.292E+00 1.947E-01 1.53E-03
  511   9.3937  2.02E-02 1.808E-03 1.688E-02 2.551E-04 1.214E-02 6.019E-02 1.838E-01 4.175E-01 8.709E-01 2.285E+00 1.941E-01 1.53E-03
