#--it-----t--------dt-------EEK-------EEM-------EEGW------hrms------urms------brms------umax------bmax------o2m------divu2m----gg2m---
    0   1.0000  1.73E-02 0.000E+00 1.016E-01 0.000E+00 0.000E+00 0.000E+00 4.508E-01 0.000E+00 1.715E+00 0.000E+00 0.000E+00 0.00E+00
    1   1.0173  1.52E-02 1.239E-03 1.002E-01 2.084E-05 9.922E-05 4.974E-02 4.476E-01 3.834E-01 1.581E+00 1.453E+00 1.635E+00 1.25E-04
    2   1.0325  1.46E-02 3.617E-03 9.706E-02 5.723E-05 3.276E-04 8.488E-02 4.406E-01 5.673E-01 1.359E+00 4.385E+00 4.277E+00 3.43E-04
    3   1.0471  1.45E-02 5.912E-03 9.338E-02 8.908E-05 6.291E-04 1.082E-01 4.322E-01 6.820E-01 1.254E+00 7.525E+00 5.817E+00 5.35E-04
    4   1.0616  1.42E-02 7.646E-03 8.965E-02 1.128E-04 9.749E-04 1.225E-01 4.234E-01 7.201E-01 1.171E+00 1.029E+01 5.702E+00 6.77E-04
    5   1.0758  1.43E-02 8.793E-03 8.624E-02 1.282E-04 1.334E-03 1.307E-01 4.153E-01 7.062E-01 1.168E+00 1.240E+01 4.622E+00 7.69E-04
    6   1.0901  1.45E-02 9.636E-03 8.317E-02 1.368E-04 1.698E-03 1.362E-01 4.078E-01 7.043E-01 1.240E+00 1.395E+01 3.639E+00 8.21E-04
    7   1.1045  1.47E-02 1.042E-02 8.042E-02 1.404E-04 2.060E-03 1.413E-01 4.011E-01 6.876E-01 1.277E+00 1.505E+01 3.409E+00 8.42E-04
    8   1.1192  1.44E-02 1.125E-02 7.802E-02 1.407E-04 2.410E-03 1.468E-01 3.950E-01 7.337E-01 1.273E+00 1.585E+01 3.922E+00 8.44E-04
    9   1.1336  1.41E-02 1.209E-02 7.601E-02 1.395E-04 2.731E-03 1.523E-01 3.899E-01 7.540E-01 1.253E+00 1.646E+01 4.682E+00 8.37E-04
   10   1.1478  1.41E-02 1.285E-02 7.433E-02 1.382E-04 3.021E-03 1.572E-01 3.856E-01 7.341E-01 1.238E+00 1.697E+01 5.235E+00 8.29E-04
   11   1.1619  1.47E-02 1.351E-02 7.289E-02 1.375E-04 3.285E-03 1.613E-01 3.818E-01 7.517E-01 1.312E+00 1.746E+01 5.423E+00 8.25E-04
   12   1.1766  1.50E-02 1.408E-02 7.159E-02 1.377E-04 3.533E-03 1.648E-01 3.784E-01 7.739E-01 1.349E+00 1.796E+01 5.300E+00 8.26E-04
   13   1.1916  1.49E-02 1.458E-02 7.042E-02 1.390E-04 3.759E-03 1.679E-01 3.753E-01 7.832E-01 1.333E+00 1.846E+01 5.031E+00 8.34E-04
   14   1.2065  1.50E-02 1.503E-02 6.935E-02 1.411E-04 3.960E-03 1.707E-01 3.724E-01 7.763E-01 1.276E+00 1.892E+01 4.782E+00 8.47E-04
   15   1.2215  1.49E-02 1.546E-02 6.834E-02 1.438E-04 4.141E-03 1.733E-01 3.697E-01 7.695E-01 1.218E+00 1.933E+01 4.616E+00 8.63E-04
   16   1.2364  1.47E-02 1.587E-02 6.741E-02 1.466E-04 4.303E-03 1.757E-01 3.672E-01 7.763E-01 1.198E+00 1.967E+01 4.527E+00 8.80E-04
   17   1.2511  1.45E-02 1.626E-02 6.654E-02 1.494E-04 4.448E-03 1.779E-01 3.648E-01 7.887E-01 1.177E+00 1.994E+01 4.477E+00 8.96E-04
   18   1.2655  1.43E-02 1.661E-02 6.572E-02 1.518E-04 4.579E-03 1.799E-01 3.626E-01 7.952E-01 1.180E+00 2.014E+01 4.436E+00 9.11E-04
   19   1.2798  1.42E-02 1.694E-02 6.496E-02 1.539E-04 4.699E-03 1.818E-01 3.604E-01 7.993E-01 1.166E+00 2.030E+01 4.394E+00 9.23E-04
   20   1.2941  1.41E-02 1.723E-02 6.424E-02 1.555E-04 4.811E-03 1.834E-01 3.584E-01 8.294E-01 1.146E+00 2.042E+01 4.352E+00 9.33E-04
   21   1.3082  1.41E-02 1.749E-02 6.356E-02 1.567E-04 4.917E-03 1.848E-01 3.565E-01 8.470E-01 1.170E+00 2.051E+01 4.316E+00 9.40E-04
   22   1.3223  1.40E-02 1.772E-02 6.292E-02 1.576E-04 5.018E-03 1.861E-01 3.547E-01 8.494E-01 1.171E+00 2.057E+01 4.284E+00 9.46E-04
   23   1.3363  1.40E-02 1.793E-02 6.230E-02 1.582E-04 5.114E-03 1.872E-01 3.530E-01 8.359E-01 1.145E+00 2.062E+01 4.256E+00 9.49E-04
   24   1.3502  1.38E-02 1.811E-02 6.171E-02 1.586E-04 5.208E-03 1.881E-01 3.513E-01 8.589E-01 1.098E+00 2.066E+01 4.227E+00 9.52E-04
   25   1.3640  1.33E-02 1.826E-02 6.115E-02 1.589E-04 5.296E-03 1.889E-01 3.497E-01 9.092E-01 1.088E+00 2.069E+01 4.194E+00 9.54E-04
   26   1.3773  1.32E-02 1.838E-02 6.063E-02 1.592E-04 5.380E-03 1.896E-01 3.482E-01 9.238E-01 1.098E+00 2.071E+01 4.158E+00 9.55E-04
   27   1.3905  1.35E-02 1.849E-02 6.013E-02 1.593E-04 5.461E-03 1.902E-01 3.468E-01 9.072E-01 1.117E+00 2.072E+01 4.121E+00 9.56E-04
   28   1.4039  1.38E-02 1.858E-02 5.962E-02 1.595E-04 5.542E-03 1.907E-01 3.453E-01 8.702E-01 1.129E+00 2.073E+01 4.083E+00 9.57E-04
   29   1.4177  1.40E-02 1.866E-02 5.912E-02 1.597E-04 5.623E-03 1.912E-01 3.439E-01 9.046E-01 1.133E+00 2.074E+01 4.049E+00 9.58E-04
   30   1.4317  1.40E-02 1.873E-02 5.862E-02 1.600E-04 5.703E-03 1.916E-01 3.424E-01 9.317E-01 1.129E+00 2.074E+01 4.019E+00 9.60E-04
   31   1.4457  1.38E-02 1.879E-02 5.813E-02 1.602E-04 5.781E-03 1.919E-01 3.410E-01 9.388E-01 1.119E+00 2.074E+01 3.994E+00 9.61E-04
   32   1.4595  1.37E-02 1.884E-02 5.766E-02 1.605E-04 5.856E-03 1.922E-01 3.396E-01 9.255E-01 1.105E+00 2.073E+01 3.971E+00 9.63E-04
   33   1.4732  1.38E-02 1.887E-02 5.719E-02 1.608E-04 5.928E-03 1.924E-01 3.382E-01 8.963E-01 1.088E+00 2.072E+01 3.947E+00 9.65E-04
   34   1.4869  1.40E-02 1.889E-02 5.674E-02 1.611E-04 5.999E-03 1.925E-01 3.369E-01 8.579E-01 1.071E+00 2.070E+01 3.920E+00 9.66E-04
   35   1.5009  1.43E-02 1.889E-02 5.628E-02 1.613E-04 6.070E-03 1.926E-01 3.355E-01 8.419E-01 1.075E+00 2.069E+01 3.888E+00 9.68E-04
   36   1.5152  1.44E-02 1.889E-02 5.582E-02 1.616E-04 6.140E-03 1.926E-01 3.341E-01 8.579E-01 1.086E+00 2.066E+01 3.851E+00 9.70E-04
   37   1.5296  1.44E-02 1.887E-02 5.537E-02 1.619E-04 6.208E-03 1.925E-01 3.328E-01 8.912E-01 1.098E+00 2.064E+01 3.812E+00 9.72E-04
   38   1.5439  1.44E-02 1.885E-02 5.492E-02 1.622E-04 6.274E-03 1.924E-01 3.314E-01 9.250E-01 1.108E+00 2.061E+01 3.774E+00 9.73E-04
   39   1.5584  1.44E-02 1.882E-02 5.448E-02 1.625E-04 6.337E-03 1.923E-01 3.301E-01 9.547E-01 1.118E+00 2.057E+01 3.738E+00 9.75E-04
   40   1.5728  1.42E-02 1.878E-02 5.406E-02 1.627E-04 6.399E-03 1.921E-01 3.288E-01 9.724E-01 1.133E+00 2.053E+01 3.704E+00 9.76E-04
   41   1.5870  1.41E-02 1.873E-02 5.364E-02 1.630E-04 6.457E-03 1.919E-01 3.275E-01 9.881E-01 1.140E+00 2.049E+01 3.674E+00 9.78E-04
   42   1.6010  1.39E-02 1.868E-02 5.324E-02 1.633E-04 6.513E-03 1.916E-01 3.263E-01 1.013E+00 1.141E+00 2.045E+01 3.645E+00 9.80E-04
   43   1.6150  1.38E-02 1.862E-02 5.285E-02 1.636E-04 6.566E-03 1.913E-01 3.251E-01 1.009E+00 1.135E+00 2.040E+01 3.616E+00 9.82E-04
   44   1.6287  1.38E-02 1.856E-02 5.247E-02 1.639E-04 6.617E-03 1.910E-01 3.239E-01 9.743E-01 1.135E+00 2.035E+01 3.587E+00 9.83E-04
   45   1.6426  1.40E-02 1.849E-02 5.209E-02 1.642E-04 6.666E-03 1.907E-01 3.228E-01 9.429E-01 1.131E+00 2.029E+01 3.556E+00 9.85E-04
   46   1.6566  1.39E-02 1.841E-02 5.172E-02 1.645E-04 6.713E-03 1.903E-01 3.216E-01 9.588E-01 1.141E+00 2.023E+01 3.525E+00 9.87E-04
   47   1.6705  1.37E-02 1.833E-02 5.136E-02 1.648E-04 6.758E-03 1.899E-01 3.205E-01 9.564E-01 1.142E+00 2.017E+01 3.493E+00 9.89E-04
   48   1.6842  1.37E-02 1.824E-02 5.101E-02 1.650E-04 6.801E-03 1.895E-01 3.194E-01 9.567E-01 1.134E+00 2.011E+01 3.462E+00 9.90E-04
   49   1.6979  1.38E-02 1.815E-02 5.067E-02 1.653E-04 6.842E-03 1.891E-01 3.183E-01 9.438E-01 1.140E+00 2.004E+01 3.431E+00 9.92E-04
   50   1.7117  1.40E-02 1.806E-02 5.033E-02 1.656E-04 6.882E-03 1.886E-01 3.173E-01 9.219E-01 1.148E+00 1.997E+01 3.400E+00 9.93E-04
   51   1.7257  1.42E-02 1.796E-02 4.999E-02 1.658E-04 6.921E-03 1.881E-01 3.162E-01 8.966E-01 1.156E+00 1.990E+01 3.369E+00 9.95E-04
   52   1.7398  1.44E-02 1.785E-02 4.966E-02 1.661E-04 6.959E-03 1.876E-01 3.151E-01 8.713E-01 1.163E+00 1.982E+01 3.339E+00 9.96E-04
   53   1.7542  1.46E-02 1.775E-02 4.932E-02 1.663E-04 6.996E-03 1.870E-01 3.141E-01 8.852E-01 1.170E+00 1.974E+01 3.309E+00 9.98E-04
   54   1.7688  1.47E-02 1.763E-02 4.899E-02 1.666E-04 7.032E-03 1.864E-01 3.130E-01 8.925E-01 1.190E+00 1.966E+01 3.279E+00 9.99E-04
   55   1.7836  1.46E-02 1.751E-02 4.866E-02 1.668E-04 7.066E-03 1.858E-01 3.120E-01 8.785E-01 1.208E+00 1.957E+01 3.248E+00 1.00E-03
   56   1.7981  1.44E-02 1.740E-02 4.835E-02 1.670E-04 7.100E-03 1.852E-01 3.110E-01 8.487E-01 1.211E+00 1.948E+01 3.219E+00 1.00E-03
   57   1.8126  1.45E-02 1.727E-02 4.804E-02 1.672E-04 7.131E-03 1.846E-01 3.100E-01 8.485E-01 1.200E+00 1.939E+01 3.189E+00 1.00E-03
   58   1.8270  1.47E-02 1.715E-02 4.773E-02 1.674E-04 7.162E-03 1.840E-01 3.090E-01 8.518E-01 1.180E+00 1.930E+01 3.159E+00 1.00E-03
   59   1.8417  1.46E-02 1.702E-02 4.743E-02 1.676E-04 7.191E-03 1.833E-01 3.080E-01 8.480E-01 1.177E+00 1.921E+01 3.128E+00 1.01E-03
   60   1.8563  1.45E-02 1.690E-02 4.713E-02 1.678E-04 7.220E-03 1.827E-01 3.070E-01 8.596E-01 1.180E+00 1.912E+01 3.097E+00 1.01E-03
   61   1.8708  1.45E-02 1.677E-02 4.685E-02 1.679E-04 7.247E-03 1.820E-01 3.061E-01 8.557E-01 1.181E+00 1.902E+01 3.067E+00 1.01E-03
   62   1.8852  1.44E-02 1.664E-02 4.656E-02 1.681E-04 7.273E-03 1.813E-01 3.052E-01 8.546E-01 1.180E+00 1.893E+01 3.038E+00 1.01E-03
   63   1.8996  1.42E-02 1.651E-02 4.629E-02 1.683E-04 7.298E-03 1.806E-01 3.043E-01 8.588E-01 1.202E+00 1.883E+01 3.010E+00 1.01E-03
   64   1.9138  1.40E-02 1.638E-02 4.602E-02 1.684E-04 7.322E-03 1.799E-01 3.034E-01 8.640E-01 1.208E+00 1.874E+01 2.982E+00 1.01E-03
   65   1.9278  1.39E-02 1.625E-02 4.576E-02 1.685E-04 7.345E-03 1.793E-01 3.025E-01 8.676E-01 1.204E+00 1.864E+01 2.955E+00 1.01E-03
   66   1.9417  1.38E-02 1.612E-02 4.550E-02 1.687E-04 7.367E-03 1.786E-01 3.017E-01 8.668E-01 1.202E+00 1.855E+01 2.929E+00 1.01E-03
   67   1.9556  1.39E-02 1.600E-02 4.525E-02 1.688E-04 7.389E-03 1.779E-01 3.008E-01 8.756E-01 1.192E+00 1.845E+01 2.903E+00 1.01E-03
   68   1.9694  1.39E-02 1.587E-02 4.500E-02 1.689E-04 7.409E-03 1.772E-01 3.000E-01 8.713E-01 1.184E+00 1.836E+01 2.876E+00 1.01E-03
   69   1.9833  1.38E-02 1.574E-02 4.476E-02 1.690E-04 7.429E-03 1.765E-01 2.992E-01 8.719E-01 1.184E+00 1.826E+01 2.850E+00 1.01E-03
   70   1.9971  1.40E-02 1.561E-02 4.452E-02 1.691E-04 7.448E-03 1.758E-01 2.984E-01 8.793E-01 1.204E+00 1.816E+01 2.824E+00 1.01E-03
   71   2.0112  1.39E-02 1.548E-02 4.428E-02 1.692E-04 7.467E-03 1.751E-01 2.976E-01 8.774E-01 1.214E+00 1.807E+01 2.798E+00 1.02E-03
   72   2.0250  1.40E-02 1.535E-02 4.404E-02 1.693E-04 7.485E-03 1.744E-01 2.968E-01 8.571E-01 1.212E+00 1.797E+01 2.772E+00 1.02E-03
   73   2.0391  1.43E-02 1.523E-02 4.381E-02 1.694E-04 7.503E-03 1.737E-01 2.960E-01 8.537E-01 1.213E+00 1.787E+01 2.746E+00 1.02E-03
   74   2.0534  1.40E-02 1.509E-02 4.357E-02 1.695E-04 7.521E-03 1.729E-01 2.952E-01 8.423E-01 1.224E+00 1.777E+01 2.720E+00 1.02E-03
   75   2.0674  1.38E-02 1.496E-02 4.335E-02 1.696E-04 7.538E-03 1.722E-01 2.944E-01 8.241E-01 1.227E+00 1.767E+01 2.695E+00 1.02E-03
   76   2.0812  1.42E-02 1.484E-02 4.312E-02 1.696E-04 7.554E-03 1.715E-01 2.937E-01 8.322E-01 1.221E+00 1.757E+01 2.670E+00 1.02E-03
   77   2.0954  1.47E-02 1.471E-02 4.290E-02 1.697E-04 7.570E-03 1.708E-01 2.929E-01 8.410E-01 1.209E+00 1.747E+01 2.645E+00 1.02E-03
   78   2.1101  1.46E-02 1.458E-02 4.267E-02 1.698E-04 7.586E-03 1.700E-01 2.921E-01 8.481E-01 1.209E+00 1.737E+01 2.619E+00 1.02E-03
   79   2.1247  1.46E-02 1.444E-02 4.244E-02 1.698E-04 7.601E-03 1.693E-01 2.913E-01 8.652E-01 1.216E+00 1.726E+01 2.593E+00 1.02E-03
   80   2.1392  1.45E-02 1.431E-02 4.222E-02 1.699E-04 7.616E-03 1.685E-01 2.906E-01 8.756E-01 1.222E+00 1.716E+01 2.568E+00 1.02E-03
   81   2.1537  1.44E-02 1.418E-02 4.200E-02 1.700E-04 7.631E-03 1.678E-01 2.898E-01 8.771E-01 1.223E+00 1.705E+01 2.543E+00 1.02E-03
   82   2.1681  1.44E-02 1.405E-02 4.178E-02 1.700E-04 7.644E-03 1.670E-01 2.891E-01 8.683E-01 1.220E+00 1.695E+01 2.519E+00 1.02E-03
   83   2.1825  1.43E-02 1.393E-02 4.157E-02 1.701E-04 7.658E-03 1.663E-01 2.883E-01 8.491E-01 1.216E+00 1.685E+01 2.495E+00 1.02E-03
   84   2.1968  1.42E-02 1.380E-02 4.136E-02 1.701E-04 7.671E-03 1.655E-01 2.876E-01 8.210E-01 1.214E+00 1.674E+01 2.471E+00 1.02E-03
   85   2.2111  1.41E-02 1.368E-02 4.115E-02 1.701E-04 7.683E-03 1.648E-01 2.869E-01 8.102E-01 1.216E+00 1.664E+01 2.448E+00 1.02E-03
   86   2.2252  1.41E-02 1.355E-02 4.095E-02 1.702E-04 7.696E-03 1.641E-01 2.862E-01 8.135E-01 1.221E+00 1.654E+01 2.425E+00 1.02E-03
   87   2.2393  1.42E-02 1.343E-02 4.075E-02 1.702E-04 7.707E-03 1.634E-01 2.855E-01 8.129E-01 1.227E+00 1.644E+01 2.402E+00 1.02E-03
   88   2.2535  1.43E-02 1.331E-02 4.055E-02 1.702E-04 7.719E-03 1.626E-01 2.848E-01 8.065E-01 1.235E+00 1.634E+01 2.380E+00 1.02E-03
   89   2.2678  1.42E-02 1.319E-02 4.035E-02 1.703E-04 7.730E-03 1.619E-01 2.841E-01 7.864E-01 1.238E+00 1.624E+01 2.357E+00 1.02E-03
   90   2.2819  1.40E-02 1.307E-02 4.015E-02 1.703E-04 7.741E-03 1.612E-01 2.834E-01 7.666E-01 1.242E+00 1.614E+01 2.335E+00 1.02E-03
   91   2.2960  1.40E-02 1.296E-02 3.996E-02 1.703E-04 7.751E-03 1.605E-01 2.827E-01 7.718E-01 1.248E+00 1.604E+01 2.313E+00 1.02E-03
   92   2.3100  1.41E-02 1.284E-02 3.977E-02 1.704E-04 7.761E-03 1.598E-01 2.820E-01 7.809E-01 1.255E+00 1.594E+01 2.292E+00 1.02E-03
   93   2.3240  1.41E-02 1.272E-02 3.959E-02 1.704E-04 7.770E-03 1.591E-01 2.814E-01 7.811E-01 1.263E+00 1.584E+01 2.270E+00 1.02E-03
   94   2.3381  1.41E-02 1.261E-02 3.940E-02 1.705E-04 7.780E-03 1.584E-01 2.807E-01 7.909E-01 1.269E+00 1.574E+01 2.249E+00 1.02E-03
   95   2.3522  1.41E-02 1.250E-02 3.921E-02 1.705E-04 7.789E-03 1.577E-01 2.800E-01 8.071E-01 1.273E+00 1.564E+01 2.228E+00 1.02E-03
   96   2.3663  1.42E-02 1.239E-02 3.903E-02 1.706E-04 7.797E-03 1.570E-01 2.794E-01 8.122E-01 1.274E+00 1.555E+01 2.208E+00 1.02E-03
   97   2.3805  1.42E-02 1.227E-02 3.885E-02 1.706E-04 7.806E-03 1.563E-01 2.787E-01 8.055E-01 1.272E+00 1.545E+01 2.187E+00 1.02E-03
   98   2.3947  1.42E-02 1.216E-02 3.867E-02 1.706E-04 7.814E-03 1.556E-01 2.781E-01 8.059E-01 1.267E+00 1.535E+01 2.167E+00 1.02E-03
   99   2.4089  1.43E-02 1.205E-02 3.849E-02 1.706E-04 7.822E-03 1.549E-01 2.774E-01 8.271E-01 1.258E+00 1.525E+01 2.147E+00 1.02E-03
  100   2.4233  1.44E-02 1.194E-02 3.831E-02 1.707E-04 7.830E-03 1.542E-01 2.768E-01 8.350E-01 1.245E+00 1.515E+01 2.127E+00 1.02E-03
  101   2.4377  1.46E-02 1.183E-02 3.813E-02 1.707E-04 7.838E-03 1.535E-01 2.761E-01 8.279E-01 1.231E+00 1.505E+01 2.107E+00 1.02E-03
  102   2.4523  1.49E-02 1.172E-02 3.795E-02 1.707E-04 7.845E-03 1.528E-01 2.755E-01 8.064E-01 1.226E+00 1.495E+01 2.086E+00 1.02E-03
  103   2.4673  1.49E-02 1.161E-02 3.777E-02 1.708E-04 7.853E-03 1.521E-01 2.748E-01 7.970E-01 1.228E+00 1.485E+01 2.066E+00 1.02E-03
  104   2.4822  1.49E-02 1.150E-02 3.759E-02 1.708E-04 7.860E-03 1.513E-01 2.742E-01 7.869E-01 1.237E+00 1.475E+01 2.045E+00 1.02E-03
  105   2.4971  1.49E-02 1.139E-02 3.741E-02 1.709E-04 7.866E-03 1.506E-01 2.735E-01 7.726E-01 1.246E+00 1.465E+01 2.025E+00 1.03E-03
  106   2.5119  1.49E-02 1.129E-02 3.723E-02 1.709E-04 7.873E-03 1.499E-01 2.729E-01 7.550E-01 1.248E+00 1.455E+01 2.006E+00 1.03E-03
  107   2.5268  1.49E-02 1.118E-02 3.706E-02 1.710E-04 7.879E-03 1.493E-01 2.722E-01 7.346E-01 1.246E+00 1.445E+01 1.986E+00 1.03E-03
  108   2.5416  1.49E-02 1.108E-02 3.689E-02 1.710E-04 7.885E-03 1.486E-01 2.716E-01 7.242E-01 1.242E+00 1.435E+01 1.967E+00 1.03E-03
  109   2.5565  1.49E-02 1.098E-02 3.672E-02 1.711E-04 7.891E-03 1.479E-01 2.710E-01 7.364E-01 1.236E+00 1.426E+01 1.948E+00 1.03E-03
  110   2.5714  1.48E-02 1.087E-02 3.655E-02 1.711E-04 7.897E-03 1.472E-01 2.704E-01 7.433E-01 1.227E+00 1.416E+01 1.929E+00 1.03E-03
  111   2.5862  1.45E-02 1.077E-02 3.638E-02 1.712E-04 7.903E-03 1.465E-01 2.697E-01 7.442E-01 1.217E+00 1.406E+01 1.911E+00 1.03E-03
  112   2.6008  1.42E-02 1.068E-02 3.622E-02 1.712E-04 7.908E-03 1.459E-01 2.691E-01 7.470E-01 1.206E+00 1.397E+01 1.893E+00 1.03E-03
  113   2.6150  1.40E-02 1.058E-02 3.606E-02 1.712E-04 7.913E-03 1.452E-01 2.686E-01 7.490E-01 1.202E+00 1.388E+01 1.876E+00 1.03E-03
  114   2.6290  1.37E-02 1.049E-02 3.591E-02 1.712E-04 7.918E-03 1.446E-01 2.680E-01 7.529E-01 1.201E+00 1.379E+01 1.859E+00 1.03E-03
  115   2.6427  1.35E-02 1.040E-02 3.576E-02 1.712E-04 7.923E-03 1.440E-01 2.674E-01 7.590E-01 1.205E+00 1.370E+01 1.843E+00 1.03E-03
  116   2.6562  1.33E-02 1.032E-02 3.561E-02 1.712E-04 7.928E-03 1.434E-01 2.669E-01 7.577E-01 1.210E+00 1.361E+01 1.827E+00 1.03E-03
  117   2.6695  1.31E-02 1.023E-02 3.547E-02 1.712E-04 7.932E-03 1.428E-01 2.664E-01 7.486E-01 1.214E+00 1.353E+01 1.812E+00 1.03E-03
  118   2.6826  1.30E-02 1.015E-02 3.533E-02 1.712E-04 7.936E-03 1.423E-01 2.658E-01 7.316E-01 1.222E+00 1.345E+01 1.798E+00 1.03E-03
  119   2.6956  1.29E-02 1.007E-02 3.520E-02 1.712E-04 7.940E-03 1.417E-01 2.653E-01 7.078E-01 1.230E+00 1.337E+01 1.783E+00 1.03E-03
  120   2.7085  1.29E-02 9.991E-03 3.506E-02 1.712E-04 7.944E-03 1.412E-01 2.648E-01 7.035E-01 1.236E+00 1.329E+01 1.769E+00 1.03E-03
  121   2.7214  1.29E-02 9.913E-03 3.493E-02 1.713E-04 7.948E-03 1.406E-01 2.643E-01 7.114E-01 1.242E+00 1.321E+01 1.755E+00 1.03E-03
  122   2.7342  1.29E-02 9.836E-03 3.480E-02 1.713E-04 7.952E-03 1.401E-01 2.638E-01 7.145E-01 1.245E+00 1.313E+01 1.741E+00 1.03E-03
  123   2.7471  1.29E-02 9.760E-03 3.467E-02 1.713E-04 7.955E-03 1.395E-01 2.633E-01 7.116E-01 1.246E+00 1.305E+01 1.728E+00 1.03E-03
  124   2.7599  1.29E-02 9.684E-03 3.454E-02 1.713E-04 7.959E-03 1.390E-01 2.628E-01 7.229E-01 1.244E+00 1.297E+01 1.714E+00 1.03E-03
  125   2.7729  1.30E-02 9.609E-03 3.441E-02 1.714E-04 7.962E-03 1.385E-01 2.623E-01 7.325E-01 1.238E+00 1.289E+01 1.701E+00 1.03E-03
  126   2.7858  1.30E-02 9.535E-03 3.428E-02 1.714E-04 7.966E-03 1.379E-01 2.618E-01 7.282E-01 1.229E+00 1.282E+01 1.687E+00 1.03E-03
  127   2.7988  1.30E-02 9.461E-03 3.415E-02 1.714E-04 7.969E-03 1.374E-01 2.613E-01 7.191E-01 1.218E+00 1.274E+01 1.674E+00 1.03E-03
  128   2.8118  1.31E-02 9.388E-03 3.402E-02 1.714E-04 7.972E-03 1.369E-01 2.609E-01 7.162E-01 1.206E+00 1.266E+01 1.661E+00 1.03E-03
  129   2.8249  1.31E-02 9.315E-03 3.390E-02 1.714E-04 7.975E-03 1.364E-01 2.604E-01 7.108E-01 1.194E+00 1.259E+01 1.647E+00 1.03E-03
  130   2.8380  1.31E-02 9.243E-03 3.377E-02 1.714E-04 7.979E-03 1.358E-01 2.599E-01 7.037E-01 1.182E+00 1.251E+01 1.634E+00 1.03E-03
  131   2.8511  1.32E-02 9.171E-03 3.365E-02 1.714E-04 7.982E-03 1.353E-01 2.594E-01 6.948E-01 1.170E+00 1.243E+01 1.621E+00 1.03E-03
  132   2.8643  1.33E-02 9.100E-03 3.352E-02 1.714E-04 7.985E-03 1.348E-01 2.589E-01 6.838E-01 1.159E+00 1.236E+01 1.609E+00 1.03E-03
  133   2.8776  1.34E-02 9.030E-03 3.340E-02 1.714E-04 7.988E-03 1.343E-01 2.584E-01 6.700E-01 1.153E+00 1.228E+01 1.596E+00 1.03E-03
  134   2.8910  1.36E-02 8.959E-03 3.327E-02 1.714E-04 7.991E-03 1.338E-01 2.580E-01 6.608E-01 1.149E+00 1.221E+01 1.583E+00 1.03E-03
  135   2.9046  1.38E-02 8.888E-03 3.315E-02 1.714E-04 7.994E-03 1.332E-01 2.575E-01 6.691E-01 1.151E+00 1.213E+01 1.570E+00 1.03E-03
  136   2.9184  1.40E-02 8.817E-03 3.302E-02 1.714E-04 7.997E-03 1.327E-01 2.570E-01 6.764E-01 1.150E+00 1.205E+01 1.557E+00 1.03E-03
  137   2.9324  1.41E-02 8.747E-03 3.289E-02 1.714E-04 8.000E-03 1.322E-01 2.565E-01 6.782E-01 1.147E+00 1.197E+01 1.544E+00 1.03E-03
  138   2.9465  1.42E-02 8.676E-03 3.277E-02 1.715E-04 8.003E-03 1.316E-01 2.560E-01 6.774E-01 1.144E+00 1.190E+01 1.531E+00 1.03E-03
  139   2.9607  1.43E-02 8.605E-03 3.264E-02 1.715E-04 8.005E-03 1.311E-01 2.555E-01 6.726E-01 1.139E+00 1.182E+01 1.518E+00 1.03E-03
  140   2.9750  1.43E-02 8.535E-03 3.251E-02 1.715E-04 8.008E-03 1.306E-01 2.550E-01 6.658E-01 1.136E+00 1.174E+01 1.505E+00 1.03E-03
  141   2.9893  1.44E-02 8.466E-03 3.239E-02 1.715E-04 8.011E-03 1.301E-01 2.545E-01 6.666E-01 1.133E+00 1.166E+01 1.492E+00 1.03E-03
  142   3.0037  1.45E-02 8.397E-03 3.226E-02 1.716E-04 8.013E-03 1.295E-01 2.540E-01 6.701E-01 1.128E+00 1.159E+01 1.479E+00 1.03E-03
  143   3.0182  1.46E-02 8.328E-03 3.214E-02 1.716E-04 8.016E-03 1.290E-01 2.535E-01 6.700E-01 1.121E+00 1.151E+01 1.467E+00 1.03E-03
  144   3.0328  1.48E-02 8.260E-03 3.201E-02 1.716E-04 8.019E-03 1.285E-01 2.530E-01 6.693E-01 1.115E+00 1.143E+01 1.454E+00 1.03E-03
  145   3.0476  1.50E-02 8.191E-03 3.188E-02 1.716E-04 8.021E-03 1.279E-01 2.525E-01 6.708E-01 1.114E+00 1.135E+01 1.441E+00 1.03E-03
  146   3.0626  1.52E-02 8.123E-03 3.176E-02 1.716E-04 8.024E-03 1.274E-01 2.520E-01 6.691E-01 1.127E+00 1.128E+01 1.428E+00 1.03E-03
  147   3.0778  1.53E-02 8.055E-03 3.163E-02 1.716E-04 8.027E-03 1.269E-01 2.515E-01 6.642E-01 1.134E+00 1.120E+01 1.415E+00 1.03E-03
  148   3.0930  1.53E-02 7.987E-03 3.151E-02 1.716E-04 8.029E-03 1.263E-01 2.510E-01 6.563E-01 1.136E+00 1.112E+01 1.402E+00 1.03E-03
  149   3.1083  1.53E-02 7.920E-03 3.138E-02 1.716E-04 8.032E-03 1.258E-01 2.505E-01 6.743E-01 1.133E+00 1.104E+01 1.390E+00 1.03E-03
  150   3.1236  1.53E-02 7.853E-03 3.126E-02 1.717E-04 8.034E-03 1.253E-01 2.500E-01 6.842E-01 1.130E+00 1.096E+01 1.377E+00 1.03E-03
  151   3.1388  1.53E-02 7.788E-03 3.113E-02 1.717E-04 8.037E-03 1.248E-01 2.495E-01 6.839E-01 1.124E+00 1.089E+01 1.365E+00 1.03E-03
  152   3.1542  1.55E-02 7.723E-03 3.101E-02 1.717E-04 8.039E-03 1.243E-01 2.490E-01 6.735E-01 1.117E+00 1.081E+01 1.353E+00 1.03E-03
#--it-----t--------dt-------EEK-------EEM-------EEGW------hrms------urms------brms------umax------bmax------o2m------divu2m----gg2m---
    0   3.1696  1.56E-02 7.658E-03 3.089E-02 1.717E-04 8.041E-03 1.237E-01 2.486E-01 6.765E-01 1.111E+00 1.074E+01 1.341E+00 1.03E-03
    1   3.1852  1.58E-02 7.594E-03 3.077E-02 1.717E-04 8.044E-03 1.232E-01 2.481E-01 6.694E-01 1.103E+00 1.066E+01 1.328E+00 1.03E-03
    2   3.2010  1.59E-02 7.529E-03 3.064E-02 1.717E-04 8.046E-03 1.227E-01 2.476E-01 6.602E-01 1.098E+00 1.058E+01 1.316E+00 1.03E-03
    3   3.2170  1.61E-02 7.465E-03 3.052E-02 1.717E-04 8.049E-03 1.222E-01 2.471E-01 6.626E-01 1.095E+00 1.051E+01 1.304E+00 1.03E-03
    4   3.2331  1.62E-02 7.401E-03 3.040E-02 1.717E-04 8.051E-03 1.217E-01 2.466E-01 6.599E-01 1.095E+00 1.043E+01 1.292E+00 1.03E-03
    5   3.2493  1.64E-02 7.338E-03 3.028E-02 1.717E-04 8.054E-03 1.211E-01 2.461E-01 6.520E-01 1.095E+00 1.036E+01 1.280E+00 1.03E-03
    6   3.2656  1.65E-02 7.274E-03 3.015E-02 1.717E-04 8.056E-03 1.206E-01 2.456E-01 6.382E-01 1.094E+00 1.028E+01 1.267E+00 1.03E-03
    7   3.2821  1.67E-02 7.211E-03 3.003E-02 1.717E-04 8.059E-03 1.201E-01 2.451E-01 6.271E-01 1.090E+00 1.020E+01 1.255E+00 1.03E-03
    8   3.2988  1.69E-02 7.149E-03 2.991E-02 1.717E-04 8.061E-03 1.196E-01 2.446E-01 6.166E-01 1.085E+00 1.013E+01 1.243E+00 1.03E-03
    9   3.3157  1.70E-02 7.086E-03 2.979E-02 1.717E-04 8.063E-03 1.191E-01 2.441E-01 6.109E-01 1.088E+00 1.005E+01 1.231E+00 1.03E-03
   10   3.3326  1.71E-02 7.024E-03 2.967E-02 1.717E-04 8.066E-03 1.185E-01 2.436E-01 6.024E-01 1.088E+00 9.974E+00 1.219E+00 1.03E-03
   11   3.3497  1.71E-02 6.962E-03 2.954E-02 1.717E-04 8.068E-03 1.180E-01 2.431E-01 6.115E-01 1.089E+00 9.898E+00 1.207E+00 1.03E-03
   12   3.3669  1.71E-02 6.901E-03 2.942E-02 1.717E-04 8.071E-03 1.175E-01 2.426E-01 6.214E-01 1.085E+00 9.823E+00 1.195E+00 1.03E-03
   13   3.3840  1.72E-02 6.840E-03 2.930E-02 1.717E-04 8.073E-03 1.170E-01 2.421E-01 6.297E-01 1.076E+00 9.749E+00 1.184E+00 1.03E-03
   14   3.4012  1.71E-02 6.781E-03 2.918E-02 1.717E-04 8.075E-03 1.165E-01 2.416E-01 6.295E-01 1.066E+00 9.674E+00 1.172E+00 1.03E-03
   15   3.4183  1.71E-02 6.722E-03 2.907E-02 1.717E-04 8.078E-03 1.160E-01 2.411E-01 6.214E-01 1.071E+00 9.601E+00 1.161E+00 1.03E-03
   16   3.4354  1.71E-02 6.664E-03 2.895E-02 1.717E-04 8.080E-03 1.155E-01 2.406E-01 6.067E-01 1.080E+00 9.529E+00 1.150E+00 1.03E-03
   17   3.4525  1.72E-02 6.607E-03 2.884E-02 1.717E-04 8.082E-03 1.150E-01 2.401E-01 6.055E-01 1.087E+00 9.458E+00 1.138E+00 1.03E-03
   18   3.4697  1.72E-02 6.550E-03 2.872E-02 1.717E-04 8.084E-03 1.145E-01 2.397E-01 6.156E-01 1.092E+00 9.386E+00 1.127E+00 1.03E-03
   19   3.4869  1.71E-02 6.494E-03 2.861E-02 1.718E-04 8.087E-03 1.140E-01 2.392E-01 6.300E-01 1.094E+00 9.316E+00 1.117E+00 1.03E-03
   20   3.5040  1.70E-02 6.439E-03 2.850E-02 1.718E-04 8.089E-03 1.135E-01 2.387E-01 6.341E-01 1.096E+00 9.246E+00 1.106E+00 1.03E-03
   21   3.5211  1.70E-02 6.385E-03 2.838E-02 1.718E-04 8.091E-03 1.131E-01 2.383E-01 6.278E-01 1.098E+00 9.178E+00 1.096E+00 1.03E-03
   22   3.5380  1.69E-02 6.333E-03 2.828E-02 1.718E-04 8.094E-03 1.126E-01 2.378E-01 6.127E-01 1.099E+00 9.110E+00 1.086E+00 1.03E-03
   23   3.5549  1.68E-02 6.281E-03 2.817E-02 1.718E-04 8.096E-03 1.121E-01 2.374E-01 6.070E-01 1.097E+00 9.044E+00 1.076E+00 1.03E-03
   24   3.5717  1.67E-02 6.230E-03 2.806E-02 1.718E-04 8.098E-03 1.117E-01 2.369E-01 6.230E-01 1.090E+00 8.978E+00 1.066E+00 1.03E-03
   25   3.5884  1.67E-02 6.179E-03 2.796E-02 1.718E-04 8.100E-03 1.112E-01 2.365E-01 6.268E-01 1.080E+00 8.914E+00 1.057E+00 1.03E-03
   26   3.6051  1.66E-02 6.130E-03 2.786E-02 1.718E-04 8.102E-03 1.108E-01 2.360E-01 6.187E-01 1.082E+00 8.850E+00 1.047E+00 1.03E-03
   27   3.6218  1.66E-02 6.081E-03 2.775E-02 1.718E-04 8.105E-03 1.103E-01 2.356E-01 6.010E-01 1.079E+00 8.787E+00 1.038E+00 1.03E-03
   28   3.6384  1.66E-02 6.033E-03 2.765E-02 1.718E-04 8.107E-03 1.099E-01 2.352E-01 5.770E-01 1.070E+00 8.724E+00 1.029E+00 1.03E-03
   29   3.6550  1.66E-02 5.986E-03 2.755E-02 1.718E-04 8.109E-03 1.095E-01 2.347E-01 5.786E-01 1.057E+00 8.663E+00 1.020E+00 1.03E-03
   30   3.6716  1.67E-02 5.939E-03 2.745E-02 1.717E-04 8.111E-03 1.091E-01 2.343E-01 5.880E-01 1.070E+00 8.601E+00 1.011E+00 1.03E-03
   31   3.6882  1.67E-02 5.893E-03 2.736E-02 1.717E-04 8.113E-03 1.086E-01 2.339E-01 5.937E-01 1.083E+00 8.541E+00 1.002E+00 1.03E-03
   32   3.7050  1.68E-02 5.848E-03 2.726E-02 1.717E-04 8.116E-03 1.082E-01 2.335E-01 5.947E-01 1.097E+00 8.480E+00 9.936E-01 1.03E-03
   33   3.7217  1.69E-02 5.802E-03 2.716E-02 1.717E-04 8.118E-03 1.078E-01 2.331E-01 5.900E-01 1.110E+00 8.420E+00 9.850E-01 1.03E-03
   34   3.7386  1.70E-02 5.757E-03 2.706E-02 1.717E-04 8.120E-03 1.074E-01 2.327E-01 5.955E-01 1.124E+00 8.361E+00 9.764E-01 1.03E-03
   35   3.7556  1.71E-02 5.712E-03 2.697E-02 1.717E-04 8.122E-03 1.070E-01 2.322E-01 5.907E-01 1.135E+00 8.301E+00 9.679E-01 1.03E-03
   36   3.7728  1.73E-02 5.668E-03 2.687E-02 1.717E-04 8.124E-03 1.065E-01 2.318E-01 5.797E-01 1.143E+00 8.242E+00 9.594E-01 1.03E-03
   37   3.7900  1.73E-02 5.623E-03 2.677E-02 1.717E-04 8.126E-03 1.061E-01 2.314E-01 5.876E-01 1.146E+00 8.182E+00 9.510E-01 1.03E-03
   38   3.8074  1.70E-02 5.579E-03 2.668E-02 1.717E-04 8.128E-03 1.057E-01 2.310E-01 5.903E-01 1.144E+00 8.123E+00 9.427E-01 1.03E-03
   39   3.8244  1.68E-02 5.537E-03 2.658E-02 1.717E-04 8.130E-03 1.053E-01 2.306E-01 5.882E-01 1.138E+00 8.066E+00 9.346E-01 1.03E-03
   40   3.8412  1.66E-02 5.495E-03 2.649E-02 1.717E-04 8.132E-03 1.049E-01 2.302E-01 5.820E-01 1.128E+00 8.010E+00 9.268E-01 1.03E-03
   41   3.8577  1.65E-02 5.454E-03 2.640E-02 1.717E-04 8.133E-03 1.045E-01 2.298E-01 5.763E-01 1.121E+00 7.956E+00 9.192E-01 1.03E-03
   42   3.8742  1.64E-02 5.415E-03 2.631E-02 1.717E-04 8.135E-03 1.041E-01 2.294E-01 5.918E-01 1.115E+00 7.902E+00 9.117E-01 1.03E-03
   43   3.8906  1.65E-02 5.375E-03 2.623E-02 1.717E-04 8.137E-03 1.038E-01 2.290E-01 5.985E-01 1.109E+00 7.848E+00 9.043E-01 1.03E-03
   44   3.9071  1.66E-02 5.336E-03 2.614E-02 1.717E-04 8.138E-03 1.034E-01 2.287E-01 5.956E-01 1.105E+00 7.796E+00 8.969E-01 1.03E-03
   45   3.9237  1.68E-02 5.298E-03 2.605E-02 1.718E-04 8.140E-03 1.030E-01 2.283E-01 5.837E-01 1.102E+00 7.743E+00 8.896E-01 1.03E-03
   46   3.9405  1.70E-02 5.259E-03 2.597E-02 1.718E-04 8.141E-03 1.026E-01 2.279E-01 5.899E-01 1.100E+00 7.690E+00 8.823E-01 1.03E-03
   47   3.9575  1.72E-02 5.220E-03 2.588E-02 1.718E-04 8.143E-03 1.023E-01 2.275E-01 5.930E-01 1.099E+00 7.637E+00 8.750E-01 1.03E-03
   48   3.9748  1.71E-02 5.181E-03 2.579E-02 1.718E-04 8.145E-03 1.019E-01 2.271E-01 5.867E-01 1.098E+00 7.584E+00 8.677E-01 1.03E-03
   49   3.9919  1.70E-02 5.143E-03 2.571E-02 1.718E-04 8.146E-03 1.015E-01 2.267E-01 5.794E-01 1.094E+00 7.532E+00 8.606E-01 1.03E-03
   50   4.0089  1.70E-02 5.106E-03 2.562E-02 1.717E-04 8.148E-03 1.011E-01 2.264E-01 5.855E-01 1.089E+00 7.480E+00 8.537E-01 1.03E-03
   51   4.0260  1.71E-02 5.069E-03 2.554E-02 1.717E-04 8.149E-03 1.008E-01 2.260E-01 5.802E-01 1.081E+00 7.429E+00 8.468E-01 1.03E-03
   52   4.0431  1.73E-02 5.032E-03 2.545E-02 1.717E-04 8.151E-03 1.004E-01 2.256E-01 5.707E-01 1.072E+00 7.378E+00 8.400E-01 1.03E-03
   53   4.0604  1.75E-02 4.996E-03 2.537E-02 1.718E-04 8.152E-03 1.001E-01 2.252E-01 5.669E-01 1.062E+00 7.328E+00 8.331E-01 1.03E-03
   54   4.0779  1.76E-02 4.959E-03 2.528E-02 1.718E-04 8.154E-03 9.969E-02 2.249E-01 5.599E-01 1.061E+00 7.277E+00 8.262E-01 1.03E-03
   55   4.0955  1.77E-02 4.923E-03 2.520E-02 1.718E-04 8.155E-03 9.932E-02 2.245E-01 5.498E-01 1.074E+00 7.226E+00 8.192E-01 1.03E-03
   56   4.1132  1.78E-02 4.887E-03 2.512E-02 1.718E-04 8.157E-03 9.896E-02 2.241E-01 5.402E-01 1.085E+00 7.176E+00 8.123E-01 1.03E-03
   57   4.1310  1.80E-02 4.851E-03 2.503E-02 1.718E-04 8.158E-03 9.859E-02 2.237E-01 5.551E-01 1.092E+00 7.126E+00 8.054E-01 1.03E-03
   58   4.1490  1.81E-02 4.815E-03 2.495E-02 1.718E-04 8.160E-03 9.823E-02 2.234E-01 5.541E-01 1.096E+00 7.076E+00 7.985E-01 1.03E-03
   59   4.1671  1.81E-02 4.779E-03 2.486E-02 1.718E-04 8.162E-03 9.786E-02 2.230E-01 5.405E-01 1.096E+00 7.026E+00 7.917E-01 1.03E-03
   60   4.1852  1.80E-02 4.744E-03 2.478E-02 1.718E-04 8.163E-03 9.750E-02 2.226E-01 5.226E-01 1.094E+00 6.977E+00 7.850E-01 1.03E-03
   61   4.2032  1.79E-02 4.709E-03 2.470E-02 1.718E-04 8.165E-03 9.715E-02 2.223E-01 5.160E-01 1.090E+00 6.928E+00 7.785E-01 1.03E-03
   62   4.2211  1.78E-02 4.675E-03 2.462E-02 1.718E-04 8.166E-03 9.680E-02 2.219E-01 5.160E-01 1.085E+00 6.880E+00 7.722E-01 1.03E-03
   63   4.2389  1.78E-02 4.642E-03 2.454E-02 1.718E-04 8.168E-03 9.646E-02 2.215E-01 5.153E-01 1.077E+00 6.833E+00 7.659E-01 1.03E-03
   64   4.2567  1.78E-02 4.609E-03 2.446E-02 1.718E-04 8.169E-03 9.612E-02 2.212E-01 5.214E-01 1.069E+00 6.787E+00 7.598E-01 1.03E-03
   65   4.2744  1.78E-02 4.577E-03 2.438E-02 1.718E-04 8.170E-03 9.578E-02 2.208E-01 5.227E-01 1.058E+00 6.741E+00 7.537E-01 1.03E-03
   66   4.2923  1.80E-02 4.545E-03 2.430E-02 1.717E-04 8.172E-03 9.544E-02 2.205E-01 5.301E-01 1.047E+00 6.695E+00 7.476E-01 1.03E-03
   67   4.3102  1.78E-02 4.513E-03 2.423E-02 1.717E-04 8.173E-03 9.510E-02 2.201E-01 5.310E-01 1.034E+00 6.650E+00 7.416E-01 1.03E-03
   68   4.3280  1.76E-02 4.481E-03 2.415E-02 1.717E-04 8.175E-03 9.477E-02 2.198E-01 5.244E-01 1.022E+00 6.605E+00 7.356E-01 1.03E-03
   69   4.3457  1.76E-02 4.450E-03 2.408E-02 1.717E-04 8.176E-03 9.445E-02 2.194E-01 5.162E-01 1.011E+00 6.562E+00 7.298E-01 1.03E-03
   70   4.3632  1.76E-02 4.420E-03 2.400E-02 1.717E-04 8.177E-03 9.413E-02 2.191E-01 5.227E-01 1.001E+00 6.518E+00 7.242E-01 1.03E-03
   71   4.3808  1.77E-02 4.390E-03 2.393E-02 1.717E-04 8.178E-03 9.381E-02 2.188E-01 5.401E-01 9.936E-01 6.476E+00 7.187E-01 1.03E-03
   72   4.3985  1.78E-02 4.361E-03 2.386E-02 1.717E-04 8.179E-03 9.349E-02 2.184E-01 5.563E-01 9.872E-01 6.433E+00 7.132E-01 1.03E-03
   73   4.4163  1.80E-02 4.331E-03 2.378E-02 1.717E-04 8.180E-03 9.318E-02 2.181E-01 5.652E-01 9.816E-01 6.390E+00 7.078E-01 1.03E-03
   74   4.4343  1.82E-02 4.302E-03 2.371E-02 1.717E-04 8.181E-03 9.286E-02 2.178E-01 5.659E-01 9.783E-01 6.348E+00 7.023E-01 1.03E-03
   75   4.4525  1.83E-02 4.272E-03 2.364E-02 1.717E-04 8.182E-03 9.254E-02 2.174E-01 5.586E-01 9.735E-01 6.305E+00 6.967E-01 1.03E-03
   76   4.4708  1.83E-02 4.243E-03 2.356E-02 1.717E-04 8.183E-03 9.222E-02 2.171E-01 5.443E-01 9.737E-01 6.263E+00 6.912E-01 1.03E-03
   77   4.4890  1.83E-02 4.214E-03 2.349E-02 1.717E-04 8.184E-03 9.191E-02 2.167E-01 5.251E-01 9.785E-01 6.221E+00 6.858E-01 1.03E-03
   78   4.5073  1.83E-02 4.185E-03 2.342E-02 1.717E-04 8.185E-03 9.159E-02 2.164E-01 5.076E-01 9.819E-01 6.180E+00 6.804E-01 1.03E-03
   79   4.5256  1.84E-02 4.157E-03 2.335E-02 1.718E-04 8.186E-03 9.128E-02 2.161E-01 5.009E-01 9.829E-01 6.139E+00 6.750E-01 1.03E-03
   80   4.5440  1.85E-02 4.128E-03 2.328E-02 1.718E-04 8.187E-03 9.097E-02 2.158E-01 4.949E-01 9.815E-01 6.098E+00 6.698E-01 1.03E-03
   81   4.5624  1.85E-02 4.100E-03 2.320E-02 1.718E-04 8.188E-03 9.067E-02 2.154E-01 4.995E-01 9.781E-01 6.057E+00 6.645E-01 1.03E-03
   82   4.5809  1.85E-02 4.073E-03 2.313E-02 1.718E-04 8.188E-03 9.036E-02 2.151E-01 4.990E-01 9.742E-01 6.017E+00 6.593E-01 1.03E-03
   83   4.5994  1.83E-02 4.045E-03 2.306E-02 1.718E-04 8.189E-03 9.006E-02 2.148E-01 4.937E-01 9.706E-01 5.977E+00 6.542E-01 1.03E-03
   84   4.6177  1.82E-02 4.018E-03 2.300E-02 1.719E-04 8.190E-03 8.976E-02 2.145E-01 4.962E-01 9.678E-01 5.938E+00 6.492E-01 1.03E-03
   85   4.6359  1.81E-02 3.992E-03 2.293E-02 1.719E-04 8.191E-03 8.946E-02 2.141E-01 4.999E-01 9.659E-01 5.900E+00 6.443E-01 1.03E-03
   86   4.6540  1.80E-02 3.966E-03 2.286E-02 1.719E-04 8.191E-03 8.917E-02 2.138E-01 5.015E-01 9.646E-01 5.862E+00 6.396E-01 1.03E-03
   87   4.6720  1.80E-02 3.941E-03 2.280E-02 1.719E-04 8.192E-03 8.889E-02 2.135E-01 5.005E-01 9.638E-01 5.825E+00 6.349E-01 1.03E-03
   88   4.6900  1.81E-02 3.916E-03 2.273E-02 1.719E-04 8.193E-03 8.860E-02 2.132E-01 4.964E-01 9.636E-01 5.788E+00 6.303E-01 1.03E-03
   89   4.7081  1.81E-02 3.891E-03 2.266E-02 1.720E-04 8.194E-03 8.832E-02 2.129E-01 4.886E-01 9.641E-01 5.751E+00 6.257E-01 1.03E-03
   90   4.7262  1.80E-02 3.866E-03 2.260E-02 1.720E-04 8.195E-03 8.804E-02 2.126E-01 4.828E-01 9.655E-01 5.715E+00 6.211E-01 1.03E-03
   91   4.7443  1.79E-02 3.842E-03 2.254E-02 1.720E-04 8.196E-03 8.776E-02 2.123E-01 4.772E-01 9.676E-01 5.679E+00 6.167E-01 1.03E-03
   92   4.7622  1.79E-02 3.818E-03 2.247E-02 1.720E-04 8.197E-03 8.749E-02 2.120E-01 4.682E-01 9.705E-01 5.644E+00 6.123E-01 1.03E-03
   93   4.7801  1.79E-02 3.794E-03 2.241E-02 1.719E-04 8.198E-03 8.722E-02 2.117E-01 4.572E-01 9.740E-01 5.609E+00 6.080E-01 1.03E-03
   94   4.7980  1.79E-02 3.771E-03 2.235E-02 1.719E-04 8.200E-03 8.695E-02 2.114E-01 4.592E-01 9.779E-01 5.575E+00 6.037E-01 1.03E-03
   95   4.8160  1.80E-02 3.747E-03 2.229E-02 1.720E-04 8.201E-03 8.668E-02 2.111E-01 4.587E-01 9.821E-01 5.540E+00 5.995E-01 1.03E-03
   96   4.8340  1.81E-02 3.724E-03 2.222E-02 1.720E-04 8.202E-03 8.642E-02 2.108E-01 4.618E-01 9.864E-01 5.506E+00 5.954E-01 1.03E-03
   97   4.8521  1.83E-02 3.701E-03 2.216E-02 1.720E-04 8.204E-03 8.615E-02 2.105E-01 4.655E-01 9.900E-01 5.472E+00 5.912E-01 1.03E-03
   98   4.8704  1.85E-02 3.679E-03 2.210E-02 1.720E-04 8.205E-03 8.588E-02 2.102E-01 4.685E-01 9.924E-01 5.438E+00 5.870E-01 1.03E-03
   99   4.8889  1.86E-02 3.656E-03 2.204E-02 1.720E-04 8.207E-03 8.562E-02 2.100E-01 4.794E-01 9.928E-01 5.404E+00 5.828E-01 1.03E-03
  100   4.9075  1.85E-02 3.633E-03 2.198E-02 1.720E-04 8.208E-03 8.535E-02 2.097E-01 4.875E-01 9.909E-01 5.371E+00 5.786E-01 1.03E-03
  101   4.9260  1.85E-02 3.610E-03 2.192E-02 1.720E-04 8.210E-03 8.508E-02 2.094E-01 4.880E-01 9.869E-01 5.337E+00 5.745E-01 1.03E-03
  102   4.9445  1.85E-02 3.588E-03 2.186E-02 1.720E-04 8.212E-03 8.482E-02 2.091E-01 4.812E-01 9.815E-01 5.304E+00 5.704E-01 1.03E-03
  103   4.9630  1.85E-02 3.566E-03 2.180E-02 1.720E-04 8.214E-03 8.456E-02 2.088E-01 4.680E-01 9.756E-01 5.272E+00 5.664E-01 1.03E-03
  104   4.9816  1.86E-02 3.544E-03 2.174E-02 1.720E-04 8.216E-03 8.431E-02 2.085E-01 4.494E-01 9.700E-01 5.239E+00 5.625E-01 1.03E-03
  105   5.0002  1.87E-02 3.523E-03 2.168E-02 1.719E-04 8.218E-03 8.405E-02 2.082E-01 4.506E-01 9.651E-01 5.207E+00 5.585E-01 1.03E-03
  106   5.0188  1.88E-02 3.501E-03 2.162E-02 1.719E-04 8.220E-03 8.379E-02 2.079E-01 4.503E-01 9.611E-01 5.175E+00 5.546E-01 1.03E-03
  107   5.0376  1.89E-02 3.480E-03 2.156E-02 1.719E-04 8.223E-03 8.354E-02 2.076E-01 4.500E-01 9.581E-01 5.143E+00 5.507E-01 1.03E-03
  108   5.0565  1.90E-02 3.459E-03 2.150E-02 1.718E-04 8.225E-03 8.328E-02 2.074E-01 4.513E-01 9.554E-01 5.111E+00 5.468E-01 1.03E-03
  109   5.0755  1.91E-02 3.438E-03 2.144E-02 1.718E-04 8.227E-03 8.303E-02 2.071E-01 4.496E-01 9.528E-01 5.080E+00 5.429E-01 1.03E-03
  110   5.0946  1.92E-02 3.417E-03 2.138E-02 1.718E-04 8.230E-03 8.277E-02 2.068E-01 4.462E-01 9.496E-01 5.049E+00 5.390E-01 1.03E-03
  111   5.1138  1.92E-02 3.396E-03 2.132E-02 1.718E-04 8.232E-03 8.252E-02 2.065E-01 4.449E-01 9.454E-01 5.017E+00 5.352E-01 1.03E-03
  112   5.1329  1.92E-02 3.375E-03 2.127E-02 1.717E-04 8.234E-03 8.227E-02 2.062E-01 4.432E-01 9.402E-01 4.986E+00 5.314E-01 1.03E-03
  113   5.1521  1.91E-02 3.355E-03 2.121E-02 1.717E-04 8.236E-03 8.202E-02 2.060E-01 4.484E-01 9.341E-01 4.956E+00 5.276E-01 1.03E-03
  114   5.1713  1.91E-02 3.335E-03 2.115E-02 1.716E-04 8.238E-03 8.178E-02 2.057E-01 4.516E-01 9.292E-01 4.926E+00 5.239E-01 1.03E-03
  115   5.1904  1.91E-02 3.315E-03 2.109E-02 1.716E-04 8.240E-03 8.153E-02 2.054E-01 4.528E-01 9.262E-01 4.896E+00 5.203E-01 1.03E-03
  116   5.2094  1.90E-02 3.295E-03 2.104E-02 1.716E-04 8.242E-03 8.129E-02 2.051E-01 4.518E-01 9.243E-01 4.866E+00 5.168E-01 1.03E-03
  117   5.2284  1.89E-02 3.276E-03 2.098E-02 1.716E-04 8.244E-03 8.105E-02 2.049E-01 4.556E-01 9.232E-01 4.837E+00 5.133E-01 1.03E-03
  118   5.2474  1.89E-02 3.257E-03 2.093E-02 1.716E-04 8.246E-03 8.082E-02 2.046E-01 4.584E-01 9.228E-01 4.808E+00 5.099E-01 1.03E-03
  119   5.2663  1.89E-02 3.238E-03 2.087E-02 1.716E-04 8.247E-03 8.058E-02 2.043E-01 4.587E-01 9.229E-01 4.780E+00 5.064E-01 1.03E-03
  120   5.2851  1.89E-02 3.219E-03 2.082E-02 1.717E-04 8.248E-03 8.035E-02 2.041E-01 4.566E-01 9.231E-01 4.752E+00 5.030E-01 1.03E-03
  121   5.3040  1.89E-02 3.201E-03 2.077E-02 1.717E-04 8.250E-03 8.012E-02 2.038E-01 4.520E-01 9.230E-01 4.724E+00 4.997E-01 1.03E-03
  122   5.3229  1.89E-02 3.183E-03 2.071E-02 1.717E-04 8.251E-03 7.989E-02 2.035E-01 4.593E-01 9.215E-01 4.697E+00 4.963E-01 1.03E-03
  123   5.3418  1.90E-02 3.165E-03 2.066E-02 1.717E-04 8.252E-03 7.967E-02 2.033E-01 4.677E-01 9.177E-01 4.669E+00 4.931E-01 1.03E-03
  124   5.3608  1.92E-02 3.147E-03 2.061E-02 1.717E-04 8.253E-03 7.944E-02 2.030E-01 4.713E-01 9.108E-01 4.642E+00 4.899E-01 1.03E-03
  125   5.3800  1.93E-02 3.129E-03 2.055E-02 1.717E-04 8.254E-03 7.921E-02 2.028E-01 4.754E-01 9.074E-01 4.615E+00 4.867E-01 1.03E-03
  126   5.3993  1.93E-02 3.111E-03 2.050E-02 1.717E-04 8.255E-03 7.899E-02 2.025E-01 4.860E-01 9.054E-01 4.587E+00 4.835E-01 1.03E-03
  127   5.4186  1.93E-02 3.093E-03 2.045E-02 1.717E-04 8.256E-03 7.876E-02 2.022E-01 4.942E-01 9.056E-01 4.560E+00 4.803E-01 1.03E-03
  128   5.4379  1.94E-02 3.076E-03 2.040E-02 1.717E-04 8.257E-03 7.854E-02 2.020E-01 4.996E-01 9.056E-01 4.534E+00 4.772E-01 1.03E-03
  129   5.4573  1.95E-02 3.058E-03 2.034E-02 1.717E-04 8.257E-03 7.832E-02 2.017E-01 5.018E-01 9.047E-01 4.507E+00 4.740E-01 1.03E-03
  130   5.4768  1.96E-02 3.041E-03 2.029E-02 1.718E-04 8.258E-03 7.809E-02 2.015E-01 5.007E-01 9.032E-01 4.481E+00 4.708E-01 1.03E-03
  131   5.4965  1.96E-02 3.023E-03 2.024E-02 1.718E-04 8.258E-03 7.787E-02 2.012E-01 4.961E-01 9.022E-01 4.455E+00 4.677E-01 1.03E-03
  132   5.5161  1.96E-02 3.006E-03 2.019E-02 1.718E-04 8.259E-03 7.765E-02 2.009E-01 4.883E-01 9.025E-01 4.429E+00 4.645E-01 1.03E-03
  133   5.5357  1.96E-02 2.989E-03 2.014E-02 1.718E-04 8.259E-03 7.743E-02 2.007E-01 4.853E-01 9.041E-01 4.403E+00 4.614E-01 1.03E-03
  134   5.5553  1.96E-02 2.973E-03 2.009E-02 1.718E-04 8.260E-03 7.721E-02 2.004E-01 4.867E-01 9.060E-01 4.377E+00 4.584E-01 1.03E-03
  135   5.5749  1.97E-02 2.956E-03 2.004E-02 1.718E-04 8.260E-03 7.700E-02 2.002E-01 4.841E-01 9.068E-01 4.352E+00 4.554E-01 1.03E-03
  136   5.5946  1.98E-02 2.939E-03 1.999E-02 1.718E-04 8.261E-03 7.678E-02 1.999E-01 4.772E-01 9.055E-01 4.327E+00 4.524E-01 1.03E-03
  137   5.6144  1.98E-02 2.923E-03 1.994E-02 1.718E-04 8.261E-03 7.657E-02 1.997E-01 4.662E-01 9.023E-01 4.302E+00 4.494E-01 1.03E-03
  138   5.6342  1.97E-02 2.907E-03 1.989E-02 1.718E-04 8.262E-03 7.635E-02 1.994E-01 4.512E-01 8.986E-01 4.278E+00 4.465E-01 1.03E-03
  139   5.6539  1.96E-02 2.891E-03 1.984E-02 1.718E-04 8.262E-03 7.614E-02 1.992E-01 4.329E-01 8.927E-01 4.253E+00 4.436E-01 1.03E-03
  140   5.6735  1.96E-02 2.875E-03 1.979E-02 1.718E-04 8.262E-03 7.594E-02 1.989E-01 4.398E-01 8.876E-01 4.229E+00 4.408E-01 1.03E-03
  141   5.6931  1.95E-02 2.860E-03 1.974E-02 1.718E-04 8.263E-03 7.573E-02 1.987E-01 4.473E-01 8.824E-01 4.205E+00 4.381E-01 1.03E-03
  142   5.7126  1.95E-02 2.844E-03 1.969E-02 1.718E-04 8.263E-03 7.553E-02 1.985E-01 4.541E-01 8.774E-01 4.182E+00 4.354E-01 1.03E-03
  143   5.7320  1.95E-02 2.829E-03 1.965E-02 1.718E-04 8.263E-03 7.533E-02 1.982E-01 4.599E-01 8.741E-01 4.159E+00 4.327E-01 1.03E-03
  144   5.7515  1.95E-02 2.814E-03 1.960E-02 1.718E-04 8.264E-03 7.513E-02 1.980E-01 4.649E-01 8.747E-01 4.136E+00 4.301E-01 1.03E-03
  145   5.7710  1.96E-02 2.799E-03 1.955E-02 1.718E-04 8.264E-03 7.493E-02 1.977E-01 4.687E-01 8.744E-01 4.113E+00 4.274E-01 1.03E-03
  146   5.7906  1.97E-02 2.784E-03 1.950E-02 1.718E-04 8.264E-03 7.473E-02 1.975E-01 4.712E-01 8.775E-01 4.090E+00 4.247E-01 1.03E-03
  147   5.8103  1.99E-02 2.770E-03 1.946E-02 1.718E-04 8.265E-03 7.453E-02 1.973E-01 4.794E-01 8.814E-01 4.068E+00 4.221E-01 1.03E-03
  148   5.8302  2.00E-02 2.755E-03 1.941E-02 1.718E-04 8.265E-03 7.433E-02 1.970E-01 4.836E-01 8.839E-01 4.045E+00 4.194E-01 1.03E-03
  149   5.8502  2.01E-02 2.740E-03 1.936E-02 1.717E-04 8.265E-03 7.413E-02 1.968E-01 4.801E-01 8.850E-01 4.023E+00 4.167E-01 1.03E-03
  150   5.8703  2.01E-02 2.725E-03 1.932E-02 1.717E-04 8.265E-03 7.393E-02 1.966E-01 4.698E-01 8.844E-01 4.000E+00 4.141E-01 1.03E-03
  151   5.8905  2.01E-02 2.711E-03 1.927E-02 1.717E-04 8.265E-03 7.374E-02 1.963E-01 4.546E-01 8.822E-01 3.978E+00 4.115E-01 1.03E-03
  152   5.9106  2.01E-02 2.696E-03 1.922E-02 1.717E-04 8.265E-03 7.354E-02 1.961E-01 4.362E-01 8.887E-01 3.956E+00 4.090E-01 1.03E-03
  153   5.9307  2.02E-02 2.682E-03 1.918E-02 1.717E-04 8.265E-03 7.335E-02 1.958E-01 4.401E-01 8.969E-01 3.934E+00 4.064E-01 1.03E-03
  154   5.9509  2.01E-02 2.668E-03 1.913E-02 1.717E-04 8.265E-03 7.315E-02 1.956E-01 4.429E-01 9.041E-01 3.913E+00 4.039E-01 1.03E-03
  155   5.9710  2.01E-02 2.654E-03 1.909E-02 1.716E-04 8.264E-03 7.296E-02 1.954E-01 4.416E-01 9.090E-01 3.891E+00 4.014E-01 1.03E-03
  156   5.9910  2.00E-02 2.640E-03 1.904E-02 1.716E-04 8.264E-03 7.277E-02 1.952E-01 4.363E-01 9.113E-01 3.870E+00 3.990E-01 1.03E-03
  157   6.0110  2.00E-02 2.627E-03 1.900E-02 1.716E-04 8.263E-03 7.258E-02 1.949E-01 4.290E-01 9.116E-01 3.849E+00 3.965E-01 1.03E-03
  158   6.0310  1.99E-02 2.613E-03 1.895E-02 1.716E-04 8.263E-03 7.240E-02 1.947E-01 4.231E-01 9.105E-01 3.829E+00 3.942E-01 1.03E-03
  159   6.0510  1.99E-02 2.600E-03 1.891E-02 1.716E-04 8.262E-03 7.221E-02 1.945E-01 4.259E-01 9.080E-01 3.808E+00 3.918E-01 1.03E-03
  160   6.0709  2.00E-02 2.587E-03 1.887E-02 1.716E-04 8.261E-03 7.203E-02 1.943E-01 4.256E-01 9.035E-01 3.788E+00 3.895E-01 1.03E-03
  161   6.0909  2.00E-02 2.574E-03 1.882E-02 1.716E-04 8.260E-03 7.185E-02 1.940E-01 4.275E-01 8.963E-01 3.768E+00 3.872E-01 1.03E-03
  162   6.1109  2.02E-02 2.561E-03 1.878E-02 1.716E-04 8.258E-03 7.167E-02 1.938E-01 4.294E-01 8.858E-01 3.748E+00 3.849E-01 1.03E-03
  163   6.1311  2.02E-02 2.548E-03 1.874E-02 1.717E-04 8.257E-03 7.149E-02 1.936E-01 4.302E-01 8.803E-01 3.728E+00 3.827E-01 1.03E-03
  164   6.1513  2.02E-02 2.535E-03 1.869E-02 1.717E-04 8.255E-03 7.131E-02 1.934E-01 4.301E-01 8.775E-01 3.708E+00 3.804E-01 1.03E-03
  165   6.1716  2.03E-02 2.522E-03 1.865E-02 1.717E-04 8.254E-03 7.113E-02 1.931E-01 4.289E-01 8.755E-01 3.689E+00 3.781E-01 1.03E-03
  166   6.1919  2.03E-02 2.510E-03 1.861E-02 1.717E-04 8.252E-03 7.095E-02 1.929E-01 4.267E-01 8.743E-01 3.669E+00 3.759E-01 1.03E-03
  167   6.2122  2.04E-02 2.497E-03 1.857E-02 1.717E-04 8.250E-03 7.077E-02 1.927E-01 4.234E-01 8.732E-01 3.650E+00 3.736E-01 1.03E-03
  168   6.2326  2.04E-02 2.485E-03 1.852E-02 1.717E-04 8.248E-03 7.059E-02 1.925E-01 4.210E-01 8.714E-01 3.631E+00 3.714E-01 1.03E-03
  169   6.2530  2.03E-02 2.472E-03 1.848E-02 1.717E-04 8.246E-03 7.042E-02 1.923E-01 4.197E-01 8.684E-01 3.612E+00 3.692E-01 1.03E-03
  170   6.2734  2.01E-02 2.460E-03 1.844E-02 1.718E-04 8.244E-03 7.024E-02 1.920E-01 4.268E-01 8.643E-01 3.593E+00 3.671E-01 1.03E-03
  171   6.2935  1.99E-02 2.448E-03 1.840E-02 1.718E-04 8.242E-03 7.007E-02 1.918E-01 4.302E-01 8.596E-01 3.574E+00 3.650E-01 1.03E-03
  172   6.3134  1.98E-02 2.436E-03 1.836E-02 1.718E-04 8.239E-03 6.990E-02 1.916E-01 4.272E-01 8.555E-01 3.556E+00 3.630E-01 1.03E-03
  173   6.3332  1.97E-02 2.425E-03 1.832E-02 1.718E-04 8.237E-03 6.974E-02 1.914E-01 4.179E-01 8.578E-01 3.538E+00 3.610E-01 1.03E-03
  174   6.3529  1.97E-02 2.413E-03 1.828E-02 1.718E-04 8.235E-03 6.957E-02 1.912E-01 4.108E-01 8.588E-01 3.521E+00 3.590E-01 1.03E-03
  175   6.3726  1.97E-02 2.402E-03 1.824E-02 1.718E-04 8.233E-03 6.941E-02 1.910E-01 4.181E-01 8.583E-01 3.504E+00 3.571E-01 1.03E-03
  176   6.3923  1.97E-02 2.391E-03 1.820E-02 1.718E-04 8.231E-03 6.925E-02 1.908E-01 4.197E-01 8.567E-01 3.486E+00 3.552E-01 1.03E-03
  177   6.4120  1.98E-02 2.380E-03 1.816E-02 1.718E-04 8.228E-03 6.909E-02 1.906E-01 4.158E-01 8.629E-01 3.469E+00 3.533E-01 1.03E-03
  178   6.4318  1.99E-02 2.369E-03 1.812E-02 1.718E-04 8.226E-03 6.893E-02 1.904E-01 4.121E-01 8.705E-01 3.452E+00 3.514E-01 1.03E-03
  179   6.4517  1.99E-02 2.358E-03 1.809E-02 1.718E-04 8.224E-03 6.877E-02 1.902E-01 4.072E-01 8.781E-01 3.435E+00 3.495E-01 1.03E-03
  180   6.4716  2.00E-02 2.347E-03 1.805E-02 1.718E-04 8.221E-03 6.861E-02 1.900E-01 3.989E-01 8.845E-01 3.418E+00 3.476E-01 1.03E-03
  181   6.4916  2.00E-02 2.336E-03 1.801E-02 1.718E-04 8.219E-03 6.845E-02 1.898E-01 3.950E-01 8.884E-01 3.401E+00 3.458E-01 1.03E-03
  182   6.5117  2.00E-02 2.325E-03 1.797E-02 1.718E-04 8.216E-03 6.829E-02 1.896E-01 4.016E-01 8.892E-01 3.385E+00 3.439E-01 1.03E-03
  183   6.5317  2.00E-02 2.315E-03 1.793E-02 1.719E-04 8.214E-03 6.813E-02 1.894E-01 4.133E-01 8.865E-01 3.368E+00 3.421E-01 1.03E-03
  184   6.5517  1.99E-02 2.304E-03 1.789E-02 1.719E-04 8.211E-03 6.798E-02 1.892E-01 4.250E-01 8.810E-01 3.352E+00 3.402E-01 1.03E-03
  185   6.5716  1.99E-02 2.294E-03 1.786E-02 1.719E-04 8.209E-03 6.782E-02 1.890E-01 4.354E-01 8.735E-01 3.336E+00 3.384E-01 1.03E-03
  186   6.5915  1.98E-02 2.283E-03 1.782E-02 1.719E-04 8.207E-03 6.767E-02 1.888E-01 4.434E-01 8.646E-01 3.320E+00 3.367E-01 1.03E-03
  187   6.6113  1.98E-02 2.273E-03 1.778E-02 1.719E-04 8.204E-03 6.752E-02 1.886E-01 4.483E-01 8.667E-01 3.304E+00 3.350E-01 1.03E-03
  188   6.6311  1.98E-02 2.263E-03 1.775E-02 1.719E-04 8.202E-03 6.737E-02 1.884E-01 4.494E-01 8.669E-01 3.288E+00 3.333E-01 1.03E-03
  189   6.6509  1.98E-02 2.253E-03 1.771E-02 1.719E-04 8.199E-03 6.722E-02 1.882E-01 4.469E-01 8.645E-01 3.273E+00 3.316E-01 1.03E-03
  190   6.6707  1.99E-02 2.243E-03 1.767E-02 1.719E-04 8.197E-03 6.707E-02 1.880E-01 4.411E-01 8.595E-01 3.258E+00 3.299E-01 1.03E-03
  191   6.6907  2.01E-02 2.233E-03 1.764E-02 1.720E-04 8.195E-03 6.693E-02 1.878E-01 4.326E-01 8.526E-01 3.242E+00 3.282E-01 1.03E-03
  192   6.7108  2.00E-02 2.223E-03 1.760E-02 1.720E-04 8.193E-03 6.678E-02 1.876E-01 4.335E-01 8.444E-01 3.227E+00 3.265E-01 1.03E-03
  193   6.7308  2.00E-02 2.213E-03 1.757E-02 1.720E-04 8.191E-03 6.663E-02 1.874E-01 4.404E-01 8.362E-01 3.212E+00 3.248E-01 1.03E-03
  194   6.7508  2.00E-02 2.204E-03 1.753E-02 1.720E-04 8.189E-03 6.648E-02 1.872E-01 4.447E-01 8.290E-01 3.197E+00 3.232E-01 1.03E-03
  195   6.7707  2.00E-02 2.194E-03 1.749E-02 1.720E-04 8.187E-03 6.634E-02 1.871E-01 4.460E-01 8.292E-01 3.182E+00 3.216E-01 1.03E-03
  196   6.7908  2.01E-02 2.184E-03 1.746E-02 1.720E-04 8.185E-03 6.619E-02 1.869E-01 4.444E-01 8.303E-01 3.167E+00 3.199E-01 1.03E-03
  197   6.8109  2.02E-02 2.175E-03 1.742E-02 1.720E-04 8.183E-03 6.605E-02 1.867E-01 4.398E-01 8.345E-01 3.153E+00 3.183E-01 1.03E-03
  198   6.8311  2.04E-02 2.165E-03 1.739E-02 1.720E-04 8.181E-03 6.590E-02 1.865E-01 4.324E-01 8.392E-01 3.138E+00 3.166E-01 1.03E-03
  199   6.8515  2.05E-02 2.156E-03 1.735E-02 1.720E-04 8.179E-03 6.576E-02 1.863E-01 4.226E-01 8.430E-01 3.123E+00 3.150E-01 1.03E-03
  200   6.8720  2.06E-02 2.146E-03 1.732E-02 1.720E-04 8.178E-03 6.561E-02 1.861E-01 4.365E-01 8.450E-01 3.109E+00 3.133E-01 1.03E-03
  201   6.8927  2.06E-02 2.137E-03 1.728E-02 1.720E-04 8.176E-03 6.547E-02 1.859E-01 4.504E-01 8.442E-01 3.094E+00 3.117E-01 1.03E-03
  202   6.9133  2.04E-02 2.128E-03 1.725E-02 1.720E-04 8.175E-03 6.532E-02 1.857E-01 4.602E-01 8.403E-01 3.080E+00 3.101E-01 1.03E-03
  203   6.9337  2.03E-02 2.118E-03 1.721E-02 1.719E-04 8.174E-03 6.518E-02 1.855E-01 4.648E-01 8.338E-01 3.065E+00 3.086E-01 1.03E-03
  204   6.9541  2.04E-02 2.109E-03 1.718E-02 1.719E-04 8.172E-03 6.504E-02 1.854E-01 4.636E-01 8.252E-01 3.051E+00 3.071E-01 1.03E-03
  205   6.9744  2.05E-02 2.100E-03 1.714E-02 1.719E-04 8.171E-03 6.490E-02 1.852E-01 4.564E-01 8.154E-01 3.037E+00 3.055E-01 1.03E-03
  206   6.9949  2.04E-02 2.091E-03 1.711E-02 1.719E-04 8.170E-03 6.476E-02 1.850E-01 4.435E-01 8.052E-01 3.023E+00 3.040E-01 1.03E-03
  207   7.0154  2.03E-02 2.082E-03 1.708E-02 1.719E-04 8.169E-03 6.463E-02 1.848E-01 4.262E-01 8.011E-01 3.010E+00 3.025E-01 1.03E-03
  208   7.0356  2.02E-02 2.073E-03 1.704E-02 1.719E-04 8.167E-03 6.449E-02 1.846E-01 4.232E-01 8.067E-01 2.996E+00 3.010E-01 1.03E-03
  209   7.0558  2.01E-02 2.065E-03 1.701E-02 1.719E-04 8.166E-03 6.435E-02 1.844E-01 4.218E-01 8.091E-01 2.983E+00 2.995E-01 1.03E-03
  210   7.0759  2.00E-02 2.056E-03 1.698E-02 1.719E-04 8.165E-03 6.422E-02 1.843E-01 4.180E-01 8.086E-01 2.970E+00 2.981E-01 1.03E-03
  211   7.0960  2.00E-02 2.048E-03 1.694E-02 1.719E-04 8.164E-03 6.409E-02 1.841E-01 4.121E-01 8.055E-01 2.957E+00 2.966E-01 1.03E-03
  212   7.1160  2.00E-02 2.039E-03 1.691E-02 1.719E-04 8.163E-03 6.396E-02 1.839E-01 4.046E-01 8.014E-01 2.944E+00 2.952E-01 1.03E-03
  213   7.1359  2.00E-02 2.031E-03 1.688E-02 1.719E-04 8.162E-03 6.383E-02 1.837E-01 3.959E-01 8.057E-01 2.931E+00 2.938E-01 1.03E-03
  214   7.1559  2.00E-02 2.023E-03 1.685E-02 1.719E-04 8.161E-03 6.370E-02 1.836E-01 3.863E-01 8.102E-01 2.918E+00 2.925E-01 1.03E-03
  215   7.1760  2.01E-02 2.015E-03 1.681E-02 1.719E-04 8.160E-03 6.357E-02 1.834E-01 3.915E-01 8.145E-01 2.905E+00 2.911E-01 1.03E-03
  216   7.1961  2.02E-02 2.007E-03 1.678E-02 1.719E-04 8.159E-03 6.344E-02 1.832E-01 3.908E-01 8.179E-01 2.893E+00 2.898E-01 1.03E-03
  217   7.2163  2.02E-02 1.998E-03 1.675E-02 1.719E-04 8.158E-03 6.331E-02 1.830E-01 3.926E-01 8.201E-01 2.880E+00 2.885E-01 1.03E-03
  218   7.2365  2.02E-02 1.990E-03 1.672E-02 1.719E-04 8.157E-03 6.318E-02 1.829E-01 3.948E-01 8.206E-01 2.868E+00 2.871E-01 1.03E-03
  219   7.2567  2.03E-02 1.982E-03 1.669E-02 1.719E-04 8.156E-03 6.306E-02 1.827E-01 4.005E-01 8.222E-01 2.856E+00 2.858E-01 1.03E-03
  220   7.2770  2.03E-02 1.974E-03 1.666E-02 1.720E-04 8.156E-03 6.293E-02 1.825E-01 4.033E-01 8.265E-01 2.843E+00 2.845E-01 1.03E-03
  221   7.2972  2.03E-02 1.967E-03 1.662E-02 1.720E-04 8.155E-03 6.280E-02 1.823E-01 4.032E-01 8.300E-01 2.831E+00 2.831E-01 1.03E-03
  222   7.3175  2.03E-02 1.959E-03 1.659E-02 1.720E-04 8.154E-03 6.268E-02 1.822E-01 4.004E-01 8.324E-01 2.819E+00 2.818E-01 1.03E-03
  223   7.3378  2.03E-02 1.951E-03 1.656E-02 1.720E-04 8.154E-03 6.255E-02 1.820E-01 3.954E-01 8.337E-01 2.807E+00 2.805E-01 1.03E-03
  224   7.3581  2.04E-02 1.943E-03 1.653E-02 1.720E-04 8.153E-03 6.243E-02 1.818E-01 3.893E-01 8.335E-01 2.795E+00 2.792E-01 1.03E-03
  225   7.3785  2.05E-02 1.935E-03 1.650E-02 1.720E-04 8.153E-03 6.231E-02 1.817E-01 3.925E-01 8.316E-01 2.783E+00 2.779E-01 1.03E-03
  226   7.3990  2.06E-02 1.928E-03 1.647E-02 1.720E-04 8.153E-03 6.218E-02 1.815E-01 3.932E-01 8.279E-01 2.771E+00 2.766E-01 1.03E-03
  227   7.4196  2.07E-02 1.920E-03 1.644E-02 1.719E-04 8.152E-03 6.206E-02 1.813E-01 3.905E-01 8.225E-01 2.760E+00 2.753E-01 1.03E-03
  228   7.4403  2.06E-02 1.912E-03 1.641E-02 1.719E-04 8.152E-03 6.193E-02 1.811E-01 3.832E-01 8.163E-01 2.748E+00 2.741E-01 1.03E-03
  229   7.4609  2.05E-02 1.905E-03 1.638E-02 1.719E-04 8.152E-03 6.181E-02 1.810E-01 3.807E-01 8.100E-01 2.736E+00 2.728E-01 1.03E-03
  230   7.4814  2.05E-02 1.898E-03 1.635E-02 1.719E-04 8.152E-03 6.169E-02 1.808E-01 3.876E-01 8.063E-01 2.725E+00 2.716E-01 1.03E-03
  231   7.5019  2.06E-02 1.890E-03 1.632E-02 1.719E-04 8.152E-03 6.157E-02 1.806E-01 3.930E-01 8.065E-01 2.713E+00 2.704E-01 1.03E-03
  232   7.5225  2.07E-02 1.883E-03 1.629E-02 1.719E-04 8.152E-03 6.145E-02 1.805E-01 3.969E-01 8.039E-01 2.702E+00 2.692E-01 1.03E-03
  233   7.5432  2.08E-02 1.875E-03 1.626E-02 1.719E-04 8.152E-03 6.133E-02 1.803E-01 4.017E-01 7.985E-01 2.691E+00 2.679E-01 1.03E-03
  234   7.5640  2.11E-02 1.868E-03 1.623E-02 1.719E-04 8.152E-03 6.121E-02 1.801E-01 4.193E-01 7.934E-01 2.680E+00 2.666E-01 1.03E-03
  235   7.5851  2.13E-02 1.861E-03 1.619E-02 1.718E-04 8.152E-03 6.109E-02 1.800E-01 4.331E-01 7.922E-01 2.668E+00 2.653E-01 1.03E-03
  236   7.6063  2.13E-02 1.853E-03 1.616E-02 1.718E-04 8.153E-03 6.097E-02 1.798E-01 4.422E-01 7.916E-01 2.657E+00 2.641E-01 1.03E-03
  237   7.6277  2.12E-02 1.846E-03 1.613E-02 1.718E-04 8.153E-03 6.084E-02 1.796E-01 4.464E-01 7.918E-01 2.646E+00 2.628E-01 1.03E-03
  238   7.6489  2.10E-02 1.838E-03 1.610E-02 1.718E-04 8.153E-03 6.072E-02 1.795E-01 4.460E-01 7.925E-01 2.634E+00 2.616E-01 1.03E-03
  239   7.6699  2.09E-02 1.831E-03 1.607E-02 1.718E-04 8.153E-03 6.061E-02 1.793E-01 4.412E-01 7.936E-01 2.623E+00 2.604E-01 1.03E-03
  240   7.6908  2.09E-02 1.824E-03 1.604E-02 1.718E-04 8.152E-03 6.049E-02 1.791E-01 4.322E-01 7.945E-01 2.613E+00 2.592E-01 1.03E-03
  241   7.7117  2.09E-02 1.817E-03 1.602E-02 1.718E-04 8.152E-03 6.037E-02 1.790E-01 4.188E-01 7.946E-01 2.602E+00 2.581E-01 1.03E-03
  242   7.7326  2.08E-02 1.810E-03 1.599E-02 1.718E-04 8.152E-03 6.026E-02 1.788E-01 4.008E-01 7.936E-01 2.591E+00 2.569E-01 1.03E-03
  243   7.7534  2.08E-02 1.804E-03 1.596E-02 1.718E-04 8.152E-03 6.014E-02 1.786E-01 3.786E-01 7.918E-01 2.581E+00 2.558E-01 1.03E-03
  244   7.7742  2.08E-02 1.797E-03 1.593E-02 1.718E-04 8.152E-03 6.003E-02 1.785E-01 3.728E-01 7.895E-01 2.570E+00 2.547E-01 1.03E-03
  245   7.7950  2.08E-02 1.790E-03 1.590E-02 1.718E-04 8.152E-03 5.992E-02 1.783E-01 3.769E-01 7.906E-01 2.560E+00 2.535E-01 1.03E-03
  246   7.8158  2.09E-02 1.783E-03 1.587E-02 1.718E-04 8.151E-03 5.981E-02 1.782E-01 3.757E-01 7.912E-01 2.550E+00 2.524E-01 1.03E-03
  247   7.8367  2.09E-02 1.777E-03 1.584E-02 1.718E-04 8.151E-03 5.969E-02 1.780E-01 3.780E-01 7.914E-01 2.539E+00 2.513E-01 1.03E-03
  248   7.8576  2.08E-02 1.770E-03 1.581E-02 1.718E-04 8.151E-03 5.958E-02 1.778E-01 3.816E-01 7.915E-01 2.529E+00 2.502E-01 1.03E-03
  249   7.8784  2.03E-02 1.763E-03 1.579E-02 1.718E-04 8.150E-03 5.947E-02 1.777E-01 3.940E-01 7.916E-01 2.519E+00 2.491E-01 1.03E-03
  250   7.8987  2.00E-02 1.757E-03 1.576E-02 1.717E-04 8.150E-03 5.936E-02 1.775E-01 4.030E-01 7.917E-01 2.509E+00 2.481E-01 1.03E-03
  251   7.9187  1.99E-02 1.751E-03 1.573E-02 1.717E-04 8.149E-03 5.926E-02 1.774E-01 4.047E-01 7.916E-01 2.500E+00 2.471E-01 1.03E-03
  252   7.9387  2.00E-02 1.745E-03 1.571E-02 1.717E-04 8.149E-03 5.916E-02 1.772E-01 3.992E-01 7.914E-01 2.491E+00 2.461E-01 1.03E-03
  253   7.9586  2.02E-02 1.739E-03 1.568E-02 1.717E-04 8.148E-03 5.905E-02 1.771E-01 3.889E-01 7.931E-01 2.481E+00 2.451E-01 1.03E-03
  254   7.9788  2.05E-02 1.732E-03 1.565E-02 1.717E-04 8.148E-03 5.895E-02 1.769E-01 3.969E-01 7.945E-01 2.472E+00 2.441E-01 1.03E-03
  255   7.9993  2.10E-02 1.726E-03 1.563E-02 1.717E-04 8.147E-03 5.884E-02 1.768E-01 4.014E-01 7.965E-01 2.462E+00 2.431E-01 1.03E-03
  256   8.0202  2.16E-02 1.720E-03 1.560E-02 1.717E-04 8.146E-03 5.873E-02 1.766E-01 4.021E-01 7.988E-01 2.453E+00 2.420E-01 1.03E-03
  257   8.0418  2.18E-02 1.714E-03 1.557E-02 1.717E-04 8.145E-03 5.863E-02 1.765E-01 3.992E-01 7.999E-01 2.443E+00 2.409E-01 1.03E-03
  258   8.0635  2.17E-02 1.707E-03 1.554E-02 1.717E-04 8.144E-03 5.852E-02 1.763E-01 3.932E-01 7.999E-01 2.433E+00 2.399E-01 1.03E-03
  259   8.0852  2.16E-02 1.701E-03 1.551E-02 1.717E-04 8.143E-03 5.841E-02 1.761E-01 3.852E-01 7.992E-01 2.423E+00 2.388E-01 1.03E-03
  260   8.1069  2.16E-02 1.695E-03 1.549E-02 1.718E-04 8.142E-03 5.830E-02 1.760E-01 3.926E-01 7.989E-01 2.414E+00 2.378E-01 1.03E-03
  261   8.1285  2.16E-02 1.688E-03 1.546E-02 1.718E-04 8.140E-03 5.819E-02 1.758E-01 4.108E-01 7.983E-01 2.404E+00 2.367E-01 1.03E-03
  262   8.1501  2.16E-02 1.682E-03 1.543E-02 1.718E-04 8.139E-03 5.808E-02 1.757E-01 4.213E-01 7.980E-01 2.395E+00 2.357E-01 1.03E-03
  263   8.1717  2.16E-02 1.676E-03 1.540E-02 1.718E-04 8.137E-03 5.798E-02 1.755E-01 4.234E-01 7.988E-01 2.385E+00 2.346E-01 1.03E-03
  264   8.1934  2.15E-02 1.670E-03 1.538E-02 1.718E-04 8.136E-03 5.787E-02 1.754E-01 4.173E-01 8.011E-01 2.376E+00 2.336E-01 1.03E-03
  265   8.2149  2.14E-02 1.664E-03 1.535E-02 1.718E-04 8.134E-03 5.776E-02 1.752E-01 4.037E-01 8.049E-01 2.367E+00 2.325E-01 1.03E-03
  266   8.2363  2.13E-02 1.658E-03 1.532E-02 1.718E-04 8.133E-03 5.766E-02 1.751E-01 3.842E-01 8.101E-01 2.358E+00 2.315E-01 1.03E-03
  267   8.2577  2.13E-02 1.652E-03 1.530E-02 1.718E-04 8.131E-03 5.756E-02 1.749E-01 3.823E-01 8.161E-01 2.349E+00 2.305E-01 1.03E-03
  268   8.2789  2.12E-02 1.646E-03 1.527E-02 1.718E-04 8.130E-03 5.745E-02 1.748E-01 3.852E-01 8.220E-01 2.340E+00 2.295E-01 1.03E-03
  269   8.3002  2.11E-02 1.640E-03 1.524E-02 1.718E-04 8.128E-03 5.735E-02 1.746E-01 3.844E-01 8.272E-01 2.331E+00 2.286E-01 1.03E-03
  270   8.3212  2.09E-02 1.634E-03 1.522E-02 1.718E-04 8.126E-03 5.725E-02 1.745E-01 3.806E-01 8.309E-01 2.322E+00 2.277E-01 1.03E-03
  271   8.3421  2.09E-02 1.629E-03 1.519E-02 1.718E-04 8.125E-03 5.715E-02 1.743E-01 3.745E-01 8.324E-01 2.313E+00 2.268E-01 1.03E-03
  272   8.3630  2.10E-02 1.623E-03 1.517E-02 1.718E-04 8.123E-03 5.706E-02 1.742E-01 3.668E-01 8.316E-01 2.305E+00 2.259E-01 1.03E-03
  273   8.3840  2.13E-02 1.617E-03 1.514E-02 1.717E-04 8.121E-03 5.696E-02 1.740E-01 3.696E-01 8.284E-01 2.296E+00 2.250E-01 1.03E-03
  274   8.4053  2.15E-02 1.612E-03 1.512E-02 1.717E-04 8.119E-03 5.686E-02 1.739E-01 3.732E-01 8.231E-01 2.288E+00 2.240E-01 1.03E-03
  275   8.4268  2.15E-02 1.606E-03 1.509E-02 1.717E-04 8.117E-03 5.676E-02 1.737E-01 3.739E-01 8.164E-01 2.279E+00 2.231E-01 1.03E-03
  276   8.4483  2.15E-02 1.601E-03 1.506E-02 1.717E-04 8.115E-03 5.666E-02 1.736E-01 3.720E-01 8.094E-01 2.271E+00 2.221E-01 1.03E-03
  277   8.4697  2.15E-02 1.595E-03 1.504E-02 1.718E-04 8.113E-03 5.656E-02 1.734E-01 3.678E-01 8.032E-01 2.262E+00 2.212E-01 1.03E-03
  278   8.4912  2.16E-02 1.589E-03 1.501E-02 1.718E-04 8.111E-03 5.646E-02 1.733E-01 3.827E-01 7.986E-01 2.254E+00 2.203E-01 1.03E-03
  279   8.5128  2.16E-02 1.584E-03 1.499E-02 1.718E-04 8.109E-03 5.636E-02 1.731E-01 3.970E-01 7.962E-01 2.246E+00 2.194E-01 1.03E-03
  280   8.5344  2.16E-02 1.578E-03 1.496E-02 1.718E-04 8.106E-03 5.627E-02 1.730E-01 4.061E-01 7.961E-01 2.237E+00 2.185E-01 1.03E-03
  281   8.5560  2.15E-02 1.573E-03 1.494E-02 1.718E-04 8.104E-03 5.617E-02 1.728E-01 4.095E-01 7.979E-01 2.229E+00 2.176E-01 1.03E-03
  282   8.5775  2.13E-02 1.568E-03 1.491E-02 1.719E-04 8.102E-03 5.607E-02 1.727E-01 4.071E-01 8.010E-01 2.221E+00 2.167E-01 1.03E-03
  283   8.5988  2.12E-02 1.562E-03 1.489E-02 1.719E-04 8.100E-03 5.598E-02 1.726E-01 3.994E-01 8.045E-01 2.213E+00 2.158E-01 1.03E-03
  284   8.6200  2.11E-02 1.557E-03 1.486E-02 1.719E-04 8.097E-03 5.588E-02 1.724E-01 3.872E-01 8.078E-01 2.205E+00 2.150E-01 1.03E-03
  285   8.6411  2.11E-02 1.552E-03 1.484E-02 1.719E-04 8.095E-03 5.579E-02 1.723E-01 3.715E-01 8.104E-01 2.197E+00 2.141E-01 1.03E-03
  286   8.6623  2.10E-02 1.547E-03 1.481E-02 1.718E-04 8.093E-03 5.570E-02 1.721E-01 3.633E-01 8.122E-01 2.189E+00 2.133E-01 1.03E-03
  287   8.6833  2.09E-02 1.542E-03 1.479E-02 1.718E-04 8.090E-03 5.561E-02 1.720E-01 3.692E-01 8.133E-01 2.182E+00 2.125E-01 1.03E-03
  288   8.7042  2.09E-02 1.537E-03 1.477E-02 1.718E-04 8.088E-03 5.552E-02 1.718E-01 3.699E-01 8.137E-01 2.174E+00 2.117E-01 1.03E-03
  289   8.7250  2.08E-02 1.532E-03 1.474E-02 1.718E-04 8.086E-03 5.543E-02 1.717E-01 3.699E-01 8.135E-01 2.166E+00 2.109E-01 1.03E-03
  290   8.7459  2.08E-02 1.527E-03 1.472E-02 1.718E-04 8.083E-03 5.534E-02 1.716E-01 3.696E-01 8.127E-01 2.159E+00 2.101E-01 1.03E-03
  291   8.7667  2.08E-02 1.522E-03 1.470E-02 1.718E-04 8.081E-03 5.525E-02 1.714E-01 3.659E-01 8.112E-01 2.151E+00 2.093E-01 1.03E-03
  292   8.7875  2.09E-02 1.517E-03 1.467E-02 1.718E-04 8.078E-03 5.516E-02 1.713E-01 3.683E-01 8.090E-01 2.144E+00 2.086E-01 1.03E-03
  293   8.8084  2.09E-02 1.512E-03 1.465E-02 1.718E-04 8.076E-03 5.507E-02 1.712E-01 3.779E-01 8.063E-01 2.137E+00 2.078E-01 1.03E-03
  294   8.8293  2.09E-02 1.508E-03 1.463E-02 1.718E-04 8.073E-03 5.499E-02 1.710E-01 3.835E-01 8.033E-01 2.129E+00 2.070E-01 1.03E-03
  295   8.8502  2.10E-02 1.503E-03 1.460E-02 1.718E-04 8.071E-03 5.490E-02 1.709E-01 3.849E-01 8.006E-01 2.122E+00 2.062E-01 1.03E-03
  296   8.8712  2.11E-02 1.498E-03 1.458E-02 1.718E-04 8.068E-03 5.481E-02 1.708E-01 3.825E-01 7.981E-01 2.115E+00 2.055E-01 1.03E-03
  297   8.8922  2.11E-02 1.493E-03 1.456E-02 1.718E-04 8.065E-03 5.472E-02 1.706E-01 3.771E-01 7.960E-01 2.108E+00 2.047E-01 1.03E-03
  298   8.9133  2.12E-02 1.488E-03 1.453E-02 1.718E-04 8.062E-03 5.464E-02 1.705E-01 3.763E-01 7.941E-01 2.101E+00 2.040E-01 1.03E-03
  299   8.9346  2.13E-02 1.484E-03 1.451E-02 1.719E-04 8.059E-03 5.455E-02 1.704E-01 3.798E-01 7.924E-01 2.093E+00 2.032E-01 1.03E-03
  300   8.9559  2.13E-02 1.479E-03 1.449E-02 1.719E-04 8.056E-03 5.446E-02 1.702E-01 3.804E-01 7.908E-01 2.086E+00 2.024E-01 1.03E-03
  301   8.9772  2.13E-02 1.474E-03 1.446E-02 1.719E-04 8.053E-03 5.438E-02 1.701E-01 3.782E-01 7.893E-01 2.079E+00 2.017E-01 1.03E-03
  302   8.9984  2.12E-02 1.470E-03 1.444E-02 1.719E-04 8.051E-03 5.429E-02 1.700E-01 3.736E-01 7.880E-01 2.072E+00 2.009E-01 1.03E-03
  303   9.0197  2.12E-02 1.465E-03 1.442E-02 1.719E-04 8.048E-03 5.420E-02 1.698E-01 3.832E-01 7.868E-01 2.065E+00 2.001E-01 1.03E-03
  304   9.0408  2.11E-02 1.460E-03 1.440E-02 1.718E-04 8.045E-03 5.412E-02 1.697E-01 3.938E-01 7.859E-01 2.058E+00 1.994E-01 1.03E-03
  305   9.0619  2.11E-02 1.456E-03 1.437E-02 1.718E-04 8.042E-03 5.403E-02 1.696E-01 3.993E-01 7.852E-01 2.051E+00 1.987E-01 1.03E-03
  306   9.0830  2.10E-02 1.451E-03 1.435E-02 1.718E-04 8.039E-03 5.395E-02 1.694E-01 3.993E-01 7.847E-01 2.044E+00 1.979E-01 1.03E-03
  307   9.1040  2.09E-02 1.447E-03 1.433E-02 1.718E-04 8.036E-03 5.387E-02 1.693E-01 3.938E-01 7.846E-01 2.038E+00 1.972E-01 1.03E-03
  308   9.1249  2.08E-02 1.442E-03 1.431E-02 1.717E-04 8.033E-03 5.378E-02 1.692E-01 3.894E-01 7.849E-01 2.031E+00 1.965E-01 1.03E-03
  309   9.1457  2.07E-02 1.438E-03 1.429E-02 1.718E-04 8.030E-03 5.370E-02 1.690E-01 3.938E-01 7.856E-01 2.024E+00 1.959E-01 1.03E-03
  310   9.1664  2.06E-02 1.434E-03 1.426E-02 1.718E-04 8.027E-03 5.362E-02 1.689E-01 3.963E-01 7.869E-01 2.018E+00 1.952E-01 1.03E-03
  311   9.1869  2.05E-02 1.429E-03 1.424E-02 1.718E-04 8.024E-03 5.354E-02 1.688E-01 3.969E-01 7.886E-01 2.011E+00 1.946E-01 1.03E-03
  312   9.2074  2.04E-02 1.425E-03 1.422E-02 1.718E-04 8.021E-03 5.346E-02 1.687E-01 3.954E-01 7.907E-01 2.005E+00 1.939E-01 1.03E-03
  313   9.2278  2.03E-02 1.421E-03 1.420E-02 1.718E-04 8.017E-03 5.339E-02 1.685E-01 3.918E-01 7.930E-01 1.999E+00 1.933E-01 1.03E-03
  314   9.2481  2.04E-02 1.417E-03 1.418E-02 1.718E-04 8.014E-03 5.331E-02 1.684E-01 3.860E-01 7.952E-01 1.993E+00 1.926E-01 1.03E-03
  315   9.2685  2.04E-02 1.413E-03 1.416E-02 1.718E-04 8.011E-03 5.323E-02 1.683E-01 3.781E-01 7.971E-01 1.986E+00 1.920E-01 1.03E-03
  316   9.2889  2.05E-02 1.409E-03 1.414E-02 1.718E-04 8.008E-03 5.315E-02 1.682E-01 3.697E-01 7.981E-01 1.980E+00 1.913E-01 1.03E-03
  317   9.3094  2.06E-02 1.404E-03 1.412E-02 1.718E-04 8.004E-03 5.307E-02 1.680E-01 3.655E-01 7.980E-01 1.974E+00 1.906E-01 1.03E-03
  318   9.3300  2.07E-02 1.400E-03 1.410E-02 1.718E-04 8.001E-03 5.300E-02 1.679E-01 3.624E-01 7.968E-01 1.968E+00 1.900E-01 1.03E-03
  319   9.3507  2.07E-02 1.396E-03 1.408E-02 1.718E-04 7.998E-03 5.292E-02 1.678E-01 3.624E-01 7.943E-01 1.962E+00 1.894E-01 1.03E-03
  320   9.3713  2.07E-02 1.392E-03 1.406E-02 1.718E-04 7.994E-03 5.284E-02 1.677E-01 3.628E-01 7.908E-01 1.955E+00 1.888E-01 1.03E-03
  321   9.3920  2.07E-02 1.388E-03 1.404E-02 1.719E-04 7.991E-03 5.277E-02 1.675E-01 3.667E-01 7.864E-01 1.949E+00 1.882E-01 1.03E-03
  322   9.4126  2.07E-02 1.384E-03 1.401E-02 1.719E-04 7.987E-03 5.269E-02 1.674E-01 3.704E-01 7.814E-01 1.943E+00 1.876E-01 1.03E-03
  323   9.4333  2.07E-02 1.380E-03 1.399E-02 1.719E-04 7.984E-03 5.261E-02 1.673E-01 3.735E-01 7.760E-01 1.937E+00 1.869E-01 1.03E-03
  324   9.4541  2.08E-02 1.376E-03 1.397E-02 1.719E-04 7.981E-03 5.254E-02 1.672E-01 3.758E-01 7.705E-01 1.931E+00 1.863E-01 1.03E-03
  325   9.4749  2.09E-02 1.372E-03 1.395E-02 1.719E-04 7.977E-03 5.246E-02 1.671E-01 3.772E-01 7.653E-01 1.925E+00 1.857E-01 1.03E-03
  326   9.4958  2.10E-02 1.368E-03 1.393E-02 1.719E-04 7.974E-03 5.238E-02 1.669E-01 3.775E-01 7.607E-01 1.919E+00 1.851E-01 1.03E-03
  327   9.5168  2.11E-02 1.364E-03 1.391E-02 1.719E-04 7.971E-03 5.231E-02 1.668E-01 3.766E-01 7.570E-01 1.913E+00 1.844E-01 1.03E-03
  328   9.5378  2.11E-02 1.360E-03 1.389E-02 1.719E-04 7.968E-03 5.223E-02 1.667E-01 3.743E-01 7.548E-01 1.907E+00 1.838E-01 1.03E-03
  329   9.5589  2.11E-02 1.356E-03 1.387E-02 1.719E-04 7.964E-03 5.215E-02 1.666E-01 3.708E-01 7.542E-01 1.901E+00 1.831E-01 1.03E-03
  330   9.5800  2.10E-02 1.352E-03 1.385E-02 1.719E-04 7.961E-03 5.208E-02 1.664E-01 3.722E-01 7.556E-01 1.896E+00 1.825E-01 1.03E-03
  331   9.6010  2.10E-02 1.348E-03 1.383E-02 1.719E-04 7.958E-03 5.200E-02 1.663E-01 3.714E-01 7.589E-01 1.890E+00 1.819E-01 1.03E-03
  332   9.6220  2.10E-02 1.345E-03 1.381E-02 1.719E-04 7.955E-03 5.193E-02 1.662E-01 3.686E-01 7.638E-01 1.884E+00 1.813E-01 1.03E-03
  333   9.6430  2.10E-02 1.341E-03 1.379E-02 1.719E-04 7.951E-03 5.186E-02 1.661E-01 3.639E-01 7.700E-01 1.878E+00 1.807E-01 1.03E-03
  334   9.6640  2.10E-02 1.337E-03 1.377E-02 1.719E-04 7.948E-03 5.178E-02 1.660E-01 3.703E-01 7.766E-01 1.872E+00 1.801E-01 1.03E-03
  335   9.6850  2.10E-02 1.333E-03 1.375E-02 1.719E-04 7.945E-03 5.171E-02 1.658E-01 3.733E-01 7.830E-01 1.867E+00 1.795E-01 1.03E-03
  336   9.7060  2.09E-02 1.329E-03 1.373E-02 1.719E-04 7.942E-03 5.164E-02 1.657E-01 3.722E-01 7.885E-01 1.861E+00 1.790E-01 1.03E-03
  337   9.7269  2.08E-02 1.326E-03 1.371E-02 1.720E-04 7.939E-03 5.156E-02 1.656E-01 3.675E-01 7.926E-01 1.856E+00 1.784E-01 1.03E-03
  338   9.7477  2.08E-02 1.322E-03 1.369E-02 1.720E-04 7.936E-03 5.149E-02 1.655E-01 3.599E-01 7.950E-01 1.850E+00 1.778E-01 1.03E-03
  339   9.7685  2.07E-02 1.318E-03 1.367E-02 1.720E-04 7.933E-03 5.142E-02 1.654E-01 3.505E-01 7.956E-01 1.844E+00 1.773E-01 1.03E-03
  340   9.7892  2.07E-02 1.315E-03 1.365E-02 1.721E-04 7.931E-03 5.135E-02 1.652E-01 3.584E-01 7.943E-01 1.839E+00 1.767E-01 1.03E-03
  341   9.8100  2.07E-02 1.311E-03 1.363E-02 1.721E-04 7.928E-03 5.128E-02 1.651E-01 3.669E-01 7.912E-01 1.834E+00 1.761E-01 1.03E-03
  342   9.8307  2.07E-02 1.307E-03 1.361E-02 1.721E-04 7.926E-03 5.121E-02 1.650E-01 3.722E-01 7.865E-01 1.828E+00 1.755E-01 1.03E-03
  343   9.8514  2.07E-02 1.304E-03 1.360E-02 1.721E-04 7.924E-03 5.114E-02 1.649E-01 3.741E-01 7.805E-01 1.823E+00 1.750E-01 1.03E-03
  344   9.8721  2.07E-02 1.300E-03 1.358E-02 1.721E-04 7.922E-03 5.106E-02 1.648E-01 3.727E-01 7.738E-01 1.818E+00 1.744E-01 1.03E-03
  345   9.8928  2.07E-02 1.297E-03 1.356E-02 1.721E-04 7.920E-03 5.099E-02 1.647E-01 3.685E-01 7.667E-01 1.812E+00 1.739E-01 1.03E-03
  346   9.9134  2.07E-02 1.293E-03 1.354E-02 1.721E-04 7.918E-03 5.093E-02 1.646E-01 3.619E-01 7.598E-01 1.807E+00 1.733E-01 1.03E-03
  347   9.9341  2.07E-02 1.290E-03 1.352E-02 1.721E-04 7.916E-03 5.086E-02 1.644E-01 3.564E-01 7.536E-01 1.802E+00 1.728E-01 1.03E-03
  348   9.9547  2.07E-02 1.286E-03 1.350E-02 1.721E-04 7.915E-03 5.079E-02 1.643E-01 3.543E-01 7.482E-01 1.797E+00 1.723E-01 1.03E-03
  349   9.9755  2.08E-02 1.283E-03 1.348E-02 1.721E-04 7.914E-03 5.072E-02 1.642E-01 3.562E-01 7.441E-01 1.791E+00 1.718E-01 1.03E-03
  350   9.9962  2.09E-02 1.279E-03 1.346E-02 1.721E-04 7.913E-03 5.065E-02 1.641E-01 3.566E-01 7.415E-01 1.786E+00 1.712E-01 1.03E-03
  351  10.0171  2.09E-02 1.276E-03 1.344E-02 1.720E-04 7.912E-03 5.058E-02 1.640E-01 3.551E-01 7.449E-01 1.781E+00 1.707E-01 1.03E-03
  352  10.0380  2.10E-02 1.272E-03 1.343E-02 1.720E-04 7.911E-03 5.052E-02 1.639E-01 3.519E-01 7.474E-01 1.776E+00 1.702E-01 1.03E-03
  353  10.0591  2.11E-02 1.269E-03 1.341E-02 1.720E-04 7.910E-03 5.045E-02 1.638E-01 3.596E-01 7.484E-01 1.771E+00 1.696E-01 1.03E-03
  354  10.0802  2.12E-02 1.265E-03 1.339E-02 1.719E-04 7.910E-03 5.038E-02 1.636E-01 3.656E-01 7.477E-01 1.766E+00 1.691E-01 1.03E-03
  355  10.1014  2.13E-02 1.262E-03 1.337E-02 1.719E-04 7.909E-03 5.031E-02 1.635E-01 3.685E-01 7.493E-01 1.761E+00 1.685E-01 1.03E-03
