#---it-------t--------ee2m------aa2m------emag------EEGW------hrms------brms------erms------EEEM------bmax---
      0     -0.990 2.192E-19 2.917E-22 0.000E+00 0.000E+00 0.000E+00 0.000E+00 0.000E+00 0.000E+00 0.000E+00
      5     -0.965 1.062E-12 4.376E-17 2.772E-10 2.841E-22 1.751E-13 1.337E-07 1.259E-06 8.010E-13 4.985E-07
     10     -0.940 1.324E-10 1.541E-14 1.029E-07 1.375E-18 1.874E-11 2.576E-06 1.356E-05 9.526E-11 9.587E-06
     15     -0.915 3.431E-09 7.650E-13 5.274E-06 5.310E-16 4.610E-10 1.844E-05 6.769E-05 2.461E-09 6.844E-05
     20     -0.890 3.988E-08 1.458E-11 1.022E-04 5.125E-14 6.028E-09 8.118E-05 2.286E-04 2.943E-08 3.005E-04
     25     -0.865 2.760E-07 1.531E-10 1.077E-03 1.902E-12 4.592E-08 2.636E-04 6.003E-04 2.149E-07 9.735E-04
     30     -0.840 1.305E-06 1.055E-09 7.363E-03 3.617E-11 2.423E-07 6.892E-04 1.311E-03 1.097E-06 2.541E-03
     35     -0.815 4.566E-06 5.266E-09 3.606E-02 4.098E-10 9.720E-07 1.525E-03 2.479E-03 4.236E-06 5.612E-03
     40     -0.790 1.247E-05 2.028E-08 1.348E-01 3.027E-09 3.132E-06 2.948E-03 4.163E-03 1.301E-05 1.081E-02
     45     -0.765 2.764E-05 6.298E-08 4.016E-01 1.547E-08 8.400E-06 5.090E-03 6.327E-03 3.297E-05 1.855E-02
     50     -0.740 5.153E-05 1.632E-07 9.872E-01 5.720E-08 1.924E-05 7.980E-03 8.844E-03 7.095E-05 2.882E-02
     55     -0.715 8.371E-05 3.631E-07 2.059E+00 1.591E-07 3.839E-05 1.152E-02 1.154E-02 1.330E-04 4.239E-02
     60     -0.690 1.229E-04 7.108E-07 3.736E+00 3.463E-07 6.795E-05 1.552E-02 1.425E-02 2.220E-04 5.836E-02
     65     -0.665 1.691E-04 1.252E-06 6.043E+00 6.205E-07 1.084E-04 1.974E-02 1.689E-02 3.375E-04 7.466E-02
     70     -0.640 2.243E-04 2.025E-06 8.914E+00 9.746E-07 1.587E-04 2.398E-02 1.943E-02 4.762E-04 8.902E-02
     75     -0.615 2.915E-04 3.063E-06 1.224E+01 1.431E-06 2.165E-04 2.810E-02 2.190E-02 6.346E-04 1.045E-01
     80     -0.590 3.738E-04 4.400E-06 1.593E+01 2.038E-06 2.802E-04 3.205E-02 2.436E-02 8.104E-04 1.224E-01
     85     -0.565 4.737E-04 6.077E-06 1.991E+01 2.822E-06 3.489E-04 3.584E-02 2.686E-02 1.003E-03 1.365E-01
     90     -0.540 5.931E-04 8.148E-06 2.418E+01 3.758E-06 4.222E-04 3.950E-02 2.944E-02 1.213E-03 1.452E-01
     95     -0.515 7.323E-04 1.069E-05 2.879E+01 4.794E-06 4.993E-04 4.309E-02 3.212E-02 1.444E-03 1.491E-01
    100     -0.490 8.888E-04 1.379E-05 3.383E+01 5.929E-06 5.790E-04 4.671E-02 3.491E-02 1.700E-03 1.666E-01
    105     -0.465 1.059E-03 1.757E-05 3.942E+01 7.291E-06 6.598E-04 5.042E-02 3.774E-02 1.983E-03 1.837E-01
    110     -0.440 1.240E-03 2.214E-05 4.563E+01 9.107E-06 7.416E-04 5.425E-02 4.059E-02 2.296E-03 1.929E-01
    115     -0.415 1.433E-03 2.759E-05 5.248E+01 1.146E-05 8.267E-04 5.818E-02 4.346E-02 2.637E-03 2.108E-01
    120     -0.390 1.645E-03 3.405E-05 5.991E+01 1.414E-05 9.196E-04 6.216E-02 4.635E-02 3.006E-03 2.221E-01
    125     -0.365 1.879E-03 4.163E-05 6.789E+01 1.686E-05 1.024E-03 6.617E-02 4.930E-02 3.404E-03 2.371E-01
    130     -0.340 2.135E-03 5.047E-05 7.642E+01 1.959E-05 1.140E-03 7.021E-02 5.231E-02 3.833E-03 2.562E-01
    135     -0.315 2.412E-03 6.071E-05 8.557E+01 2.253E-05 1.268E-03 7.430E-02 5.538E-02 4.293E-03 2.768E-01
    140     -0.290 2.708E-03 7.254E-05 9.541E+01 2.579E-05 1.407E-03 7.845E-02 5.849E-02 4.788E-03 2.966E-01
    145     -0.265 3.021E-03 8.613E-05 1.060E+02 2.939E-05 1.555E-03 8.268E-02 6.164E-02 5.317E-03 3.145E-01
    150     -0.240 3.354E-03 1.017E-04 1.173E+02 3.339E-05 1.713E-03 8.697E-02 6.480E-02 5.882E-03 3.281E-01
    155     -0.215 3.710E-03 1.193E-04 1.293E+02 3.792E-05 1.881E-03 9.132E-02 6.801E-02 6.482E-03 3.304E-01
    160     -0.190 4.091E-03 1.393E-04 1.420E+02 4.299E-05 2.058E-03 9.571E-02 7.127E-02 7.119E-03 3.580E-01
    165     -0.165 4.498E-03 1.618E-04 1.555E+02 4.848E-05 2.247E-03 1.001E-01 7.457E-02 7.794E-03 3.780E-01
    170     -0.140 4.928E-03 1.872E-04 1.697E+02 5.428E-05 2.447E-03 1.046E-01 7.791E-02 8.508E-03 3.893E-01
    175     -0.115 5.380E-03 2.155E-04 1.847E+02 6.043E-05 2.660E-03 1.092E-01 8.129E-02 9.262E-03 3.913E-01
    180     -0.090 5.855E-03 2.472E-04 2.006E+02 6.706E-05 2.884E-03 1.138E-01 8.470E-02 1.006E-02 4.060E-01
    185     -0.065 6.356E-03 2.825E-04 2.173E+02 7.431E-05 3.120E-03 1.184E-01 8.814E-02 1.089E-02 4.183E-01
    190     -0.040 6.886E-03 3.217E-04 2.348E+02 8.220E-05 3.369E-03 1.231E-01 9.164E-02 1.177E-02 4.322E-01
    195     -0.015 7.444E-03 3.650E-04 2.532E+02 9.071E-05 3.629E-03 1.278E-01 9.518E-02 1.270E-02 4.507E-01
    200      0.010 8.029E-03 4.128E-04 2.725E+02 9.984E-05 3.903E-03 1.326E-01 9.876E-02 1.366E-02 4.648E-01
    205      0.035 8.640E-03 4.654E-04 2.927E+02 1.096E-04 4.190E-03 1.374E-01 1.024E-01 1.468E-02 4.807E-01
    210      0.060 9.280E-03 5.232E-04 3.139E+02 1.200E-04 4.490E-03 1.423E-01 1.060E-01 1.574E-02 4.932E-01
    215      0.085 9.949E-03 5.866E-04 3.361E+02 1.311E-04 4.804E-03 1.472E-01 1.097E-01 1.685E-02 5.043E-01
    220      0.110 1.065E-02 6.559E-04 3.592E+02 1.428E-04 5.132E-03 1.522E-01 1.134E-01 1.801E-02 5.460E-01
    225      0.135 1.138E-02 7.316E-04 3.834E+02 1.554E-04 5.475E-03 1.573E-01 1.171E-01 1.922E-02 5.804E-01
    230      0.160 1.215E-02 8.140E-04 4.085E+02 1.689E-04 5.832E-03 1.623E-01 1.209E-01 2.049E-02 6.061E-01
    235      0.185 1.294E-02 9.036E-04 4.348E+02 1.832E-04 6.203E-03 1.675E-01 1.247E-01 2.180E-02 6.230E-01
    240      0.210 1.376E-02 1.001E-03 4.621E+02 1.982E-04 6.590E-03 1.726E-01 1.285E-01 2.316E-02 6.440E-01
    245      0.235 1.462E-02 1.106E-03 4.904E+02 2.141E-04 6.993E-03 1.779E-01 1.324E-01 2.458E-02 6.714E-01
    250      0.260 1.551E-02 1.220E-03 5.199E+02 2.309E-04 7.411E-03 1.831E-01 1.363E-01 2.605E-02 6.893E-01
    255      0.285 1.643E-02 1.343E-03 5.503E+02 2.487E-04 7.845E-03 1.884E-01 1.402E-01 2.758E-02 7.097E-01
    260      0.310 1.738E-02 1.476E-03 5.819E+02 2.676E-04 8.294E-03 1.937E-01 1.441E-01 2.916E-02 7.223E-01
    265      0.335 1.837E-02 1.619E-03 6.147E+02 2.875E-04 8.760E-03 1.991E-01 1.481E-01 3.079E-02 7.256E-01
    270      0.360 1.940E-02 1.772E-03 6.485E+02 3.084E-04 9.243E-03 2.045E-01 1.521E-01 3.249E-02 7.252E-01
    275      0.385 2.046E-02 1.937E-03 6.835E+02 3.304E-04 9.743E-03 2.100E-01 1.562E-01 3.424E-02 7.433E-01
    280      0.410 2.156E-02 2.114E-03 7.196E+02 3.535E-04 1.026E-02 2.154E-01 1.603E-01 3.605E-02 7.767E-01
    285      0.435 2.269E-02 2.303E-03 7.569E+02 3.778E-04 1.079E-02 2.210E-01 1.644E-01 3.792E-02 7.999E-01
    290      0.460 2.386E-02 2.506E-03 7.955E+02 4.033E-04 1.135E-02 2.265E-01 1.685E-01 3.985E-02 8.097E-01
    295      0.485 2.507E-02 2.722E-03 8.353E+02 4.301E-04 1.192E-02 2.321E-01 1.727E-01 4.185E-02 8.097E-01
    300      0.510 2.631E-02 2.952E-03 8.764E+02 4.583E-04 1.251E-02 2.378E-01 1.769E-01 4.391E-02 8.346E-01
    305      0.535 2.759E-02 3.198E-03 9.187E+02 4.877E-04 1.311E-02 2.434E-01 1.811E-01 4.603E-02 8.468E-01
    310      0.560 2.892E-02 3.460E-03 9.624E+02 5.184E-04 1.374E-02 2.492E-01 1.854E-01 4.822E-02 8.672E-01
    315      0.585 3.028E-02 3.738E-03 1.007E+03 5.505E-04 1.439E-02 2.549E-01 1.896E-01 5.047E-02 8.949E-01
    320      0.610 3.168E-02 4.033E-03 1.054E+03 5.839E-04 1.505E-02 2.607E-01 1.939E-01 5.279E-02 9.158E-01
    325      0.635 3.312E-02 4.347E-03 1.102E+03 6.187E-04 1.574E-02 2.666E-01 1.982E-01 5.518E-02 9.409E-01
    330      0.660 3.460E-02 4.679E-03 1.151E+03 6.548E-04 1.644E-02 2.724E-01 2.026E-01 5.763E-02 9.778E-01
    335      0.685 3.613E-02 5.031E-03 1.201E+03 6.924E-04 1.717E-02 2.784E-01 2.069E-01 6.015E-02 1.009E+00
    340      0.710 3.770E-02 5.404E-03 1.253E+03 7.313E-04 1.792E-02 2.843E-01 2.113E-01 6.274E-02 1.033E+00
    345      0.735 3.931E-02 5.798E-03 1.307E+03 7.716E-04 1.868E-02 2.903E-01 2.157E-01 6.540E-02 1.063E+00
    350      0.760 4.097E-02 6.214E-03 1.361E+03 8.134E-04 1.947E-02 2.963E-01 2.201E-01 6.813E-02 1.106E+00
    355      0.785 4.267E-02 6.653E-03 1.418E+03 8.569E-04 2.028E-02 3.024E-01 2.245E-01 7.093E-02 1.144E+00
    360      0.810 4.442E-02 7.116E-03 1.475E+03 9.020E-04 2.110E-02 3.085E-01 2.290E-01 7.380E-02 1.177E+00
    365      0.835 4.621E-02 7.605E-03 1.534E+03 9.489E-04 2.195E-02 3.146E-01 2.335E-01 7.674E-02 1.204E+00
    370      0.860 4.805E-02 8.119E-03 1.595E+03 9.977E-04 2.282E-02 3.207E-01 2.380E-01 7.975E-02 1.220E+00
    375      0.885 4.993E-02 8.661E-03 1.657E+03 1.049E-03 2.371E-02 3.269E-01 2.425E-01 8.283E-02 1.224E+00
    380      0.910 5.186E-02 9.230E-03 1.720E+03 1.101E-03 2.462E-02 3.331E-01 2.470E-01 8.598E-02 1.220E+00
    385      0.935 5.383E-02 9.829E-03 1.785E+03 1.156E-03 2.555E-02 3.393E-01 2.516E-01 8.921E-02 1.210E+00
    390      0.960 5.585E-02 1.046E-02 1.851E+03 1.213E-03 2.650E-02 3.455E-01 2.562E-01 9.251E-02 1.191E+00
    395      0.985 5.793E-02 1.112E-02 1.918E+03 1.271E-03 2.748E-02 3.517E-01 2.608E-01 9.588E-02 1.214E+00
    400      1.010 6.005E-02 1.181E-02 1.987E+03 1.293E-03 2.846E-02 3.580E-01 2.655E-01 9.933E-02 1.240E+00
    405      1.035 6.222E-02 1.254E-02 2.057E+03 1.241E-03 2.926E-02 3.643E-01 2.702E-01 1.029E-01 1.260E+00
    410      1.060 6.445E-02 1.330E-02 2.129E+03 1.312E-03 2.978E-02 3.706E-01 2.749E-01 1.065E-01 1.270E+00
    415      1.085 6.673E-02 1.410E-02 2.202E+03 1.476E-03 3.005E-02 3.769E-01 2.797E-01 1.102E-01 1.273E+00
    420      1.110 6.906E-02 1.493E-02 2.277E+03 1.696E-03 3.012E-02 3.833E-01 2.845E-01 1.139E-01 1.266E+00
    425      1.135 7.145E-02 1.581E-02 2.354E+03 1.932E-03 3.004E-02 3.897E-01 2.893E-01 1.178E-01 1.305E+00
    430      1.160 7.388E-02 1.672E-02 2.432E+03 2.150E-03 2.987E-02 3.961E-01 2.942E-01 1.217E-01 1.332E+00
    435      1.185 7.637E-02 1.767E-02 2.512E+03 2.327E-03 2.967E-02 4.025E-01 2.990E-01 1.257E-01 1.357E+00
    440      1.210 7.891E-02 1.867E-02 2.594E+03 2.449E-03 2.947E-02 4.090E-01 3.039E-01 1.298E-01 1.390E+00
    445      1.235 8.151E-02 1.972E-02 2.677E+03 2.513E-03 2.931E-02 4.156E-01 3.088E-01 1.340E-01 1.423E+00
    450      1.260 8.416E-02 2.080E-02 2.762E+03 2.525E-03 2.921E-02 4.221E-01 3.138E-01 1.383E-01 1.467E+00
    455      1.285 8.686E-02 2.194E-02 2.849E+03 2.497E-03 2.917E-02 4.287E-01 3.188E-01 1.427E-01 1.505E+00
    460      1.310 8.962E-02 2.312E-02 2.938E+03 2.444E-03 2.918E-02 4.353E-01 3.237E-01 1.472E-01 1.553E+00
    465      1.335 9.244E-02 2.436E-02 3.029E+03 2.380E-03 2.923E-02 4.420E-01 3.288E-01 1.517E-01 1.612E+00
    470      1.360 9.531E-02 2.564E-02 3.121E+03 2.318E-03 2.930E-02 4.487E-01 3.338E-01 1.564E-01 1.660E+00
    475      1.385 9.823E-02 2.698E-02 3.216E+03 2.268E-03 2.938E-02 4.554E-01 3.388E-01 1.611E-01 1.696E+00
    480      1.410 1.012E-01 2.838E-02 3.312E+03 2.234E-03 2.945E-02 4.622E-01 3.439E-01 1.659E-01 1.740E+00
    485      1.435 1.042E-01 2.983E-02 3.410E+03 2.218E-03 2.951E-02 4.690E-01 3.490E-01 1.709E-01 1.766E+00
    490      1.460 1.073E-01 3.134E-02 3.510E+03 2.218E-03 2.955E-02 4.758E-01 3.542E-01 1.759E-01 1.786E+00
    495      1.485 1.105E-01 3.291E-02 3.612E+03 2.230E-03 2.957E-02 4.827E-01 3.593E-01 1.810E-01 1.818E+00
    500      1.510 1.137E-01 3.455E-02 3.716E+03 2.251E-03 2.958E-02 4.896E-01 3.645E-01 1.863E-01 1.837E+00
    505      1.535 1.169E-01 3.624E-02 3.821E+03 2.273E-03 2.957E-02 4.965E-01 3.697E-01 1.916E-01 1.843E+00
    510      1.560 1.203E-01 3.801E-02 3.929E+03 2.294E-03 2.956E-02 5.034E-01 3.749E-01 1.970E-01 1.869E+00
    515      1.585 1.236E-01 3.984E-02 4.039E+03 2.310E-03 2.955E-02 5.104E-01 3.802E-01 2.025E-01 1.900E+00
    520      1.610 1.271E-01 4.174E-02 4.150E+03 2.319E-03 2.954E-02 5.174E-01 3.854E-01 2.081E-01 1.914E+00
    525      1.635 1.306E-01 4.371E-02 4.264E+03 2.323E-03 2.954E-02 5.244E-01 3.907E-01 2.139E-01 1.908E+00
    530      1.660 1.342E-01 4.575E-02 4.379E+03 2.321E-03 2.954E-02 5.315E-01 3.961E-01 2.197E-01 1.896E+00
    535      1.685 1.378E-01 4.787E-02 4.497E+03 2.315E-03 2.955E-02 5.386E-01 4.014E-01 2.256E-01 1.898E+00
    540      1.710 1.415E-01 5.007E-02 4.617E+03 2.308E-03 2.956E-02 5.457E-01 4.068E-01 2.316E-01 1.883E+00
    545      1.735 1.453E-01 5.235E-02 4.738E+03 2.302E-03 2.958E-02 5.528E-01 4.122E-01 2.378E-01 1.849E+00
    550      1.760 1.491E-01 5.471E-02 4.862E+03 2.297E-03 2.959E-02 5.600E-01 4.177E-01 2.440E-01 1.854E+00
    555      1.785 1.530E-01 5.715E-02 4.988E+03 2.294E-03 2.961E-02 5.672E-01 4.231E-01 2.504E-01 1.871E+00
    560      1.810 1.570E-01 5.968E-02 5.116E+03 2.293E-03 2.963E-02 5.745E-01 4.286E-01 2.569E-01 1.882E+00
    565      1.835 1.611E-01 6.229E-02 5.247E+03 2.294E-03 2.964E-02 5.817E-01 4.342E-01 2.635E-01 1.898E+00
    570      1.860 1.652E-01 6.500E-02 5.379E+03 2.297E-03 2.965E-02 5.890E-01 4.397E-01 2.702E-01 1.941E+00
    575      1.885 1.694E-01 6.780E-02 5.514E+03 2.300E-03 2.967E-02 5.964E-01 4.453E-01 2.770E-01 1.970E+00
    580      1.910 1.736E-01 7.070E-02 5.651E+03 2.303E-03 2.968E-02 6.037E-01 4.509E-01 2.839E-01 1.984E+00
    585      1.935 1.780E-01 7.369E-02 5.790E+03 2.305E-03 2.969E-02 6.111E-01 4.565E-01 2.909E-01 1.986E+00
    590      1.960 1.824E-01 7.679E-02 5.932E+03 2.307E-03 2.970E-02 6.186E-01 4.621E-01 2.981E-01 2.002E+00
    595      1.985 1.868E-01 7.999E-02 6.076E+03 2.308E-03 2.972E-02 6.260E-01 4.678E-01 3.054E-01 2.036E+00
    600      2.010 1.914E-01 8.329E-02 6.223E+03 2.309E-03 2.974E-02 6.335E-01 4.735E-01 3.128E-01 2.065E+00
    605      2.035 1.960E-01 8.671E-02 6.372E+03 2.309E-03 2.975E-02 6.411E-01 4.792E-01 3.203E-01 2.098E+00
    610      2.060 2.006E-01 9.023E-02 6.523E+03 2.309E-03 2.978E-02 6.486E-01 4.849E-01 3.280E-01 2.129E+00
    615      2.085 2.054E-01 9.387E-02 6.677E+03 2.308E-03 2.980E-02 6.563E-01 4.907E-01 3.357E-01 2.151E+00
    620      2.110 2.102E-01 9.762E-02 6.833E+03 2.308E-03 2.982E-02 6.639E-01 4.965E-01 3.436E-01 2.180E+00
    625      2.135 2.151E-01 1.015E-01 6.992E+03 2.307E-03 2.985E-02 6.716E-01 5.023E-01 3.516E-01 2.201E+00
    630      2.160 2.200E-01 1.055E-01 7.153E+03 2.307E-03 2.987E-02 6.792E-01 5.081E-01 3.598E-01 2.214E+00
    635      2.185 2.251E-01 1.096E-01 7.317E+03 2.307E-03 2.990E-02 6.870E-01 5.140E-01 3.681E-01 2.239E+00
    640      2.210 2.302E-01 1.139E-01 7.483E+03 2.307E-03 2.993E-02 6.947E-01 5.199E-01 3.765E-01 2.247E+00
    645      2.235 2.353E-01 1.182E-01 7.652E+03 2.307E-03 2.996E-02 7.025E-01 5.258E-01 3.850E-01 2.273E+00
    650      2.260 2.405E-01 1.228E-01 7.823E+03 2.307E-03 2.998E-02 7.104E-01 5.317E-01 3.937E-01 2.306E+00
    655      2.285 2.458E-01 1.274E-01 7.997E+03 2.308E-03 3.001E-02 7.182E-01 5.376E-01 4.024E-01 2.335E+00
    660      2.310 2.511E-01 1.322E-01 8.174E+03 2.309E-03 3.005E-02 7.261E-01 5.436E-01 4.114E-01 2.350E+00
    665      2.335 2.565E-01 1.371E-01 8.354E+03 2.310E-03 3.008E-02 7.341E-01 5.496E-01 4.204E-01 2.363E+00
    670      2.360 2.620E-01 1.422E-01 8.536E+03 2.312E-03 3.011E-02 7.420E-01 5.556E-01 4.296E-01 2.382E+00
    675      2.385 2.675E-01 1.474E-01 8.721E+03 2.314E-03 3.015E-02 7.500E-01 5.616E-01 4.390E-01 2.405E+00
    680      2.410 2.732E-01 1.528E-01 8.909E+03 2.315E-03 3.018E-02 7.581E-01 5.676E-01 4.484E-01 2.420E+00
    685      2.435 2.789E-01 1.584E-01 9.099E+03 2.317E-03 3.022E-02 7.661E-01 5.737E-01 4.580E-01 2.425E+00
    690      2.460 2.846E-01 1.640E-01 9.293E+03 2.318E-03 3.027E-02 7.742E-01 5.797E-01 4.678E-01 2.427E+00
    695      2.485 2.905E-01 1.699E-01 9.489E+03 2.318E-03 3.031E-02 7.823E-01 5.858E-01 4.776E-01 2.479E+00
    700      2.510 2.964E-01 1.759E-01 9.688E+03 2.318E-03 3.036E-02 7.905E-01 5.919E-01 4.876E-01 2.533E+00
    705      2.535 3.025E-01 1.821E-01 9.890E+03 2.317E-03 3.041E-02 7.987E-01 5.981E-01 4.978E-01 2.576E+00
    710      2.560 3.086E-01 1.885E-01 1.009E+04 2.315E-03 3.047E-02 8.069E-01 6.042E-01 5.081E-01 2.631E+00
    715      2.585 3.147E-01 1.950E-01 1.030E+04 2.313E-03 3.052E-02 8.152E-01 6.104E-01 5.185E-01 2.674E+00
    720      2.610 3.210E-01 2.017E-01 1.051E+04 2.310E-03 3.058E-02 8.234E-01 6.166E-01 5.291E-01 2.700E+00
    725      2.635 3.274E-01 2.086E-01 1.073E+04 2.308E-03 3.064E-02 8.317E-01 6.228E-01 5.398E-01 2.741E+00
    730      2.660 3.338E-01 2.157E-01 1.094E+04 2.306E-03 3.070E-02 8.401E-01 6.290E-01 5.507E-01 2.780E+00
    735      2.685 3.403E-01 2.229E-01 1.116E+04 2.304E-03 3.075E-02 8.484E-01 6.353E-01 5.617E-01 2.807E+00
    740      2.710 3.469E-01 2.304E-01 1.138E+04 2.303E-03 3.081E-02 8.568E-01 6.415E-01 5.728E-01 2.822E+00
    745      2.735 3.536E-01 2.380E-01 1.160E+04 2.303E-03 3.087E-02 8.652E-01 6.479E-01 5.841E-01 2.848E+00
    750      2.760 3.604E-01 2.459E-01 1.183E+04 2.304E-03 3.092E-02 8.736E-01 6.542E-01 5.956E-01 2.864E+00
    755      2.785 3.673E-01 2.539E-01 1.206E+04 2.305E-03 3.098E-02 8.820E-01 6.606E-01 6.071E-01 2.862E+00
    760      2.810 3.743E-01 2.622E-01 1.229E+04 2.307E-03 3.103E-02 8.904E-01 6.670E-01 6.189E-01 2.863E+00
    765      2.835 3.814E-01 2.707E-01 1.253E+04 2.309E-03 3.108E-02 8.989E-01 6.734E-01 6.308E-01 2.893E+00
    770      2.860 3.885E-01 2.794E-01 1.277E+04 2.311E-03 3.114E-02 9.074E-01 6.798E-01 6.428E-01 2.914E+00
    775      2.885 3.958E-01 2.883E-01 1.301E+04 2.312E-03 3.119E-02 9.160E-01 6.863E-01 6.550E-01 2.924E+00
    780      2.910 4.031E-01 2.974E-01 1.325E+04 2.313E-03 3.125E-02 9.246E-01 6.928E-01 6.674E-01 2.922E+00
    785      2.935 4.106E-01 3.067E-01 1.350E+04 2.314E-03 3.130E-02 9.332E-01 6.993E-01 6.799E-01 2.912E+00
    790      2.960 4.181E-01 3.163E-01 1.375E+04 2.314E-03 3.136E-02 9.418E-01 7.058E-01 6.926E-01 2.892E+00
    795      2.985 4.258E-01 3.262E-01 1.401E+04 2.314E-03 3.142E-02 9.505E-01 7.123E-01 7.054E-01 2.869E+00
    800      3.010 4.336E-01 3.362E-01 1.426E+04 2.314E-03 3.147E-02 9.592E-01 7.189E-01 7.184E-01 2.857E+00
    805      3.035 4.414E-01 3.465E-01 1.452E+04 2.313E-03 3.153E-02 9.679E-01 7.254E-01 7.316E-01 2.914E+00
    810      3.060 4.494E-01 3.571E-01 1.479E+04 2.313E-03 3.160E-02 9.767E-01 7.320E-01 7.449E-01 2.972E+00
    815      3.085 4.575E-01 3.679E-01 1.506E+04 2.312E-03 3.166E-02 9.855E-01 7.386E-01 7.584E-01 3.035E+00
    820      3.110 4.657E-01 3.790E-01 1.533E+04 2.311E-03 3.172E-02 9.943E-01 7.452E-01 7.720E-01 3.096E+00
    825      3.135 4.739E-01 3.903E-01 1.560E+04 2.310E-03 3.178E-02 1.003E+00 7.519E-01 7.858E-01 3.143E+00
    830      3.160 4.823E-01 4.019E-01 1.588E+04 2.309E-03 3.184E-02 1.012E+00 7.585E-01 7.998E-01 3.182E+00
    835      3.185 4.907E-01 4.138E-01 1.616E+04 2.308E-03 3.190E-02 1.021E+00 7.652E-01 8.140E-01 3.215E+00
    840      3.210 4.993E-01 4.259E-01 1.645E+04 2.307E-03 3.197E-02 1.030E+00 7.718E-01 8.283E-01 3.250E+00
    845      3.235 5.079E-01 4.384E-01 1.673E+04 2.307E-03 3.203E-02 1.039E+00 7.785E-01 8.428E-01 3.276E+00
    850      3.260 5.166E-01 4.511E-01 1.703E+04 2.307E-03 3.209E-02 1.048E+00 7.852E-01 8.574E-01 3.298E+00
    855      3.285 5.254E-01 4.641E-01 1.732E+04 2.307E-03 3.214E-02 1.057E+00 7.919E-01 8.722E-01 3.346E+00
    860      3.310 5.342E-01 4.775E-01 1.762E+04 2.307E-03 3.220E-02 1.066E+00 7.987E-01 8.872E-01 3.387E+00
    865      3.335 5.432E-01 4.911E-01 1.792E+04 2.308E-03 3.226E-02 1.075E+00 8.054E-01 9.024E-01 3.416E+00
    870      3.360 5.522E-01 5.050E-01 1.823E+04 2.308E-03 3.231E-02 1.084E+00 8.121E-01 9.177E-01 3.438E+00
    875      3.385 5.613E-01 5.193E-01 1.854E+04 2.309E-03 3.237E-02 1.094E+00 8.189E-01 9.332E-01 3.474E+00
    880      3.410 5.705E-01 5.339E-01 1.885E+04 2.310E-03 3.243E-02 1.103E+00 8.256E-01 9.489E-01 3.520E+00
    885      3.435 5.797E-01 5.488E-01 1.917E+04 2.311E-03 3.248E-02 1.112E+00 8.324E-01 9.647E-01 3.567E+00
    890      3.460 5.891E-01 5.640E-01 1.949E+04 2.312E-03 3.254E-02 1.121E+00 8.392E-01 9.807E-01 3.608E+00
    895      3.485 5.985E-01 5.795E-01 1.982E+04 2.312E-03 3.259E-02 1.131E+00 8.459E-01 9.969E-01 3.628E+00
    900      3.510 6.080E-01 5.955E-01 2.014E+04 2.312E-03 3.265E-02 1.140E+00 8.527E-01 1.013E+00 3.628E+00
    905      3.535 6.175E-01 6.117E-01 2.048E+04 2.312E-03 3.270E-02 1.149E+00 8.595E-01 1.030E+00 3.638E+00
    910      3.560 6.272E-01 6.283E-01 2.081E+04 2.312E-03 3.276E-02 1.159E+00 8.663E-01 1.046E+00 3.670E+00
    915      3.585 6.369E-01 6.453E-01 2.115E+04 2.311E-03 3.281E-02 1.168E+00 8.731E-01 1.063E+00 3.695E+00
    920      3.610 6.467E-01 6.626E-01 2.150E+04 2.309E-03 3.287E-02 1.178E+00 8.799E-01 1.080E+00 3.704E+00
    925      3.635 6.566E-01 6.803E-01 2.184E+04 2.308E-03 3.292E-02 1.187E+00 8.867E-01 1.098E+00 3.699E+00
    930      3.660 6.665E-01 6.984E-01 2.219E+04 2.306E-03 3.298E-02 1.196E+00 8.935E-01 1.115E+00 3.682E+00
    935      3.685 6.765E-01 7.168E-01 2.255E+04 2.304E-03 3.303E-02 1.206E+00 9.003E-01 1.132E+00 3.697E+00
    940      3.710 6.866E-01 7.356E-01 2.291E+04 2.303E-03 3.308E-02 1.216E+00 9.071E-01 1.150E+00 3.700E+00
    945      3.735 6.968E-01 7.548E-01 2.327E+04 2.303E-03 3.313E-02 1.225E+00 9.139E-01 1.168E+00 3.712E+00
    950      3.760 7.071E-01 7.744E-01 2.364E+04 2.303E-03 3.317E-02 1.235E+00 9.207E-01 1.186E+00 3.758E+00
    955      3.785 7.175E-01 7.944E-01 2.400E+04 2.304E-03 3.322E-02 1.244E+00 9.275E-01 1.204E+00 3.784E+00
    960      3.810 7.279E-01 8.148E-01 2.438E+04 2.305E-03 3.326E-02 1.254E+00 9.343E-01 1.223E+00 3.788E+00
    965      3.835 7.385E-01 8.357E-01 2.475E+04 2.307E-03 3.330E-02 1.264E+00 9.411E-01 1.241E+00 3.768E+00
    970      3.860 7.491E-01 8.569E-01 2.513E+04 2.309E-03 3.334E-02 1.273E+00 9.479E-01 1.260E+00 3.734E+00
    975      3.885 7.599E-01 8.785E-01 2.552E+04 2.311E-03 3.338E-02 1.283E+00 9.547E-01 1.279E+00 3.759E+00
    980      3.910 7.708E-01 9.006E-01 2.591E+04 2.312E-03 3.342E-02 1.293E+00 9.616E-01 1.298E+00 3.769E+00
    985      3.935 7.817E-01 9.231E-01 2.630E+04 2.314E-03 3.345E-02 1.302E+00 9.684E-01 1.317E+00 3.758E+00
    990      3.960 7.928E-01 9.460E-01 2.669E+04 2.315E-03 3.349E-02 1.312E+00 9.752E-01 1.336E+00 3.754E+00
    995      3.985 8.040E-01 9.694E-01 2.709E+04 2.315E-03 3.353E-02 1.322E+00 9.820E-01 1.356E+00 3.776E+00
   1000      4.010 8.153E-01 9.933E-01 2.749E+04 2.316E-03 3.357E-02 1.332E+00 9.889E-01 1.375E+00 3.792E+00
   1005      4.035 8.267E-01 1.018E+00 2.789E+04 2.316E-03 3.361E-02 1.341E+00 9.957E-01 1.395E+00 3.815E+00
   1010      4.060 8.382E-01 1.042E+00 2.830E+04 2.315E-03 3.365E-02 1.351E+00 1.003E+00 1.415E+00 3.831E+00
   1015      4.085 8.499E-01 1.067E+00 2.871E+04 2.315E-03 3.369E-02 1.361E+00 1.009E+00 1.435E+00 3.846E+00
   1020      4.110 8.617E-01 1.093E+00 2.913E+04 2.314E-03 3.373E-02 1.371E+00 1.016E+00 1.456E+00 3.886E+00
   1025      4.135 8.736E-01 1.119E+00 2.954E+04 2.313E-03 3.377E-02 1.380E+00 1.023E+00 1.476E+00 3.922E+00
   1030      4.160 8.857E-01 1.146E+00 2.996E+04 2.312E-03 3.381E-02 1.390E+00 1.030E+00 1.497E+00 3.974E+00
   1035      4.185 8.979E-01 1.173E+00 3.039E+04 2.310E-03 3.385E-02 1.400E+00 1.037E+00 1.518E+00 4.017E+00
   1040      4.210 9.102E-01 1.201E+00 3.081E+04 2.309E-03 3.389E-02 1.410E+00 1.044E+00 1.538E+00 4.069E+00
   1045      4.235 9.227E-01 1.229E+00 3.124E+04 2.308E-03 3.393E-02 1.420E+00 1.051E+00 1.560E+00 4.125E+00
   1050      4.260 9.353E-01 1.257E+00 3.168E+04 2.307E-03 3.397E-02 1.429E+00 1.058E+00 1.581E+00 4.169E+00
   1055      4.285 9.480E-01 1.287E+00 3.211E+04 2.306E-03 3.400E-02 1.439E+00 1.064E+00 1.602E+00 4.193E+00
   1060      4.310 9.609E-01 1.316E+00 3.255E+04 2.305E-03 3.404E-02 1.449E+00 1.071E+00 1.624E+00 4.197E+00
   1065      4.335 9.739E-01 1.346E+00 3.299E+04 2.304E-03 3.407E-02 1.459E+00 1.078E+00 1.646E+00 4.191E+00
   1070      4.360 9.869E-01 1.377E+00 3.344E+04 2.303E-03 3.410E-02 1.469E+00 1.085E+00 1.667E+00 4.198E+00
   1075      4.385 1.000E+00 1.408E+00 3.389E+04 2.302E-03 3.412E-02 1.479E+00 1.092E+00 1.689E+00 4.211E+00
   1080      4.410 1.013E+00 1.440E+00 3.434E+04 2.302E-03 3.415E-02 1.488E+00 1.099E+00 1.712E+00 4.227E+00
   1085      4.435 1.027E+00 1.473E+00 3.480E+04 2.302E-03 3.417E-02 1.498E+00 1.106E+00 1.734E+00 4.227E+00
   1090      4.460 1.040E+00 1.506E+00 3.526E+04 2.302E-03 3.419E-02 1.508E+00 1.113E+00 1.756E+00 4.251E+00
   1095      4.485 1.054E+00 1.539E+00 3.572E+04 2.303E-03 3.421E-02 1.518E+00 1.120E+00 1.779E+00 4.262E+00
   1100      4.510 1.068E+00 1.573E+00 3.619E+04 2.303E-03 3.422E-02 1.528E+00 1.127E+00 1.802E+00 4.305E+00
   1105      4.535 1.081E+00 1.608E+00 3.666E+04 2.304E-03 3.423E-02 1.538E+00 1.134E+00 1.825E+00 4.374E+00
   1110      4.560 1.095E+00 1.643E+00 3.713E+04 2.306E-03 3.424E-02 1.548E+00 1.141E+00 1.848E+00 4.428E+00
   1115      4.585 1.109E+00 1.679E+00 3.760E+04 2.307E-03 3.425E-02 1.557E+00 1.148E+00 1.871E+00 4.474E+00
   1120      4.610 1.123E+00 1.716E+00 3.808E+04 2.309E-03 3.426E-02 1.567E+00 1.155E+00 1.895E+00 4.521E+00
   1125      4.635 1.138E+00 1.753E+00 3.856E+04 2.311E-03 3.426E-02 1.577E+00 1.162E+00 1.918E+00 4.572E+00
   1130      4.660 1.152E+00 1.790E+00 3.904E+04 2.313E-03 3.427E-02 1.587E+00 1.169E+00 1.942E+00 4.655E+00
   1135      4.685 1.166E+00 1.829E+00 3.953E+04 2.314E-03 3.427E-02 1.597E+00 1.176E+00 1.966E+00 4.731E+00
   1140      4.710 1.181E+00 1.868E+00 4.002E+04 2.316E-03 3.428E-02 1.607E+00 1.183E+00 1.990E+00 4.790E+00
   1145      4.735 1.195E+00 1.908E+00 4.051E+04 2.317E-03 3.428E-02 1.616E+00 1.190E+00 2.014E+00 4.830E+00
   1150      4.760 1.210E+00 1.948E+00 4.100E+04 2.318E-03 3.428E-02 1.626E+00 1.197E+00 2.039E+00 4.852E+00
   1155      4.785 1.225E+00 1.989E+00 4.149E+04 2.318E-03 3.429E-02 1.636E+00 1.204E+00 2.063E+00 4.863E+00
   1160      4.810 1.240E+00 2.030E+00 4.199E+04 2.318E-03 3.430E-02 1.646E+00 1.211E+00 2.088E+00 4.879E+00
   1165      4.835 1.255E+00 2.073E+00 4.249E+04 2.317E-03 3.430E-02 1.656E+00 1.218E+00 2.113E+00 4.907E+00
   1170      4.860 1.270E+00 2.116E+00 4.299E+04 2.317E-03 3.431E-02 1.665E+00 1.226E+00 2.138E+00 4.934E+00
   1175      4.885 1.285E+00 2.160E+00 4.350E+04 2.316E-03 3.432E-02 1.675E+00 1.233E+00 2.163E+00 4.967E+00
   1180      4.910 1.300E+00 2.204E+00 4.401E+04 2.316E-03 3.432E-02 1.685E+00 1.240E+00 2.188E+00 5.014E+00
   1185      4.935 1.316E+00 2.249E+00 4.452E+04 2.315E-03 3.433E-02 1.695E+00 1.247E+00 2.214E+00 5.045E+00
   1190      4.960 1.331E+00 2.295E+00 4.503E+04 2.315E-03 3.434E-02 1.704E+00 1.255E+00 2.239E+00 5.073E+00
   1195      4.985 1.347E+00 2.341E+00 4.554E+04 2.315E-03 3.435E-02 1.714E+00 1.262E+00 2.265E+00 5.087E+00
   1200      5.010 1.362E+00 2.389E+00 4.606E+04 2.315E-03 3.436E-02 1.724E+00 1.269E+00 2.291E+00 5.081E+00
   1205      5.035 1.378E+00 2.437E+00 4.658E+04 2.315E-03 3.436E-02 1.733E+00 1.277E+00 2.317E+00 5.060E+00
   1210      5.060 1.394E+00 2.486E+00 4.710E+04 2.315E-03 3.437E-02 1.743E+00 1.284E+00 2.344E+00 5.050E+00
   1215      5.085 1.410E+00 2.535E+00 4.763E+04 2.315E-03 3.438E-02 1.753E+00 1.292E+00 2.370E+00 5.036E+00
   1220      5.110 1.426E+00 2.585E+00 4.815E+04 2.314E-03 3.439E-02 1.762E+00 1.299E+00 2.397E+00 5.013E+00
   1225      5.135 1.442E+00 2.636E+00 4.869E+04 2.314E-03 3.439E-02 1.772E+00 1.307E+00 2.424E+00 5.003E+00
   1230      5.160 1.459E+00 2.688E+00 4.922E+04 2.313E-03 3.440E-02 1.782E+00 1.314E+00 2.451E+00 4.984E+00
   1235      5.185 1.475E+00 2.741E+00 4.976E+04 2.312E-03 3.441E-02 1.791E+00 1.322E+00 2.478E+00 4.985E+00
   1240      5.210 1.492E+00 2.794E+00 5.030E+04 2.311E-03 3.441E-02 1.801E+00 1.330E+00 2.506E+00 5.027E+00
   1245      5.235 1.509E+00 2.849E+00 5.084E+04 2.310E-03 3.442E-02 1.811E+00 1.337E+00 2.534E+00 5.057E+00
   1250      5.260 1.526E+00 2.904E+00 5.138E+04 2.309E-03 3.442E-02 1.821E+00 1.345E+00 2.562E+00 5.105E+00
   1255      5.285 1.543E+00 2.959E+00 5.193E+04 2.309E-03 3.442E-02 1.830E+00 1.353E+00 2.590E+00 5.182E+00
   1260      5.310 1.560E+00 3.016E+00 5.248E+04 2.310E-03 3.442E-02 1.840E+00 1.360E+00 2.618E+00 5.255E+00
   1265      5.335 1.577E+00 3.074E+00 5.304E+04 2.311E-03 3.442E-02 1.850E+00 1.368E+00 2.647E+00 5.319E+00
   1270      5.360 1.595E+00 3.132E+00 5.360E+04 2.312E-03 3.442E-02 1.859E+00 1.376E+00 2.675E+00 5.375E+00
   1275      5.385 1.612E+00 3.191E+00 5.416E+04 2.314E-03 3.442E-02 1.869E+00 1.384E+00 2.704E+00 5.433E+00
   1280      5.410 1.630E+00 3.251E+00 5.472E+04 2.315E-03 3.441E-02 1.879E+00 1.392E+00 2.733E+00 5.491E+00
   1285      5.435 1.648E+00 3.312E+00 5.529E+04 2.316E-03 3.441E-02 1.888E+00 1.400E+00 2.763E+00 5.538E+00
   1290      5.460 1.666E+00 3.374E+00 5.586E+04 2.318E-03 3.441E-02 1.898E+00 1.408E+00 2.793E+00 5.577E+00
   1295      5.485 1.685E+00 3.437E+00 5.643E+04 2.318E-03 3.441E-02 1.908E+00 1.416E+00 2.822E+00 5.624E+00
   1300      5.510 1.703E+00 3.500E+00 5.701E+04 2.319E-03 3.440E-02 1.918E+00 1.424E+00 2.853E+00 5.681E+00
   1305      5.535 1.722E+00 3.565E+00 5.759E+04 2.319E-03 3.440E-02 1.927E+00 1.432E+00 2.883E+00 5.734E+00
   1310      5.560 1.740E+00 3.631E+00 5.818E+04 2.319E-03 3.440E-02 1.937E+00 1.440E+00 2.913E+00 5.785E+00
   1315      5.585 1.759E+00 3.697E+00 5.877E+04 2.318E-03 3.440E-02 1.947E+00 1.448E+00 2.944E+00 5.854E+00
   1320      5.610 1.778E+00 3.764E+00 5.936E+04 2.317E-03 3.440E-02 1.957E+00 1.457E+00 2.975E+00 5.912E+00
   1325      5.635 1.797E+00 3.833E+00 5.996E+04 2.317E-03 3.440E-02 1.967E+00 1.465E+00 3.007E+00 5.976E+00
   1330      5.660 1.817E+00 3.902E+00 6.056E+04 2.316E-03 3.440E-02 1.976E+00 1.473E+00 3.038E+00 6.045E+00
   1335      5.685 1.836E+00 3.972E+00 6.117E+04 2.316E-03 3.440E-02 1.986E+00 1.482E+00 3.070E+00 6.105E+00
   1340      5.710 1.856E+00 4.043E+00 6.178E+04 2.316E-03 3.440E-02 1.996E+00 1.490E+00 3.102E+00 6.154E+00
   1345      5.735 1.876E+00 4.115E+00 6.239E+04 2.317E-03 3.440E-02 2.006E+00 1.498E+00 3.135E+00 6.192E+00
   1350      5.760 1.896E+00 4.189E+00 6.301E+04 2.317E-03 3.440E-02 2.016E+00 1.507E+00 3.168E+00 6.218E+00
   1355      5.785 1.916E+00 4.263E+00 6.363E+04 2.317E-03 3.440E-02 2.026E+00 1.515E+00 3.200E+00 6.234E+00
   1360      5.810 1.937E+00 4.338E+00 6.426E+04 2.317E-03 3.440E-02 2.036E+00 1.524E+00 3.234E+00 6.250E+00
   1365      5.835 1.957E+00 4.414E+00 6.489E+04 2.317E-03 3.440E-02 2.046E+00 1.533E+00 3.267E+00 6.269E+00
   1370      5.860 1.978E+00 4.492E+00 6.553E+04 2.316E-03 3.440E-02 2.056E+00 1.541E+00 3.301E+00 6.290E+00
   1375      5.885 1.999E+00 4.570E+00 6.617E+04 2.316E-03 3.441E-02 2.066E+00 1.550E+00 3.335E+00 6.303E+00
   1380      5.910 2.020E+00 4.650E+00 6.681E+04 2.315E-03 3.441E-02 2.076E+00 1.559E+00 3.370E+00 6.330E+00
   1385      5.935 2.041E+00 4.730E+00 6.746E+04 2.314E-03 3.441E-02 2.086E+00 1.567E+00 3.404E+00 6.346E+00
   1390      5.960 2.063E+00 4.812E+00 6.812E+04 2.314E-03 3.441E-02 2.096E+00 1.576E+00 3.439E+00 6.367E+00
   1395      5.985 2.085E+00 4.895E+00 6.878E+04 2.314E-03 3.441E-02 2.106E+00 1.585E+00 3.475E+00 6.401E+00
   1400      6.010 2.107E+00 4.979E+00 6.945E+04 2.315E-03 3.440E-02 2.117E+00 1.594E+00 3.510E+00 6.433E+00
   1405      6.035 2.129E+00 5.064E+00 7.012E+04 2.316E-03 3.440E-02 2.127E+00 1.603E+00 3.546E+00 6.487E+00
   1410      6.060 2.151E+00 5.150E+00 7.080E+04 2.317E-03 3.440E-02 2.137E+00 1.612E+00 3.583E+00 6.529E+00
   1415      6.085 2.173E+00 5.237E+00 7.148E+04 2.319E-03 3.440E-02 2.147E+00 1.621E+00 3.619E+00 6.553E+00
   1420      6.110 2.196E+00 5.326E+00 7.218E+04 2.320E-03 3.440E-02 2.158E+00 1.630E+00 3.656E+00 6.557E+00
   1425      6.135 2.219E+00 5.416E+00 7.287E+04 2.322E-03 3.440E-02 2.168E+00 1.639E+00 3.694E+00 6.538E+00
   1430      6.160 2.242E+00 5.507E+00 7.358E+04 2.322E-03 3.440E-02 2.178E+00 1.648E+00 3.731E+00 6.511E+00
   1435      6.185 2.265E+00 5.599E+00 7.429E+04 2.323E-03 3.440E-02 2.189E+00 1.657E+00 3.769E+00 6.517E+00
   1440      6.210 2.289E+00 5.692E+00 7.500E+04 2.322E-03 3.440E-02 2.200E+00 1.667E+00 3.808E+00 6.512E+00
   1445      6.235 2.312E+00 5.787E+00 7.573E+04 2.321E-03 3.441E-02 2.210E+00 1.676E+00 3.846E+00 6.498E+00
   1450      6.260 2.336E+00 5.883E+00 7.646E+04 2.321E-03 3.441E-02 2.221E+00 1.685E+00 3.885E+00 6.471E+00
   1455      6.285 2.360E+00 5.980E+00 7.719E+04 2.320E-03 3.442E-02 2.231E+00 1.694E+00 3.925E+00 6.424E+00
   1460      6.310 2.384E+00 6.079E+00 7.794E+04 2.319E-03 3.443E-02 2.242E+00 1.703E+00 3.965E+00 6.391E+00
   1465      6.335 2.408E+00 6.179E+00 7.869E+04 2.319E-03 3.443E-02 2.253E+00 1.713E+00 4.005E+00 6.392E+00
   1470      6.360 2.433E+00 6.280E+00 7.945E+04 2.319E-03 3.444E-02 2.264E+00 1.722E+00 4.045E+00 6.415E+00
   1475      6.385 2.457E+00 6.383E+00 8.022E+04 2.320E-03 3.445E-02 2.275E+00 1.731E+00 4.086E+00 6.431E+00
   1480      6.410 2.482E+00 6.487E+00 8.100E+04 2.321E-03 3.446E-02 2.286E+00 1.741E+00 4.127E+00 6.452E+00
   1485      6.435 2.507E+00 6.592E+00 8.179E+04 2.321E-03 3.447E-02 2.297E+00 1.750E+00 4.169E+00 6.466E+00
   1490      6.460 2.532E+00 6.699E+00 8.258E+04 2.322E-03 3.448E-02 2.308E+00 1.759E+00 4.211E+00 6.471E+00
   1495      6.485 2.557E+00 6.807E+00 8.338E+04 2.322E-03 3.449E-02 2.319E+00 1.769E+00 4.253E+00 6.466E+00
   1500      6.510 2.582E+00 6.917E+00 8.419E+04 2.321E-03 3.450E-02 2.330E+00 1.778E+00 4.296E+00 6.451E+00
   1505      6.535 2.607E+00 7.028E+00 8.501E+04 2.320E-03 3.451E-02 2.342E+00 1.788E+00 4.339E+00 6.459E+00
   1510      6.560 2.633E+00 7.140E+00 8.584E+04 2.319E-03 3.453E-02 2.353E+00 1.797E+00 4.383E+00 6.560E+00
   1515      6.585 2.658E+00 7.254E+00 8.667E+04 2.317E-03 3.454E-02 2.364E+00 1.806E+00 4.427E+00 6.659E+00
   1520      6.610 2.684E+00 7.370E+00 8.752E+04 2.315E-03 3.456E-02 2.376E+00 1.816E+00 4.471E+00 6.756E+00
   1525      6.635 2.710E+00 7.487E+00 8.837E+04 2.313E-03 3.457E-02 2.387E+00 1.825E+00 4.516E+00 6.849E+00
   1530      6.660 2.736E+00 7.605E+00 8.923E+04 2.311E-03 3.458E-02 2.399E+00 1.835E+00 4.561E+00 6.932E+00
   1535      6.685 2.762E+00 7.725E+00 9.010E+04 2.311E-03 3.459E-02 2.411E+00 1.844E+00 4.606E+00 7.038E+00
   1540      6.710 2.788E+00 7.847E+00 9.097E+04 2.311E-03 3.460E-02 2.422E+00 1.854E+00 4.652E+00 7.128E+00
   1545      6.735 2.815E+00 7.970E+00 9.186E+04 2.311E-03 3.461E-02 2.434E+00 1.863E+00 4.698E+00 7.205E+00
   1550      6.760 2.841E+00 8.095E+00 9.275E+04 2.312E-03 3.462E-02 2.446E+00 1.873E+00 4.745E+00 7.283E+00
   1555      6.785 2.868E+00 8.221E+00 9.366E+04 2.313E-03 3.463E-02 2.458E+00 1.882E+00 4.792E+00 7.366E+00
   1560      6.810 2.895E+00 8.349E+00 9.456E+04 2.315E-03 3.463E-02 2.470E+00 1.892E+00 4.839E+00 7.445E+00
   1565      6.835 2.922E+00 8.479E+00 9.548E+04 2.316E-03 3.463E-02 2.482E+00 1.901E+00 4.887E+00 7.506E+00
   1570      6.860 2.950E+00 8.610E+00 9.641E+04 2.318E-03 3.464E-02 2.494E+00 1.911E+00 4.935E+00 7.548E+00
   1575      6.885 2.977E+00 8.743E+00 9.734E+04 2.319E-03 3.464E-02 2.506E+00 1.920E+00 4.983E+00 7.573E+00
   1580      6.910 3.005E+00 8.878E+00 9.828E+04 2.319E-03 3.465E-02 2.518E+00 1.930E+00 5.032E+00 7.595E+00
   1585      6.935 3.033E+00 9.015E+00 9.923E+04 2.320E-03 3.465E-02 2.530E+00 1.939E+00 5.081E+00 7.611E+00
   1590      6.960 3.061E+00 9.153E+00 1.002E+05 2.320E-03 3.466E-02 2.542E+00 1.949E+00 5.131E+00 7.623E+00
   1595      6.985 3.090E+00 9.293E+00 1.011E+05 2.320E-03 3.466E-02 2.554E+00 1.959E+00 5.181E+00 7.694E+00
   1600      7.010 3.118E+00 9.435E+00 1.021E+05 2.321E-03 3.467E-02 2.567E+00 1.969E+00 5.231E+00 7.763E+00
   1605      7.035 3.147E+00 9.578E+00 1.031E+05 2.321E-03 3.468E-02 2.579E+00 1.978E+00 5.282E+00 7.818E+00
   1610      7.060 3.176E+00 9.724E+00 1.041E+05 2.322E-03 3.469E-02 2.591E+00 1.988E+00 5.333E+00 7.861E+00
   1615      7.085 3.205E+00 9.871E+00 1.051E+05 2.322E-03 3.469E-02 2.603E+00 1.998E+00 5.384E+00 7.905E+00
   1620      7.110 3.234E+00 1.002E+01 1.061E+05 2.323E-03 3.470E-02 2.616E+00 2.007E+00 5.436E+00 7.976E+00
   1625      7.135 3.264E+00 1.017E+01 1.071E+05 2.323E-03 3.472E-02 2.628E+00 2.017E+00 5.489E+00 8.036E+00
   1630      7.160 3.293E+00 1.032E+01 1.081E+05 2.323E-03 3.473E-02 2.641E+00 2.027E+00 5.541E+00 8.086E+00
   1635      7.185 3.323E+00 1.048E+01 1.091E+05 2.323E-03 3.474E-02 2.653E+00 2.037E+00 5.595E+00 8.129E+00
   1640      7.210 3.353E+00 1.064E+01 1.102E+05 2.322E-03 3.476E-02 2.666E+00 2.047E+00 5.648E+00 8.167E+00
   1645      7.235 3.383E+00 1.079E+01 1.112E+05 2.321E-03 3.477E-02 2.679E+00 2.057E+00 5.702E+00 8.219E+00
   1650      7.260 3.414E+00 1.095E+01 1.123E+05 2.320E-03 3.479E-02 2.691E+00 2.066E+00 5.756E+00 8.271E+00
   1655      7.285 3.444E+00 1.112E+01 1.133E+05 2.319E-03 3.480E-02 2.704E+00 2.076E+00 5.811E+00 8.305E+00
   1660      7.310 3.475E+00 1.128E+01 1.144E+05 2.318E-03 3.482E-02 2.717E+00 2.086E+00 5.866E+00 8.326E+00
   1665      7.335 3.505E+00 1.145E+01 1.155E+05 2.316E-03 3.484E-02 2.729E+00 2.096E+00 5.922E+00 8.336E+00
   1670      7.360 3.536E+00 1.162E+01 1.166E+05 2.316E-03 3.485E-02 2.742E+00 2.106E+00 5.978E+00 8.339E+00
   1675      7.385 3.567E+00 1.179E+01 1.177E+05 2.315E-03 3.487E-02 2.755E+00 2.116E+00 6.034E+00 8.359E+00
   1680      7.410 3.599E+00 1.196E+01 1.188E+05 2.315E-03 3.488E-02 2.768E+00 2.126E+00 6.091E+00 8.363E+00
   1685      7.435 3.630E+00 1.214E+01 1.199E+05 2.316E-03 3.490E-02 2.781E+00 2.136E+00 6.148E+00 8.358E+00
   1690      7.460 3.661E+00 1.231E+01 1.210E+05 2.316E-03 3.491E-02 2.794E+00 2.146E+00 6.206E+00 8.358E+00
   1695      7.485 3.693E+00 1.249E+01 1.222E+05 2.317E-03 3.493E-02 2.807E+00 2.156E+00 6.264E+00 8.365E+00
   1700      7.510 3.725E+00 1.267E+01 1.233E+05 2.317E-03 3.494E-02 2.820E+00 2.166E+00 6.322E+00 8.401E+00
   1705      7.535 3.757E+00 1.286E+01 1.245E+05 2.318E-03 3.496E-02 2.834E+00 2.175E+00 6.381E+00 8.436E+00
   1710      7.560 3.789E+00 1.304E+01 1.256E+05 2.318E-03 3.497E-02 2.847E+00 2.185E+00 6.440E+00 8.468E+00
   1715      7.585 3.822E+00 1.323E+01 1.268E+05 2.318E-03 3.498E-02 2.860E+00 2.195E+00 6.499E+00 8.485E+00
   1720      7.610 3.854E+00 1.342E+01 1.280E+05 2.319E-03 3.500E-02 2.873E+00 2.205E+00 6.559E+00 8.485E+00
   1725      7.635 3.887E+00 1.361E+01 1.292E+05 2.319E-03 3.501E-02 2.887E+00 2.215E+00 6.620E+00 8.467E+00
   1730      7.660 3.920E+00 1.381E+01 1.304E+05 2.319E-03 3.502E-02 2.900E+00 2.225E+00 6.681E+00 8.450E+00
   1735      7.685 3.953E+00 1.401E+01 1.316E+05 2.319E-03 3.504E-02 2.913E+00 2.235E+00 6.742E+00 8.440E+00
   1740      7.710 3.987E+00 1.421E+01 1.328E+05 2.318E-03 3.505E-02 2.927E+00 2.245E+00 6.803E+00 8.426E+00
   1745      7.735 4.020E+00 1.441E+01 1.340E+05 2.318E-03 3.507E-02 2.940E+00 2.255E+00 6.866E+00 8.493E+00
   1750      7.760 4.054E+00 1.461E+01 1.353E+05 2.318E-03 3.508E-02 2.954E+00 2.265E+00 6.928E+00 8.558E+00
   1755      7.785 4.088E+00 1.482E+01 1.365E+05 2.317E-03 3.509E-02 2.967E+00 2.275E+00 6.991E+00 8.616E+00
   1760      7.810 4.122E+00 1.503E+01 1.377E+05 2.316E-03 3.511E-02 2.981E+00 2.285E+00 7.054E+00 8.696E+00
   1765      7.835 4.157E+00 1.524E+01 1.390E+05 2.315E-03 3.512E-02 2.994E+00 2.295E+00 7.118E+00 8.787E+00
   1770      7.860 4.191E+00 1.546E+01 1.403E+05 2.314E-03 3.513E-02 3.008E+00 2.305E+00 7.182E+00 8.866E+00
   1775      7.885 4.226E+00 1.567E+01 1.415E+05 2.314E-03 3.515E-02 3.022E+00 2.316E+00 7.246E+00 8.937E+00
   1780      7.910 4.260E+00 1.589E+01 1.428E+05 2.313E-03 3.516E-02 3.035E+00 2.326E+00 7.311E+00 9.003E+00
   1785      7.935 4.295E+00 1.611E+01 1.441E+05 2.314E-03 3.517E-02 3.049E+00 2.336E+00 7.376E+00 9.072E+00
   1790      7.960 4.331E+00 1.634E+01 1.454E+05 2.314E-03 3.518E-02 3.063E+00 2.346E+00 7.442E+00 9.129E+00
   1795      7.985 4.366E+00 1.657E+01 1.467E+05 2.315E-03 3.518E-02 3.077E+00 2.356E+00 7.508E+00 9.182E+00
   1800      8.010 4.401E+00 1.679E+01 1.481E+05 2.316E-03 3.519E-02 3.090E+00 2.366E+00 7.574E+00 9.254E+00
   1805      8.035 4.437E+00 1.703E+01 1.494E+05 2.318E-03 3.520E-02 3.104E+00 2.376E+00 7.641E+00 9.330E+00
   1810      8.060 4.473E+00 1.726E+01 1.507E+05 2.319E-03 3.521E-02 3.118E+00 2.386E+00 7.708E+00 9.430E+00
   1815      8.085 4.509E+00 1.750E+01 1.521E+05 2.321E-03 3.521E-02 3.132E+00 2.396E+00 7.776E+00 9.515E+00
   1820      8.110 4.545E+00 1.774E+01 1.534E+05 2.322E-03 3.522E-02 3.146E+00 2.406E+00 7.844E+00 9.585E+00
   1825      8.135 4.581E+00 1.798E+01 1.548E+05 2.322E-03 3.523E-02 3.160E+00 2.417E+00 7.913E+00 9.647E+00
   1830      8.160 4.618E+00 1.823E+01 1.562E+05 2.323E-03 3.524E-02 3.174E+00 2.427E+00 7.982E+00 9.703E+00
   1835      8.185 4.654E+00 1.848E+01 1.576E+05 2.322E-03 3.525E-02 3.188E+00 2.437E+00 8.051E+00 9.758E+00
   1840      8.210 4.691E+00 1.873E+01 1.590E+05 2.321E-03 3.526E-02 3.202E+00 2.447E+00 8.121E+00 9.812E+00
   1845      8.235 4.728E+00 1.898E+01 1.604E+05 2.319E-03 3.527E-02 3.216E+00 2.457E+00 8.191E+00 9.859E+00
   1850      8.260 4.765E+00 1.924E+01 1.618E+05 2.317E-03 3.528E-02 3.230E+00 2.467E+00 8.261E+00 9.939E+00
   1855      8.285 4.803E+00 1.950E+01 1.632E+05 2.315E-03 3.529E-02 3.245E+00 2.477E+00 8.332E+00 1.001E+01
   1860      8.310 4.840E+00 1.977E+01 1.646E+05 2.312E-03 3.530E-02 3.259E+00 2.487E+00 8.403E+00 1.007E+01
   1865      8.335 4.878E+00 2.003E+01 1.661E+05 2.311E-03 3.531E-02 3.273E+00 2.498E+00 8.475E+00 1.011E+01
   1870      8.360 4.916E+00 2.030E+01 1.675E+05 2.310E-03 3.532E-02 3.287E+00 2.508E+00 8.547E+00 1.014E+01
   1875      8.385 4.954E+00 2.057E+01 1.690E+05 2.310E-03 3.532E-02 3.301E+00 2.518E+00 8.620E+00 1.015E+01
   1880      8.410 4.992E+00 2.085E+01 1.705E+05 2.311E-03 3.533E-02 3.316E+00 2.528E+00 8.693E+00 1.017E+01
   1885      8.435 5.030E+00 2.113E+01 1.719E+05 2.312E-03 3.533E-02 3.330E+00 2.538E+00 8.766E+00 1.018E+01
   1890      8.460 5.068E+00 2.141E+01 1.734E+05 2.314E-03 3.533E-02 3.345E+00 2.548E+00 8.840E+00 1.019E+01
   1895      8.485 5.107E+00 2.169E+01 1.749E+05 2.316E-03 3.533E-02 3.359E+00 2.558E+00 8.914E+00 1.025E+01
   1900      8.510 5.145E+00 2.198E+01 1.764E+05 2.319E-03 3.533E-02 3.373E+00 2.568E+00 8.989E+00 1.032E+01
   1905      8.535 5.184E+00 2.227E+01 1.779E+05 2.322E-03 3.533E-02 3.388E+00 2.579E+00 9.063E+00 1.037E+01
   1910      8.560 5.223E+00 2.256E+01 1.795E+05 2.324E-03 3.533E-02 3.402E+00 2.589E+00 9.139E+00 1.041E+01
   1915      8.585 5.262E+00 2.286E+01 1.810E+05 2.326E-03 3.533E-02 3.417E+00 2.599E+00 9.215E+00 1.043E+01
   1920      8.610 5.302E+00 2.316E+01 1.826E+05 2.327E-03 3.533E-02 3.432E+00 2.609E+00 9.291E+00 1.043E+01
   1925      8.635 5.341E+00 2.346E+01 1.841E+05 2.327E-03 3.533E-02 3.446E+00 2.619E+00 9.367E+00 1.042E+01
   1930      8.660 5.381E+00 2.377E+01 1.857E+05 2.326E-03 3.534E-02 3.461E+00 2.629E+00 9.444E+00 1.041E+01
   1935      8.685 5.420E+00 2.408E+01 1.873E+05 2.323E-03 3.535E-02 3.476E+00 2.639E+00 9.521E+00 1.041E+01
   1940      8.710 5.460E+00 2.439E+01 1.889E+05 2.320E-03 3.535E-02 3.490E+00 2.649E+00 9.599E+00 1.045E+01
   1945      8.735 5.500E+00 2.471E+01 1.905E+05 2.317E-03 3.536E-02 3.505E+00 2.659E+00 9.677E+00 1.048E+01
   1950      8.760 5.540E+00 2.503E+01 1.921E+05 2.313E-03 3.537E-02 3.520E+00 2.669E+00 9.756E+00 1.052E+01
   1955      8.785 5.581E+00 2.535E+01 1.937E+05 2.310E-03 3.538E-02 3.535E+00 2.679E+00 9.834E+00 1.057E+01
   1960      8.810 5.621E+00 2.568E+01 1.953E+05 2.308E-03 3.538E-02 3.549E+00 2.689E+00 9.914E+00 1.061E+01
   1965      8.835 5.662E+00 2.601E+01 1.970E+05 2.307E-03 3.539E-02 3.564E+00 2.699E+00 9.993E+00 1.067E+01
   1970      8.860 5.702E+00 2.634E+01 1.986E+05 2.307E-03 3.539E-02 3.579E+00 2.708E+00 1.007E+01 1.071E+01
   1975      8.885 5.743E+00 2.668E+01 2.003E+05 2.308E-03 3.539E-02 3.594E+00 2.718E+00 1.015E+01 1.076E+01
   1980      8.910 5.784E+00 2.702E+01 2.019E+05 2.309E-03 3.538E-02 3.609E+00 2.728E+00 1.023E+01 1.082E+01
   1985      8.935 5.825E+00 2.736E+01 2.036E+05 2.311E-03 3.538E-02 3.624E+00 2.738E+00 1.032E+01 1.088E+01
   1990      8.960 5.867E+00 2.771E+01 2.053E+05 2.313E-03 3.537E-02 3.639E+00 2.748E+00 1.040E+01 1.096E+01
   1995      8.985 5.908E+00 2.806E+01 2.070E+05 2.315E-03 3.536E-02 3.654E+00 2.757E+00 1.048E+01 1.103E+01
   2000      9.010 5.950E+00 2.841E+01 2.087E+05 2.316E-03 3.535E-02 3.669E+00 2.767E+00 1.056E+01 1.109E+01
   2005      9.035 5.992E+00 2.877E+01 2.104E+05 2.318E-03 3.534E-02 3.684E+00 2.777E+00 1.064E+01 1.114E+01
   2010      9.060 6.034E+00 2.913E+01 2.122E+05 2.318E-03 3.533E-02 3.699E+00 2.786E+00 1.073E+01 1.118E+01
   2015      9.085 6.076E+00 2.950E+01 2.139E+05 2.319E-03 3.532E-02 3.715E+00 2.796E+00 1.081E+01 1.120E+01
   2020      9.110 6.118E+00 2.987E+01 2.157E+05 2.319E-03 3.531E-02 3.730E+00 2.806E+00 1.089E+01 1.126E+01
   2025      9.135 6.161E+00 3.024E+01 2.174E+05 2.319E-03 3.530E-02 3.745E+00 2.815E+00 1.098E+01 1.136E+01
   2030      9.160 6.203E+00 3.061E+01 2.192E+05 2.318E-03 3.529E-02 3.760E+00 2.825E+00 1.106E+01 1.145E+01
   2035      9.185 6.246E+00 3.099E+01 2.210E+05 2.317E-03 3.527E-02 3.775E+00 2.835E+00 1.114E+01 1.152E+01
   2040      9.210 6.289E+00 3.138E+01 2.227E+05 2.316E-03 3.526E-02 3.790E+00 2.844E+00 1.123E+01 1.160E+01
   2045      9.235 6.333E+00 3.177E+01 2.245E+05 2.315E-03 3.525E-02 3.806E+00 2.854E+00 1.131E+01 1.165E+01
   2050      9.260 6.376E+00 3.216E+01 2.263E+05 2.314E-03 3.524E-02 3.821E+00 2.863E+00 1.140E+01 1.170E+01
   2055      9.285 6.420E+00 3.255E+01 2.281E+05 2.314E-03 3.523E-02 3.836E+00 2.873E+00 1.148E+01 1.175E+01
   2060      9.310 6.464E+00 3.295E+01 2.299E+05 2.314E-03 3.521E-02 3.851E+00 2.882E+00 1.157E+01 1.180E+01
   2065      9.335 6.508E+00 3.336E+01 2.318E+05 2.314E-03 3.519E-02 3.866E+00 2.892E+00 1.166E+01 1.185E+01
   2070      9.360 6.553E+00 3.376E+01 2.336E+05 2.315E-03 3.518E-02 3.882E+00 2.901E+00 1.174E+01 1.189E+01
   2075      9.385 6.598E+00 3.417E+01 2.354E+05 2.316E-03 3.516E-02 3.897E+00 2.911E+00 1.183E+01 1.191E+01
   2080      9.410 6.643E+00 3.459E+01 2.373E+05 2.318E-03 3.514E-02 3.912E+00 2.920E+00 1.192E+01 1.192E+01
   2085      9.435 6.688E+00 3.501E+01 2.391E+05 2.319E-03 3.512E-02 3.927E+00 2.930E+00 1.200E+01 1.191E+01
   2090      9.460 6.734E+00 3.543E+01 2.410E+05 2.321E-03 3.510E-02 3.942E+00 2.939E+00 1.209E+01 1.191E+01
   2095      9.485 6.779E+00 3.586E+01 2.428E+05 2.322E-03 3.509E-02 3.958E+00 2.949E+00 1.218E+01 1.190E+01
   2100      9.510 6.826E+00 3.629E+01 2.447E+05 2.323E-03 3.507E-02 3.973E+00 2.958E+00 1.227E+01 1.188E+01
   2105      9.535 6.872E+00 3.672E+01 2.466E+05 2.324E-03 3.505E-02 3.988E+00 2.967E+00 1.235E+01 1.187E+01
   2110      9.560 6.918E+00 3.716E+01 2.484E+05 2.324E-03 3.504E-02 4.003E+00 2.977E+00 1.244E+01 1.185E+01
   2115      9.585 6.965E+00 3.761E+01 2.503E+05 2.324E-03 3.502E-02 4.018E+00 2.986E+00 1.253E+01 1.185E+01
   2120      9.610 7.013E+00 3.805E+01 2.522E+05 2.323E-03 3.501E-02 4.034E+00 2.996E+00 1.262E+01 1.184E+01
   2125      9.635 7.060E+00 3.851E+01 2.541E+05 2.322E-03 3.499E-02 4.049E+00 3.005E+00 1.271E+01 1.183E+01
   2130      9.660 7.108E+00 3.896E+01 2.560E+05 2.321E-03 3.498E-02 4.064E+00 3.014E+00 1.280E+01 1.181E+01
   2135      9.685 7.156E+00 3.942E+01 2.579E+05 2.320E-03 3.497E-02 4.079E+00 3.024E+00 1.289E+01 1.177E+01
   2140      9.710 7.204E+00 3.989E+01 2.599E+05 2.319E-03 3.496E-02 4.094E+00 3.033E+00 1.298E+01 1.173E+01
   2145      9.735 7.252E+00 4.036E+01 2.618E+05 2.317E-03 3.495E-02 4.109E+00 3.042E+00 1.307E+01 1.178E+01
   2150      9.760 7.301E+00 4.083E+01 2.637E+05 2.316E-03 3.493E-02 4.124E+00 3.052E+00 1.316E+01 1.183E+01
   2155      9.785 7.350E+00 4.131E+01 2.656E+05 2.315E-03 3.492E-02 4.139E+00 3.061E+00 1.325E+01 1.187E+01
   2160      9.810 7.400E+00 4.179E+01 2.676E+05 2.314E-03 3.491E-02 4.154E+00 3.070E+00 1.334E+01 1.190E+01
   2165      9.835 7.449E+00 4.227E+01 2.695E+05 2.314E-03 3.489E-02 4.169E+00 3.080E+00 1.343E+01 1.193E+01
   2170      9.860 7.499E+00 4.277E+01 2.715E+05 2.314E-03 3.488E-02 4.184E+00 3.089E+00 1.353E+01 1.196E+01
   2175      9.885 7.550E+00 4.326E+01 2.734E+05 2.315E-03 3.486E-02 4.200E+00 3.098E+00 1.362E+01 1.200E+01
   2180      9.910 7.600E+00 4.376E+01 2.754E+05 2.316E-03 3.484E-02 4.214E+00 3.107E+00 1.371E+01 1.206E+01
   2185      9.935 7.651E+00 4.427E+01 2.773E+05 2.317E-03 3.482E-02 4.229E+00 3.117E+00 1.380E+01 1.210E+01
   2190      9.960 7.703E+00 4.477E+01 2.793E+05 2.319E-03 3.481E-02 4.244E+00 3.126E+00 1.389E+01 1.213E+01
   2195      9.985 7.754E+00 4.529E+01 2.813E+05 2.320E-03 3.479E-02 4.259E+00 3.135E+00 1.399E+01 1.214E+01
   2200     10.010 7.807E+00 4.581E+01 2.832E+05 2.321E-03 3.477E-02 4.274E+00 3.145E+00 1.408E+01 1.214E+01
   2205     10.035 7.859E+00 4.633E+01 2.852E+05 2.322E-03 3.475E-02 4.289E+00 3.154E+00 1.417E+01 1.214E+01
