#--it-----t--------dt-------EEK-------EEM-------EEGW------hrms------urms------brms------umax------bmax------o2m------divu2m----gg2m---
    0   1.0000  1.80E-02 0.000E+00 9.332E-02 0.000E+00 0.000E+00 0.000E+00 4.320E-01 0.000E+00 1.628E+00 0.000E+00 0.000E+00 0.00E+00
    1   1.0180  1.47E-02 1.783E-03 9.120E-02 1.728E-05 9.561E-05 5.967E-02 4.271E-01 4.868E-01 1.443E+00 2.248E+00 2.568E+00 1.04E-04
    2   1.0327  1.38E-02 4.790E-03 8.719E-02 3.865E-05 2.853E-04 9.767E-02 4.176E-01 6.395E-01 1.212E+00 6.326E+00 6.251E+00 2.32E-04
    3   1.0465  1.37E-02 7.455E-03 8.268E-02 4.945E-05 5.065E-04 1.216E-01 4.067E-01 7.215E-01 1.108E+00 1.055E+01 8.273E+00 2.97E-04
    4   1.0601  1.37E-02 9.273E-03 7.828E-02 5.267E-05 7.303E-04 1.351E-01 3.957E-01 7.585E-01 1.112E+00 1.425E+01 8.010E+00 3.16E-04
    5   1.0739  1.40E-02 1.030E-02 7.429E-02 5.266E-05 9.403E-04 1.416E-01 3.855E-01 7.497E-01 1.144E+00 1.720E+01 6.259E+00 3.16E-04
    6   1.0879  1.45E-02 1.088E-02 7.078E-02 5.182E-05 1.131E-03 1.449E-01 3.762E-01 7.358E-01 1.187E+00 1.938E+01 4.464E+00 3.11E-04
    7   1.1024  1.51E-02 1.141E-02 6.776E-02 5.171E-05 1.299E-03 1.481E-01 3.681E-01 7.141E-01 1.195E+00 2.092E+01 3.797E+00 3.10E-04
    8   1.1175  1.49E-02 1.210E-02 6.522E-02 5.291E-05 1.444E-03 1.527E-01 3.612E-01 7.014E-01 1.173E+00 2.197E+01 4.486E+00 3.17E-04
    9   1.1324  1.53E-02 1.291E-02 6.324E-02 5.485E-05 1.562E-03 1.580E-01 3.556E-01 7.103E-01 1.170E+00 2.268E+01 5.747E+00 3.29E-04
   10   1.1477  1.53E-02 1.372E-02 6.166E-02 5.692E-05 1.664E-03 1.631E-01 3.512E-01 7.422E-01 1.188E+00 2.325E+01 6.733E+00 3.42E-04
   11   1.1630  1.49E-02 1.439E-02 6.043E-02 5.866E-05 1.752E-03 1.672E-01 3.476E-01 7.653E-01 1.199E+00 2.379E+01 7.029E+00 3.52E-04
   12   1.1779  1.43E-02 1.489E-02 5.943E-02 5.977E-05 1.828E-03 1.702E-01 3.448E-01 7.782E-01 1.194E+00 2.432E+01 6.791E+00 3.59E-04
   13   1.1922  1.40E-02 1.527E-02 5.859E-02 6.031E-05 1.895E-03 1.726E-01 3.423E-01 7.883E-01 1.192E+00 2.484E+01 6.377E+00 3.62E-04
   14   1.2062  1.43E-02 1.559E-02 5.780E-02 6.058E-05 1.958E-03 1.746E-01 3.400E-01 7.968E-01 1.158E+00 2.531E+01 6.009E+00 3.63E-04
   15   1.2205  1.48E-02 1.588E-02 5.700E-02 6.073E-05 2.019E-03 1.765E-01 3.376E-01 8.002E-01 1.109E+00 2.574E+01 5.756E+00 3.64E-04
   16   1.2352  1.47E-02 1.617E-02 5.617E-02 6.082E-05 2.080E-03 1.782E-01 3.352E-01 8.200E-01 1.079E+00 2.610E+01 5.597E+00 3.65E-04
   17   1.2500  1.50E-02 1.643E-02 5.532E-02 6.096E-05 2.139E-03 1.797E-01 3.326E-01 8.280E-01 1.054E+00 2.637E+01 5.482E+00 3.66E-04
   18   1.2649  1.47E-02 1.664E-02 5.445E-02 6.116E-05 2.197E-03 1.809E-01 3.300E-01 8.303E-01 1.028E+00 2.656E+01 5.362E+00 3.67E-04
   19   1.2796  1.42E-02 1.681E-02 5.360E-02 6.138E-05 2.252E-03 1.818E-01 3.274E-01 8.371E-01 1.028E+00 2.667E+01 5.237E+00 3.68E-04
   20   1.2938  1.40E-02 1.693E-02 5.278E-02 6.159E-05 2.304E-03 1.824E-01 3.249E-01 8.575E-01 1.041E+00 2.672E+01 5.121E+00 3.70E-04
   21   1.3078  1.41E-02 1.702E-02 5.198E-02 6.183E-05 2.352E-03 1.828E-01 3.224E-01 8.512E-01 1.047E+00 2.673E+01 5.025E+00 3.71E-04
   22   1.3220  1.46E-02 1.708E-02 5.119E-02 6.206E-05 2.399E-03 1.831E-01 3.200E-01 8.387E-01 1.050E+00 2.670E+01 4.951E+00 3.72E-04
   23   1.3366  1.44E-02 1.710E-02 5.040E-02 6.229E-05 2.445E-03 1.832E-01 3.175E-01 8.563E-01 1.043E+00 2.664E+01 4.891E+00 3.74E-04
   24   1.3510  1.44E-02 1.710E-02 4.965E-02 6.253E-05 2.488E-03 1.831E-01 3.151E-01 8.732E-01 1.032E+00 2.656E+01 4.837E+00 3.75E-04
   25   1.3654  1.47E-02 1.707E-02 4.892E-02 6.278E-05 2.528E-03 1.829E-01 3.128E-01 8.842E-01 1.021E+00 2.646E+01 4.778E+00 3.77E-04
   26   1.3801  1.50E-02 1.701E-02 4.821E-02 6.302E-05 2.567E-03 1.826E-01 3.105E-01 8.684E-01 1.017E+00 2.634E+01 4.709E+00 3.78E-04
   27   1.3951  1.48E-02 1.693E-02 4.751E-02 6.324E-05 2.605E-03 1.822E-01 3.083E-01 8.669E-01 1.036E+00 2.621E+01 4.634E+00 3.79E-04
   28   1.4099  1.48E-02 1.684E-02 4.686E-02 6.347E-05 2.639E-03 1.817E-01 3.061E-01 8.597E-01 1.044E+00 2.607E+01 4.565E+00 3.81E-04
   29   1.4247  1.48E-02 1.674E-02 4.623E-02 6.367E-05 2.671E-03 1.812E-01 3.041E-01 8.477E-01 1.058E+00 2.593E+01 4.506E+00 3.82E-04
   30   1.4395  1.45E-02 1.663E-02 4.562E-02 6.385E-05 2.702E-03 1.807E-01 3.021E-01 8.461E-01 1.072E+00 2.577E+01 4.459E+00 3.83E-04
   31   1.4539  1.44E-02 1.652E-02 4.506E-02 6.403E-05 2.730E-03 1.801E-01 3.002E-01 8.283E-01 1.087E+00 2.561E+01 4.421E+00 3.84E-04
   32   1.4684  1.45E-02 1.640E-02 4.451E-02 6.420E-05 2.756E-03 1.795E-01 2.984E-01 7.974E-01 1.104E+00 2.545E+01 4.383E+00 3.85E-04
   33   1.4829  1.49E-02 1.627E-02 4.398E-02 6.435E-05 2.781E-03 1.788E-01 2.966E-01 7.920E-01 1.121E+00 2.528E+01 4.339E+00 3.86E-04
   34   1.4978  1.53E-02 1.612E-02 4.346E-02 6.450E-05 2.805E-03 1.780E-01 2.948E-01 8.259E-01 1.137E+00 2.509E+01 4.284E+00 3.87E-04
   35   1.5131  1.53E-02 1.596E-02 4.295E-02 6.464E-05 2.829E-03 1.772E-01 2.931E-01 8.525E-01 1.150E+00 2.490E+01 4.218E+00 3.88E-04
   36   1.5283  1.54E-02 1.579E-02 4.245E-02 6.476E-05 2.851E-03 1.763E-01 2.914E-01 8.603E-01 1.157E+00 2.470E+01 4.150E+00 3.89E-04
   37   1.5437  1.51E-02 1.562E-02 4.196E-02 6.487E-05 2.872E-03 1.754E-01 2.897E-01 8.483E-01 1.157E+00 2.450E+01 4.084E+00 3.89E-04
   38   1.5588  1.51E-02 1.545E-02 4.150E-02 6.498E-05 2.892E-03 1.745E-01 2.881E-01 8.180E-01 1.151E+00 2.429E+01 4.025E+00 3.90E-04
   39   1.5739  1.49E-02 1.528E-02 4.106E-02 6.508E-05 2.910E-03 1.736E-01 2.866E-01 7.928E-01 1.140E+00 2.408E+01 3.974E+00 3.90E-04
   40   1.5888  1.48E-02 1.510E-02 4.063E-02 6.517E-05 2.927E-03 1.726E-01 2.851E-01 7.984E-01 1.137E+00 2.387E+01 3.926E+00 3.91E-04
   41   1.6036  1.49E-02 1.493E-02 4.021E-02 6.527E-05 2.943E-03 1.717E-01 2.836E-01 8.101E-01 1.144E+00 2.365E+01 3.881E+00 3.92E-04
   42   1.6185  1.50E-02 1.476E-02 3.981E-02 6.537E-05 2.959E-03 1.707E-01 2.822E-01 8.112E-01 1.152E+00 2.343E+01 3.834E+00 3.92E-04
   43   1.6335  1.51E-02 1.458E-02 3.941E-02 6.547E-05 2.973E-03 1.697E-01 2.808E-01 8.002E-01 1.162E+00 2.321E+01 3.785E+00 3.93E-04
   44   1.6486  1.51E-02 1.439E-02 3.902E-02 6.555E-05 2.987E-03 1.686E-01 2.794E-01 7.887E-01 1.172E+00 2.298E+01 3.734E+00 3.93E-04
   45   1.6637  1.51E-02 1.421E-02 3.864E-02 6.563E-05 3.000E-03 1.676E-01 2.780E-01 7.752E-01 1.179E+00 2.275E+01 3.683E+00 3.94E-04
   46   1.6788  1.52E-02 1.403E-02 3.827E-02 6.570E-05 3.013E-03 1.665E-01 2.767E-01 7.726E-01 1.180E+00 2.253E+01 3.631E+00 3.94E-04
   47   1.6940  1.55E-02 1.384E-02 3.790E-02 6.576E-05 3.025E-03 1.655E-01 2.753E-01 7.825E-01 1.171E+00 2.230E+01 3.579E+00 3.95E-04
   48   1.7094  1.57E-02 1.365E-02 3.754E-02 6.583E-05 3.036E-03 1.644E-01 2.740E-01 7.863E-01 1.175E+00 2.206E+01 3.528E+00 3.95E-04
   49   1.7251  1.56E-02 1.347E-02 3.718E-02 6.589E-05 3.047E-03 1.632E-01 2.727E-01 7.852E-01 1.155E+00 2.182E+01 3.478E+00 3.95E-04
   50   1.7407  1.56E-02 1.328E-02 3.683E-02 6.595E-05 3.058E-03 1.621E-01 2.714E-01 7.814E-01 1.119E+00 2.159E+01 3.430E+00 3.96E-04
   51   1.7563  1.58E-02 1.310E-02 3.648E-02 6.602E-05 3.068E-03 1.610E-01 2.701E-01 7.755E-01 1.111E+00 2.135E+01 3.384E+00 3.96E-04
   52   1.7721  1.58E-02 1.291E-02 3.614E-02 6.607E-05 3.077E-03 1.599E-01 2.689E-01 7.767E-01 1.111E+00 2.112E+01 3.339E+00 3.96E-04
   53   1.7879  1.58E-02 1.273E-02 3.581E-02 6.612E-05 3.086E-03 1.588E-01 2.676E-01 8.121E-01 1.124E+00 2.088E+01 3.295E+00 3.97E-04
   54   1.8037  1.60E-02 1.255E-02 3.548E-02 6.616E-05 3.095E-03 1.577E-01 2.664E-01 8.369E-01 1.124E+00 2.065E+01 3.250E+00 3.97E-04
   55   1.8197  1.62E-02 1.237E-02 3.516E-02 6.620E-05 3.103E-03 1.566E-01 2.652E-01 8.478E-01 1.114E+00 2.041E+01 3.204E+00 3.97E-04
   56   1.8359  1.61E-02 1.219E-02 3.484E-02 6.625E-05 3.111E-03 1.555E-01 2.640E-01 8.403E-01 1.105E+00 2.018E+01 3.158E+00 3.98E-04
   57   1.8521  1.63E-02 1.201E-02 3.453E-02 6.631E-05 3.119E-03 1.544E-01 2.628E-01 8.131E-01 1.122E+00 1.995E+01 3.111E+00 3.98E-04
   58   1.8683  1.63E-02 1.184E-02 3.422E-02 6.635E-05 3.126E-03 1.532E-01 2.616E-01 7.963E-01 1.129E+00 1.971E+01 3.065E+00 3.98E-04
   59   1.8846  1.65E-02 1.166E-02 3.391E-02 6.638E-05 3.133E-03 1.521E-01 2.604E-01 7.494E-01 1.127E+00 1.948E+01 3.021E+00 3.98E-04
   60   1.9012  1.63E-02 1.149E-02 3.361E-02 6.642E-05 3.140E-03 1.510E-01 2.593E-01 6.819E-01 1.119E+00 1.925E+01 2.978E+00 3.98E-04
   61   1.9175  1.67E-02 1.132E-02 3.332E-02 6.645E-05 3.146E-03 1.499E-01 2.581E-01 6.840E-01 1.110E+00 1.902E+01 2.936E+00 3.99E-04
   62   1.9342  1.66E-02 1.115E-02 3.302E-02 6.648E-05 3.152E-03 1.488E-01 2.570E-01 6.917E-01 1.102E+00 1.879E+01 2.894E+00 3.99E-04
   63   1.9508  1.64E-02 1.099E-02 3.274E-02 6.651E-05 3.158E-03 1.477E-01 2.559E-01 7.195E-01 1.098E+00 1.857E+01 2.853E+00 3.99E-04
   64   1.9672  1.63E-02 1.082E-02 3.246E-02 6.654E-05 3.164E-03 1.467E-01 2.548E-01 7.401E-01 1.098E+00 1.835E+01 2.813E+00 3.99E-04
   65   1.9835  1.63E-02 1.067E-02 3.219E-02 6.656E-05 3.169E-03 1.456E-01 2.537E-01 7.489E-01 1.099E+00 1.813E+01 2.773E+00 3.99E-04
   66   1.9998  1.63E-02 1.051E-02 3.192E-02 6.659E-05 3.174E-03 1.446E-01 2.527E-01 7.417E-01 1.098E+00 1.792E+01 2.733E+00 4.00E-04
   67   2.0162  1.63E-02 1.036E-02 3.166E-02 6.662E-05 3.179E-03 1.435E-01 2.516E-01 7.165E-01 1.111E+00 1.770E+01 2.694E+00 4.00E-04
   68   2.0324  1.63E-02 1.021E-02 3.140E-02 6.665E-05 3.184E-03 1.425E-01 2.506E-01 7.251E-01 1.126E+00 1.750E+01 2.657E+00 4.00E-04
   69   2.0487  1.62E-02 1.007E-02 3.115E-02 6.668E-05 3.188E-03 1.415E-01 2.496E-01 7.253E-01 1.145E+00 1.729E+01 2.620E+00 4.00E-04
   70   2.0650  1.62E-02 9.924E-03 3.090E-02 6.670E-05 3.193E-03 1.405E-01 2.486E-01 7.141E-01 1.156E+00 1.709E+01 2.584E+00 4.00E-04
   71   2.0812  1.62E-02 9.785E-03 3.066E-02 6.672E-05 3.197E-03 1.395E-01 2.476E-01 6.922E-01 1.158E+00 1.689E+01 2.549E+00 4.00E-04
   72   2.0973  1.61E-02 9.649E-03 3.042E-02 6.674E-05 3.201E-03 1.386E-01 2.467E-01 6.822E-01 1.152E+00 1.669E+01 2.515E+00 4.00E-04
   73   2.1134  1.60E-02 9.515E-03 3.019E-02 6.675E-05 3.205E-03 1.376E-01 2.457E-01 6.851E-01 1.140E+00 1.650E+01 2.481E+00 4.00E-04
   74   2.1294  1.59E-02 9.385E-03 2.996E-02 6.675E-05 3.209E-03 1.367E-01 2.448E-01 6.761E-01 1.130E+00 1.631E+01 2.448E+00 4.01E-04
   75   2.1453  1.55E-02 9.258E-03 2.974E-02 6.676E-05 3.213E-03 1.358E-01 2.439E-01 6.787E-01 1.131E+00 1.612E+01 2.416E+00 4.01E-04
   76   2.1608  1.54E-02 9.137E-03 2.952E-02 6.676E-05 3.217E-03 1.349E-01 2.430E-01 6.772E-01 1.122E+00 1.594E+01 2.386E+00 4.01E-04
   77   2.1762  1.54E-02 9.019E-03 2.932E-02 6.676E-05 3.220E-03 1.340E-01 2.421E-01 6.702E-01 1.104E+00 1.576E+01 2.356E+00 4.01E-04
   78   2.1916  1.57E-02 8.902E-03 2.911E-02 6.677E-05 3.224E-03 1.332E-01 2.413E-01 6.586E-01 1.088E+00 1.559E+01 2.326E+00 4.01E-04
   79   2.2073  1.62E-02 8.786E-03 2.890E-02 6.678E-05 3.227E-03 1.323E-01 2.404E-01 6.432E-01 1.100E+00 1.542E+01 2.297E+00 4.01E-04
   80   2.2234  1.65E-02 8.669E-03 2.869E-02 6.678E-05 3.230E-03 1.314E-01 2.396E-01 6.252E-01 1.099E+00 1.524E+01 2.267E+00 4.01E-04
   81   2.2399  1.68E-02 8.551E-03 2.848E-02 6.679E-05 3.234E-03 1.306E-01 2.387E-01 6.063E-01 1.087E+00 1.506E+01 2.236E+00 4.01E-04
   82   2.2567  1.73E-02 8.434E-03 2.827E-02 6.679E-05 3.237E-03 1.297E-01 2.378E-01 5.893E-01 1.068E+00 1.488E+01 2.206E+00 4.01E-04
   83   2.2740  1.76E-02 8.315E-03 2.806E-02 6.678E-05 3.240E-03 1.288E-01 2.369E-01 6.049E-01 1.062E+00 1.470E+01 2.175E+00 4.01E-04
   84   2.2916  1.75E-02 8.197E-03 2.784E-02 6.679E-05 3.243E-03 1.279E-01 2.360E-01 6.135E-01 1.058E+00 1.452E+01 2.144E+00 4.01E-04
   85   2.3092  1.75E-02 8.081E-03 2.763E-02 6.680E-05 3.246E-03 1.270E-01 2.351E-01 6.183E-01 1.052E+00 1.434E+01 2.113E+00 4.01E-04
   86   2.3267  1.76E-02 7.968E-03 2.743E-02 6.681E-05 3.249E-03 1.261E-01 2.342E-01 6.100E-01 1.044E+00 1.416E+01 2.083E+00 4.01E-04
   87   2.3443  1.79E-02 7.857E-03 2.722E-02 6.682E-05 3.252E-03 1.252E-01 2.333E-01 5.895E-01 1.044E+00 1.399E+01 2.053E+00 4.01E-04
   88   2.3622  1.80E-02 7.747E-03 2.702E-02 6.683E-05 3.255E-03 1.243E-01 2.325E-01 5.734E-01 1.037E+00 1.382E+01 2.023E+00 4.01E-04
   89   2.3801  1.78E-02 7.638E-03 2.682E-02 6.683E-05 3.258E-03 1.235E-01 2.316E-01 5.838E-01 1.030E+00 1.364E+01 1.994E+00 4.01E-04
   90   2.3979  1.78E-02 7.532E-03 2.662E-02 6.684E-05 3.260E-03 1.226E-01 2.307E-01 5.917E-01 1.023E+00 1.348E+01 1.966E+00 4.01E-04
   91   2.4157  1.78E-02 7.429E-03 2.643E-02 6.686E-05 3.262E-03 1.218E-01 2.299E-01 5.976E-01 1.017E+00 1.331E+01 1.938E+00 4.01E-04
   92   2.4335  1.77E-02 7.328E-03 2.624E-02 6.687E-05 3.265E-03 1.209E-01 2.291E-01 6.013E-01 1.045E+00 1.315E+01 1.911E+00 4.01E-04
   93   2.4512  1.77E-02 7.230E-03 2.605E-02 6.688E-05 3.267E-03 1.201E-01 2.283E-01 6.056E-01 1.058E+00 1.299E+01 1.885E+00 4.01E-04
   94   2.4688  1.76E-02 7.134E-03 2.587E-02 6.689E-05 3.269E-03 1.193E-01 2.275E-01 6.005E-01 1.055E+00 1.284E+01 1.859E+00 4.01E-04
   95   2.4865  1.76E-02 7.040E-03 2.569E-02 6.689E-05 3.271E-03 1.186E-01 2.267E-01 5.903E-01 1.041E+00 1.268E+01 1.834E+00 4.01E-04
   96   2.5040  1.76E-02 6.948E-03 2.551E-02 6.690E-05 3.273E-03 1.178E-01 2.259E-01 5.776E-01 1.022E+00 1.253E+01 1.809E+00 4.01E-04
   97   2.5216  1.76E-02 6.858E-03 2.534E-02 6.690E-05 3.275E-03 1.170E-01 2.251E-01 5.617E-01 1.001E+00 1.239E+01 1.785E+00 4.01E-04
   98   2.5392  1.77E-02 6.769E-03 2.517E-02 6.691E-05 3.277E-03 1.163E-01 2.244E-01 5.518E-01 9.960E-01 1.224E+01 1.761E+00 4.01E-04
   99   2.5569  1.79E-02 6.682E-03 2.500E-02 6.692E-05 3.278E-03 1.155E-01 2.236E-01 5.431E-01 9.954E-01 1.210E+01 1.738E+00 4.02E-04
  100   2.5748  1.81E-02 6.596E-03 2.483E-02 6.693E-05 3.280E-03 1.148E-01 2.228E-01 5.382E-01 9.899E-01 1.195E+01 1.714E+00 4.02E-04
  101   2.5929  1.81E-02 6.510E-03 2.466E-02 6.695E-05 3.282E-03 1.141E-01 2.221E-01 5.361E-01 9.821E-01 1.181E+01 1.691E+00 4.02E-04
  102   2.6110  1.81E-02 6.426E-03 2.450E-02 6.696E-05 3.284E-03 1.133E-01 2.213E-01 5.610E-01 9.859E-01 1.167E+01 1.668E+00 4.02E-04
  103   2.6291  1.81E-02 6.344E-03 2.433E-02 6.697E-05 3.285E-03 1.126E-01 2.206E-01 5.820E-01 9.862E-01 1.153E+01 1.646E+00 4.02E-04
  104   2.6472  1.82E-02 6.263E-03 2.417E-02 6.698E-05 3.287E-03 1.119E-01 2.199E-01 5.965E-01 9.827E-01 1.140E+01 1.624E+00 4.02E-04
  105   2.6654  1.84E-02 6.184E-03 2.401E-02 6.698E-05 3.289E-03 1.112E-01 2.192E-01 6.038E-01 9.838E-01 1.126E+01 1.602E+00 4.02E-04
  106   2.6838  1.86E-02 6.105E-03 2.386E-02 6.697E-05 3.290E-03 1.105E-01 2.184E-01 6.029E-01 9.817E-01 1.113E+01 1.580E+00 4.02E-04
  107   2.7024  1.89E-02 6.028E-03 2.370E-02 6.697E-05 3.292E-03 1.098E-01 2.177E-01 5.924E-01 9.781E-01 1.100E+01 1.559E+00 4.02E-04
  108   2.7213  1.91E-02 5.950E-03 2.354E-02 6.697E-05 3.294E-03 1.091E-01 2.170E-01 5.716E-01 9.732E-01 1.086E+01 1.537E+00 4.02E-04
  109   2.7404  1.92E-02 5.873E-03 2.339E-02 6.697E-05 3.295E-03 1.084E-01 2.163E-01 5.406E-01 9.685E-01 1.073E+01 1.516E+00 4.02E-04
  110   2.7596  1.91E-02 5.798E-03 2.323E-02 6.697E-05 3.297E-03 1.077E-01 2.155E-01 5.326E-01 9.681E-01 1.060E+01 1.495E+00 4.02E-04
  111   2.7787  1.91E-02 5.724E-03 2.308E-02 6.698E-05 3.299E-03 1.070E-01 2.148E-01 5.368E-01 9.681E-01 1.047E+01 1.474E+00 4.02E-04
  112   2.7978  1.93E-02 5.651E-03 2.293E-02 6.698E-05 3.300E-03 1.063E-01 2.141E-01 5.336E-01 9.681E-01 1.035E+01 1.454E+00 4.02E-04
  113   2.8171  1.93E-02 5.580E-03 2.278E-02 6.697E-05 3.302E-03 1.056E-01 2.134E-01 5.492E-01 9.688E-01 1.022E+01 1.434E+00 4.02E-04
  114   2.8364  1.93E-02 5.510E-03 2.263E-02 6.697E-05 3.303E-03 1.050E-01 2.128E-01 5.526E-01 9.703E-01 1.010E+01 1.414E+00 4.02E-04
  115   2.8557  1.94E-02 5.441E-03 2.249E-02 6.696E-05 3.305E-03 1.043E-01 2.121E-01 5.444E-01 9.720E-01 9.982E+00 1.395E+00 4.02E-04
  116   2.8751  1.92E-02 5.373E-03 2.235E-02 6.696E-05 3.306E-03 1.037E-01 2.114E-01 5.482E-01 9.725E-01 9.863E+00 1.376E+00 4.02E-04
  117   2.8944  1.91E-02 5.307E-03 2.221E-02 6.697E-05 3.308E-03 1.030E-01 2.107E-01 5.480E-01 9.703E-01 9.748E+00 1.357E+00 4.02E-04
  118   2.9135  1.92E-02 5.243E-03 2.207E-02 6.697E-05 3.309E-03 1.024E-01 2.101E-01 5.441E-01 9.643E-01 9.635E+00 1.340E+00 4.02E-04
  119   2.9327  1.90E-02 5.180E-03 2.193E-02 6.698E-05 3.310E-03 1.018E-01 2.094E-01 5.369E-01 9.538E-01 9.524E+00 1.322E+00 4.02E-04
  120   2.9517  1.87E-02 5.119E-03 2.180E-02 6.698E-05 3.311E-03 1.012E-01 2.088E-01 5.276E-01 9.389E-01 9.416E+00 1.305E+00 4.02E-04
  121   2.9704  1.85E-02 5.060E-03 2.167E-02 6.699E-05 3.313E-03 1.006E-01 2.082E-01 5.170E-01 9.208E-01 9.311E+00 1.289E+00 4.02E-04
  122   2.9889  1.84E-02 5.003E-03 2.155E-02 6.700E-05 3.314E-03 1.001E-01 2.076E-01 5.193E-01 9.137E-01 9.208E+00 1.273E+00 4.02E-04
  123   3.0073  1.84E-02 4.947E-03 2.143E-02 6.701E-05 3.315E-03 9.950E-02 2.070E-01 5.419E-01 9.199E-01 9.109E+00 1.258E+00 4.02E-04
  124   3.0257  1.84E-02 4.892E-03 2.131E-02 6.701E-05 3.316E-03 9.895E-02 2.064E-01 5.570E-01 9.199E-01 9.011E+00 1.243E+00 4.02E-04
  125   3.0441  1.86E-02 4.839E-03 2.119E-02 6.701E-05 3.317E-03 9.841E-02 2.058E-01 5.615E-01 9.215E-01 8.914E+00 1.228E+00 4.02E-04
  126   3.0626  1.88E-02 4.785E-03 2.107E-02 6.700E-05 3.318E-03 9.787E-02 2.053E-01 5.538E-01 9.198E-01 8.818E+00 1.214E+00 4.02E-04
  127   3.0814  1.91E-02 4.733E-03 2.095E-02 6.700E-05 3.319E-03 9.733E-02 2.047E-01 5.339E-01 9.144E-01 8.722E+00 1.199E+00 4.02E-04
  128   3.1005  1.95E-02 4.680E-03 2.083E-02 6.700E-05 3.320E-03 9.678E-02 2.041E-01 5.175E-01 9.068E-01 8.627E+00 1.184E+00 4.02E-04
  129   3.1200  1.99E-02 4.627E-03 2.071E-02 6.700E-05 3.321E-03 9.624E-02 2.035E-01 5.107E-01 8.991E-01 8.531E+00 1.169E+00 4.02E-04
  130   3.1399  2.00E-02 4.573E-03 2.059E-02 6.701E-05 3.322E-03 9.568E-02 2.029E-01 4.993E-01 8.999E-01 8.435E+00 1.155E+00 4.02E-04
  131   3.1598  2.00E-02 4.521E-03 2.047E-02 6.701E-05 3.323E-03 9.514E-02 2.023E-01 4.847E-01 9.080E-01 8.340E+00 1.140E+00 4.02E-04
  132   3.1798  1.99E-02 4.470E-03 2.035E-02 6.701E-05 3.324E-03 9.460E-02 2.018E-01 4.683E-01 9.126E-01 8.247E+00 1.125E+00 4.02E-04
  133   3.1997  1.98E-02 4.419E-03 2.024E-02 6.701E-05 3.325E-03 9.406E-02 2.012E-01 4.513E-01 9.145E-01 8.155E+00 1.111E+00 4.02E-04
  134   3.2195  1.96E-02 4.370E-03 2.013E-02 6.701E-05 3.326E-03 9.354E-02 2.006E-01 4.395E-01 9.135E-01 8.066E+00 1.097E+00 4.02E-04
  135   3.2392  1.96E-02 4.322E-03 2.002E-02 6.702E-05 3.327E-03 9.303E-02 2.001E-01 4.381E-01 9.084E-01 7.979E+00 1.084E+00 4.02E-04
  136   3.2588  1.97E-02 4.276E-03 1.991E-02 6.702E-05 3.328E-03 9.253E-02 1.995E-01 4.392E-01 8.980E-01 7.893E+00 1.071E+00 4.02E-04
  137   3.2784  1.98E-02 4.230E-03 1.980E-02 6.703E-05 3.329E-03 9.203E-02 1.990E-01 4.445E-01 8.839E-01 7.808E+00 1.058E+00 4.02E-04
  138   3.2982  1.98E-02 4.184E-03 1.969E-02 6.703E-05 3.330E-03 9.154E-02 1.985E-01 4.566E-01 8.866E-01 7.725E+00 1.045E+00 4.02E-04
  139   3.3180  1.97E-02 4.140E-03 1.959E-02 6.703E-05 3.330E-03 9.105E-02 1.979E-01 4.669E-01 8.924E-01 7.643E+00 1.033E+00 4.02E-04
  140   3.3377  1.99E-02 4.096E-03 1.948E-02 6.703E-05 3.331E-03 9.057E-02 1.974E-01 4.748E-01 8.922E-01 7.562E+00 1.021E+00 4.02E-04
  141   3.3577  1.97E-02 4.052E-03 1.938E-02 6.703E-05 3.332E-03 9.009E-02 1.969E-01 4.826E-01 9.020E-01 7.482E+00 1.009E+00 4.02E-04
  142   3.3773  1.95E-02 4.010E-03 1.928E-02 6.702E-05 3.333E-03 8.962E-02 1.964E-01 4.995E-01 9.063E-01 7.404E+00 9.969E-01 4.02E-04
  143   3.3968  1.94E-02 3.969E-03 1.918E-02 6.702E-05 3.334E-03 8.916E-02 1.959E-01 5.108E-01 9.036E-01 7.328E+00 9.855E-01 4.02E-04
  144   3.4162  1.94E-02 3.929E-03 1.908E-02 6.702E-05 3.335E-03 8.871E-02 1.954E-01 5.166E-01 8.944E-01 7.254E+00 9.745E-01 4.02E-04
  145   3.4356  1.94E-02 3.890E-03 1.899E-02 6.703E-05 3.335E-03 8.827E-02 1.949E-01 5.171E-01 8.807E-01 7.181E+00 9.637E-01 4.02E-04
  146   3.4550  1.96E-02 3.851E-03 1.889E-02 6.704E-05 3.336E-03 8.783E-02 1.944E-01 5.126E-01 8.764E-01 7.109E+00 9.531E-01 4.02E-04
  147   3.4746  1.99E-02 3.813E-03 1.880E-02 6.704E-05 3.337E-03 8.739E-02 1.939E-01 5.030E-01 8.738E-01 7.037E+00 9.425E-01 4.02E-04
  148   3.4945  2.01E-02 3.775E-03 1.870E-02 6.705E-05 3.338E-03 8.695E-02 1.934E-01 4.885E-01 8.712E-01 6.966E+00 9.319E-01 4.02E-04
  149   3.5146  2.04E-02 3.737E-03 1.861E-02 6.704E-05 3.338E-03 8.651E-02 1.929E-01 4.690E-01 8.692E-01 6.895E+00 9.213E-01 4.02E-04
  150   3.5350  2.03E-02 3.698E-03 1.851E-02 6.704E-05 3.339E-03 8.607E-02 1.924E-01 4.451E-01 8.685E-01 6.824E+00 9.106E-01 4.02E-04
  151   3.5553  2.03E-02 3.661E-03 1.842E-02 6.704E-05 3.340E-03 8.564E-02 1.919E-01 4.366E-01 8.695E-01 6.754E+00 9.001E-01 4.02E-04
  152   3.5756  2.05E-02 3.625E-03 1.833E-02 6.703E-05 3.341E-03 8.521E-02 1.915E-01 4.373E-01 8.722E-01 6.686E+00 8.899E-01 4.02E-04
  153   3.5961  2.07E-02 3.588E-03 1.824E-02 6.703E-05 3.342E-03 8.479E-02 1.910E-01 4.374E-01 8.774E-01 6.618E+00 8.796E-01 4.02E-04
  154   3.6168  2.04E-02 3.552E-03 1.815E-02 6.702E-05 3.342E-03 8.436E-02 1.905E-01 4.373E-01 8.897E-01 6.550E+00 8.694E-01 4.02E-04
  155   3.6372  2.02E-02 3.517E-03 1.806E-02 6.702E-05 3.343E-03 8.395E-02 1.900E-01 4.374E-01 8.984E-01 6.485E+00 8.597E-01 4.02E-04
  156   3.6575  2.02E-02 3.484E-03 1.797E-02 6.701E-05 3.344E-03 8.354E-02 1.896E-01 4.372E-01 9.033E-01 6.421E+00 8.504E-01 4.02E-04
  157   3.6777  2.04E-02 3.450E-03 1.789E-02 6.700E-05 3.344E-03 8.314E-02 1.891E-01 4.359E-01 9.047E-01 6.358E+00 8.412E-01 4.02E-04
  158   3.6981  2.03E-02 3.417E-03 1.780E-02 6.699E-05 3.345E-03 8.274E-02 1.887E-01 4.329E-01 9.032E-01 6.296E+00 8.320E-01 4.02E-04
  159   3.7184  2.02E-02 3.385E-03 1.772E-02 6.698E-05 3.345E-03 8.235E-02 1.882E-01 4.344E-01 9.002E-01 6.235E+00 8.230E-01 4.02E-04
  160   3.7386  2.02E-02 3.353E-03 1.763E-02 6.699E-05 3.346E-03 8.197E-02 1.878E-01 4.287E-01 8.971E-01 6.175E+00 8.143E-01 4.02E-04
  161   3.7587  2.03E-02 3.322E-03 1.755E-02 6.701E-05 3.346E-03 8.158E-02 1.874E-01 4.163E-01 8.948E-01 6.116E+00 8.057E-01 4.02E-04
  162   3.7790  2.05E-02 3.291E-03 1.747E-02 6.702E-05 3.346E-03 8.121E-02 1.869E-01 4.194E-01 8.936E-01 6.058E+00 7.973E-01 4.02E-04
  163   3.7995  2.09E-02 3.260E-03 1.739E-02 6.702E-05 3.347E-03 8.083E-02 1.865E-01 4.242E-01 8.930E-01 6.000E+00 7.888E-01 4.02E-04
  164   3.8204  2.10E-02 3.230E-03 1.731E-02 6.702E-05 3.347E-03 8.045E-02 1.861E-01 4.232E-01 8.914E-01 5.941E+00 7.802E-01 4.02E-04
  165   3.8414  2.10E-02 3.199E-03 1.723E-02 6.703E-05 3.347E-03 8.006E-02 1.856E-01 4.159E-01 8.870E-01 5.883E+00 7.716E-01 4.02E-04
  166   3.8624  2.06E-02 3.169E-03 1.715E-02 6.704E-05 3.347E-03 7.969E-02 1.852E-01 4.042E-01 8.783E-01 5.827E+00 7.633E-01 4.02E-04
  167   3.8831  2.04E-02 3.140E-03 1.707E-02 6.705E-05 3.347E-03 7.933E-02 1.848E-01 4.051E-01 8.651E-01 5.772E+00 7.553E-01 4.02E-04
  168   3.9035  2.04E-02 3.112E-03 1.699E-02 6.705E-05 3.347E-03 7.897E-02 1.844E-01 4.112E-01 8.586E-01 5.718E+00 7.475E-01 4.02E-04
  169   3.9239  2.06E-02 3.084E-03 1.692E-02 6.705E-05 3.347E-03 7.862E-02 1.840E-01 4.156E-01 8.491E-01 5.666E+00 7.399E-01 4.02E-04
  170   3.9445  2.09E-02 3.057E-03 1.684E-02 6.706E-05 3.347E-03 7.827E-02 1.835E-01 4.178E-01 8.397E-01 5.613E+00 7.323E-01 4.02E-04
  171   3.9654  2.13E-02 3.029E-03 1.677E-02 6.707E-05 3.348E-03 7.792E-02 1.831E-01 4.177E-01 8.316E-01 5.561E+00 7.247E-01 4.02E-04
  172   3.9867  2.14E-02 3.002E-03 1.669E-02 6.708E-05 3.348E-03 7.756E-02 1.827E-01 4.153E-01 8.181E-01 5.509E+00 7.170E-01 4.02E-04
  173   4.0082  2.15E-02 2.974E-03 1.662E-02 6.708E-05 3.348E-03 7.721E-02 1.823E-01 4.103E-01 8.043E-01 5.457E+00 7.094E-01 4.02E-04
  174   4.0296  2.12E-02 2.947E-03 1.654E-02 6.708E-05 3.348E-03 7.686E-02 1.819E-01 4.031E-01 8.011E-01 5.406E+00 7.019E-01 4.02E-04
  175   4.0508  2.11E-02 2.921E-03 1.647E-02 6.709E-05 3.349E-03 7.652E-02 1.815E-01 4.090E-01 8.009E-01 5.356E+00 6.945E-01 4.03E-04
  176   4.0720  2.11E-02 2.896E-03 1.640E-02 6.709E-05 3.349E-03 7.618E-02 1.811E-01 4.106E-01 8.075E-01 5.307E+00 6.874E-01 4.03E-04
  177   4.0931  2.12E-02 2.870E-03 1.633E-02 6.709E-05 3.349E-03 7.585E-02 1.807E-01 4.082E-01 8.106E-01 5.259E+00 6.804E-01 4.03E-04
  178   4.1143  2.13E-02 2.845E-03 1.626E-02 6.710E-05 3.350E-03 7.551E-02 1.803E-01 4.023E-01 8.087E-01 5.211E+00 6.735E-01 4.03E-04
  179   4.1357  2.12E-02 2.821E-03 1.619E-02 6.709E-05 3.350E-03 7.519E-02 1.799E-01 3.934E-01 8.083E-01 5.164E+00 6.667E-01 4.03E-04
  180   4.1569  2.12E-02 2.796E-03 1.612E-02 6.707E-05 3.351E-03 7.486E-02 1.795E-01 3.825E-01 8.129E-01 5.117E+00 6.601E-01 4.02E-04
  181   4.1781  2.12E-02 2.773E-03 1.605E-02 6.705E-05 3.352E-03 7.454E-02 1.792E-01 3.736E-01 8.182E-01 5.072E+00 6.536E-01 4.02E-04
  182   4.1993  2.13E-02 2.749E-03 1.598E-02 6.705E-05 3.352E-03 7.423E-02 1.788E-01 3.795E-01 8.257E-01 5.027E+00 6.471E-01 4.02E-04
  183   4.2205  2.14E-02 2.726E-03 1.592E-02 6.705E-05 3.353E-03 7.392E-02 1.784E-01 3.799E-01 8.356E-01 4.983E+00 6.407E-01 4.02E-04
  184   4.2419  2.15E-02 2.703E-03 1.585E-02 6.706E-05 3.354E-03 7.360E-02 1.780E-01 3.841E-01 8.469E-01 4.939E+00 6.343E-01 4.02E-04
  185   4.2634  2.12E-02 2.680E-03 1.578E-02 6.705E-05 3.354E-03 7.329E-02 1.777E-01 3.874E-01 8.568E-01 4.895E+00 6.281E-01 4.02E-04
  186   4.2846  2.10E-02 2.658E-03 1.572E-02 6.705E-05 3.355E-03 7.299E-02 1.773E-01 3.856E-01 8.623E-01 4.853E+00 6.221E-01 4.02E-04
  187   4.3056  2.10E-02 2.637E-03 1.566E-02 6.705E-05 3.356E-03 7.270E-02 1.769E-01 3.803E-01 8.621E-01 4.812E+00 6.164E-01 4.02E-04
  188   4.3266  2.11E-02 2.615E-03 1.559E-02 6.705E-05 3.356E-03 7.240E-02 1.766E-01 3.885E-01 8.562E-01 4.771E+00 6.107E-01 4.02E-04
  189   4.3477  2.13E-02 2.594E-03 1.553E-02 6.705E-05 3.357E-03 7.211E-02 1.762E-01 4.011E-01 8.462E-01 4.731E+00 6.049E-01 4.02E-04
  190   4.3691  2.16E-02 2.573E-03 1.547E-02 6.705E-05 3.358E-03 7.182E-02 1.759E-01 4.272E-01 8.340E-01 4.691E+00 5.991E-01 4.02E-04
  191   4.3907  2.16E-02 2.552E-03 1.541E-02 6.705E-05 3.358E-03 7.153E-02 1.755E-01 4.461E-01 8.212E-01 4.651E+00 5.933E-01 4.02E-04
  192   4.4123  2.17E-02 2.532E-03 1.534E-02 6.704E-05 3.359E-03 7.124E-02 1.752E-01 4.548E-01 8.110E-01 4.611E+00 5.877E-01 4.02E-04
  193   4.4341  2.18E-02 2.511E-03 1.528E-02 6.704E-05 3.359E-03 7.095E-02 1.748E-01 4.521E-01 8.179E-01 4.572E+00 5.821E-01 4.02E-04
  194   4.4559  2.18E-02 2.491E-03 1.522E-02 6.704E-05 3.360E-03 7.067E-02 1.745E-01 4.382E-01 8.238E-01 4.533E+00 5.766E-01 4.02E-04
  195   4.4776  2.19E-02 2.471E-03 1.516E-02 6.704E-05 3.361E-03 7.038E-02 1.741E-01 4.149E-01 8.276E-01 4.495E+00 5.713E-01 4.02E-04
  196   4.4995  2.20E-02 2.452E-03 1.510E-02 6.704E-05 3.361E-03 7.010E-02 1.738E-01 3.845E-01 8.291E-01 4.457E+00 5.659E-01 4.02E-04
  197   4.5215  2.21E-02 2.432E-03 1.504E-02 6.703E-05 3.362E-03 6.982E-02 1.734E-01 3.802E-01 8.281E-01 4.420E+00 5.605E-01 4.02E-04
  198   4.5436  2.18E-02 2.413E-03 1.498E-02 6.703E-05 3.362E-03 6.954E-02 1.731E-01 3.729E-01 8.247E-01 4.383E+00 5.551E-01 4.02E-04
  199   4.5655  2.18E-02 2.394E-03 1.492E-02 6.703E-05 3.362E-03 6.927E-02 1.728E-01 3.678E-01 8.189E-01 4.347E+00 5.499E-01 4.02E-04
  200   4.5872  2.17E-02 2.375E-03 1.487E-02 6.704E-05 3.363E-03 6.900E-02 1.724E-01 3.620E-01 8.105E-01 4.311E+00 5.448E-01 4.02E-04
  201   4.6090  2.17E-02 2.357E-03 1.481E-02 6.703E-05 3.363E-03 6.874E-02 1.721E-01 3.746E-01 7.995E-01 4.276E+00 5.399E-01 4.02E-04
  202   4.6307  2.18E-02 2.339E-03 1.475E-02 6.702E-05 3.363E-03 6.848E-02 1.718E-01 3.815E-01 7.881E-01 4.242E+00 5.351E-01 4.02E-04
  203   4.6525  2.19E-02 2.321E-03 1.470E-02 6.702E-05 3.364E-03 6.822E-02 1.714E-01 3.827E-01 7.939E-01 4.207E+00 5.304E-01 4.02E-04
  204   4.6745  2.21E-02 2.304E-03 1.464E-02 6.704E-05 3.364E-03 6.796E-02 1.711E-01 3.788E-01 7.994E-01 4.174E+00 5.256E-01 4.02E-04
  205   4.6966  2.20E-02 2.286E-03 1.459E-02 6.705E-05 3.364E-03 6.770E-02 1.708E-01 3.706E-01 8.039E-01 4.140E+00 5.208E-01 4.02E-04
  206   4.7186  2.19E-02 2.269E-03 1.453E-02 6.705E-05 3.364E-03 6.745E-02 1.705E-01 3.652E-01 8.063E-01 4.107E+00 5.161E-01 4.02E-04
  207   4.7405  2.18E-02 2.252E-03 1.448E-02 6.704E-05 3.364E-03 6.719E-02 1.702E-01 3.650E-01 8.058E-01 4.075E+00 5.116E-01 4.02E-04
  208   4.7624  2.19E-02 2.236E-03 1.442E-02 6.703E-05 3.364E-03 6.695E-02 1.698E-01 3.630E-01 8.027E-01 4.043E+00 5.071E-01 4.02E-04
  209   4.7842  2.20E-02 2.219E-03 1.437E-02 6.704E-05 3.364E-03 6.670E-02 1.695E-01 3.635E-01 7.973E-01 4.011E+00 5.027E-01 4.02E-04
  210   4.8062  2.19E-02 2.203E-03 1.432E-02 6.705E-05 3.364E-03 6.646E-02 1.692E-01 3.601E-01 7.910E-01 3.980E+00 4.983E-01 4.02E-04
  211   4.8282  2.17E-02 2.187E-03 1.427E-02 6.706E-05 3.364E-03 6.621E-02 1.689E-01 3.692E-01 7.847E-01 3.949E+00 4.940E-01 4.02E-04
  212   4.8499  2.17E-02 2.171E-03 1.422E-02 6.707E-05 3.364E-03 6.598E-02 1.686E-01 3.788E-01 7.792E-01 3.919E+00 4.899E-01 4.02E-04
  213   4.8717  2.20E-02 2.156E-03 1.416E-02 6.708E-05 3.364E-03 6.574E-02 1.683E-01 3.838E-01 7.741E-01 3.889E+00 4.858E-01 4.02E-04
  214   4.8936  2.22E-02 2.141E-03 1.411E-02 6.709E-05 3.364E-03 6.551E-02 1.680E-01 3.842E-01 7.689E-01 3.860E+00 4.817E-01 4.03E-04
  215   4.9158  2.24E-02 2.125E-03 1.406E-02 6.710E-05 3.364E-03 6.527E-02 1.677E-01 3.805E-01 7.639E-01 3.830E+00 4.776E-01 4.03E-04
  216   4.9382  2.25E-02 2.110E-03 1.401E-02 6.710E-05 3.365E-03 6.504E-02 1.674E-01 3.736E-01 7.645E-01 3.801E+00 4.734E-01 4.03E-04
  217   4.9607  2.24E-02 2.095E-03 1.396E-02 6.710E-05 3.365E-03 6.480E-02 1.671E-01 3.644E-01 7.644E-01 3.772E+00 4.694E-01 4.03E-04
  218   4.9831  2.23E-02 2.080E-03 1.391E-02 6.710E-05 3.365E-03 6.457E-02 1.668E-01 3.583E-01 7.640E-01 3.743E+00 4.654E-01 4.03E-04
  219   5.0054  2.20E-02 2.065E-03 1.386E-02 6.709E-05 3.366E-03 6.435E-02 1.665E-01 3.585E-01 7.632E-01 3.715E+00 4.614E-01 4.03E-04
  220   5.0274  2.18E-02 2.051E-03 1.382E-02 6.708E-05 3.366E-03 6.412E-02 1.662E-01 3.615E-01 7.616E-01 3.688E+00 4.576E-01 4.03E-04
  221   5.0492  2.18E-02 2.037E-03 1.377E-02 6.708E-05 3.366E-03 6.390E-02 1.659E-01 3.625E-01 7.588E-01 3.661E+00 4.539E-01 4.02E-04
  222   5.0710  2.18E-02 2.023E-03 1.372E-02 6.709E-05 3.367E-03 6.369E-02 1.657E-01 3.615E-01 7.545E-01 3.635E+00 4.503E-01 4.03E-04
  223   5.0928  2.19E-02 2.010E-03 1.367E-02 6.709E-05 3.368E-03 6.348E-02 1.654E-01 3.581E-01 7.489E-01 3.609E+00 4.468E-01 4.03E-04
  224   5.1147  2.22E-02 1.996E-03 1.363E-02 6.709E-05 3.368E-03 6.326E-02 1.651E-01 3.568E-01 7.476E-01 3.583E+00 4.433E-01 4.03E-04
  225   5.1369  2.24E-02 1.983E-03 1.358E-02 6.708E-05 3.369E-03 6.305E-02 1.648E-01 3.665E-01 7.460E-01 3.557E+00 4.397E-01 4.02E-04
  226   5.1593  2.23E-02 1.969E-03 1.354E-02 6.707E-05 3.370E-03 6.283E-02 1.645E-01 3.726E-01 7.434E-01 3.531E+00 4.361E-01 4.02E-04
  227   5.1816  2.23E-02 1.956E-03 1.349E-02 6.705E-05 3.370E-03 6.262E-02 1.643E-01 3.734E-01 7.416E-01 3.505E+00 4.326E-01 4.02E-04
  228   5.2039  2.23E-02 1.943E-03 1.344E-02 6.704E-05 3.371E-03 6.241E-02 1.640E-01 3.684E-01 7.531E-01 3.480E+00 4.292E-01 4.02E-04
  229   5.2262  2.24E-02 1.930E-03 1.340E-02 6.704E-05 3.372E-03 6.221E-02 1.637E-01 3.578E-01 7.618E-01 3.456E+00 4.258E-01 4.02E-04
  230   5.2486  2.25E-02 1.917E-03 1.336E-02 6.705E-05 3.372E-03 6.200E-02 1.634E-01 3.422E-01 7.664E-01 3.431E+00 4.224E-01 4.02E-04
  231   5.2710  2.25E-02 1.905E-03 1.331E-02 6.706E-05 3.373E-03 6.179E-02 1.632E-01 3.313E-01 7.670E-01 3.407E+00 4.190E-01 4.02E-04
  232   5.2936  2.27E-02 1.892E-03 1.327E-02 6.705E-05 3.374E-03 6.159E-02 1.629E-01 3.298E-01 7.644E-01 3.383E+00 4.157E-01 4.02E-04
  233   5.3162  2.29E-02 1.880E-03 1.322E-02 6.705E-05 3.374E-03 6.139E-02 1.626E-01 3.245E-01 7.598E-01 3.359E+00 4.124E-01 4.02E-04
  234   5.3391  2.29E-02 1.867E-03 1.318E-02 6.704E-05 3.375E-03 6.118E-02 1.623E-01 3.353E-01 7.537E-01 3.335E+00 4.091E-01 4.02E-04
  235   5.3620  2.26E-02 1.855E-03 1.313E-02 6.704E-05 3.375E-03 6.098E-02 1.621E-01 3.532E-01 7.467E-01 3.311E+00 4.058E-01 4.02E-04
  236   5.3846  2.23E-02 1.843E-03 1.309E-02 6.704E-05 3.376E-03 6.079E-02 1.618E-01 3.652E-01 7.392E-01 3.289E+00 4.026E-01 4.02E-04
  237   5.4069  2.22E-02 1.831E-03 1.305E-02 6.704E-05 3.376E-03 6.059E-02 1.615E-01 3.704E-01 7.319E-01 3.266E+00 3.996E-01 4.02E-04
  238   5.4291  2.22E-02 1.820E-03 1.301E-02 6.704E-05 3.377E-03 6.040E-02 1.613E-01 3.690E-01 7.318E-01 3.244E+00 3.966E-01 4.02E-04
  239   5.4513  2.24E-02 1.808E-03 1.297E-02 6.704E-05 3.377E-03 6.021E-02 1.610E-01 3.621E-01 7.317E-01 3.222E+00 3.937E-01 4.02E-04
  240   5.4737  2.26E-02 1.797E-03 1.293E-02 6.704E-05 3.378E-03 6.003E-02 1.608E-01 3.573E-01 7.317E-01 3.201E+00 3.907E-01 4.02E-04
  241   5.4962  2.23E-02 1.786E-03 1.288E-02 6.703E-05 3.378E-03 5.984E-02 1.605E-01 3.545E-01 7.318E-01 3.179E+00 3.878E-01 4.02E-04
  242   5.5186  2.22E-02 1.775E-03 1.284E-02 6.703E-05 3.378E-03 5.965E-02 1.603E-01 3.472E-01 7.317E-01 3.158E+00 3.849E-01 4.02E-04
  243   5.5408  2.21E-02 1.764E-03 1.280E-02 6.704E-05 3.378E-03 5.947E-02 1.600E-01 3.403E-01 7.314E-01 3.137E+00 3.822E-01 4.02E-04
  244   5.5629  2.21E-02 1.753E-03 1.276E-02 6.704E-05 3.379E-03 5.929E-02 1.598E-01 3.424E-01 7.308E-01 3.117E+00 3.795E-01 4.02E-04
  245   5.5850  2.22E-02 1.743E-03 1.273E-02 6.704E-05 3.379E-03 5.911E-02 1.595E-01 3.492E-01 7.300E-01 3.097E+00 3.768E-01 4.02E-04
  246   5.6072  2.24E-02 1.732E-03 1.269E-02 6.704E-05 3.379E-03 5.894E-02 1.593E-01 3.531E-01 7.291E-01 3.077E+00 3.741E-01 4.02E-04
  247   5.6297  2.27E-02 1.722E-03 1.265E-02 6.704E-05 3.379E-03 5.876E-02 1.590E-01 3.529E-01 7.283E-01 3.057E+00 3.714E-01 4.02E-04
  248   5.6523  2.26E-02 1.712E-03 1.261E-02 6.705E-05 3.379E-03 5.858E-02 1.588E-01 3.482E-01 7.274E-01 3.037E+00 3.686E-01 4.02E-04
  249   5.6750  2.27E-02 1.701E-03 1.257E-02 6.705E-05 3.379E-03 5.840E-02 1.586E-01 3.403E-01 7.259E-01 3.017E+00 3.659E-01 4.02E-04
  250   5.6976  2.27E-02 1.691E-03 1.253E-02 6.704E-05 3.379E-03 5.823E-02 1.583E-01 3.365E-01 7.240E-01 2.998E+00 3.633E-01 4.02E-04
  251   5.7203  2.27E-02 1.681E-03 1.249E-02 6.704E-05 3.379E-03 5.805E-02 1.581E-01 3.283E-01 7.303E-01 2.978E+00 3.607E-01 4.02E-04
  252   5.7430  2.27E-02 1.671E-03 1.245E-02 6.705E-05 3.379E-03 5.788E-02 1.578E-01 3.162E-01 7.342E-01 2.959E+00 3.581E-01 4.02E-04
  253   5.7657  2.28E-02 1.661E-03 1.242E-02 6.706E-05 3.379E-03 5.771E-02 1.576E-01 3.117E-01 7.359E-01 2.940E+00 3.556E-01 4.02E-04
  254   5.7884  2.29E-02 1.651E-03 1.238E-02 6.705E-05 3.379E-03 5.754E-02 1.573E-01 3.110E-01 7.356E-01 2.922E+00 3.531E-01 4.02E-04
  255   5.8113  2.29E-02 1.641E-03 1.234E-02 6.705E-05 3.379E-03 5.737E-02 1.571E-01 3.163E-01 7.336E-01 2.903E+00 3.506E-01 4.02E-04
  256   5.8342  2.28E-02 1.632E-03 1.231E-02 6.705E-05 3.378E-03 5.720E-02 1.569E-01 3.203E-01 7.300E-01 2.885E+00 3.480E-01 4.02E-04
  257   5.8570  2.29E-02 1.622E-03 1.227E-02 6.705E-05 3.378E-03 5.703E-02 1.566E-01 3.176E-01 7.253E-01 2.867E+00 3.455E-01 4.02E-04
  258   5.8799  2.30E-02 1.613E-03 1.223E-02 6.705E-05 3.378E-03 5.687E-02 1.564E-01 3.221E-01 7.198E-01 2.849E+00 3.431E-01 4.02E-04
  259   5.9028  2.31E-02 1.603E-03 1.220E-02 6.705E-05 3.378E-03 5.670E-02 1.562E-01 3.318E-01 7.197E-01 2.831E+00 3.407E-01 4.02E-04
  260   5.9259  2.32E-02 1.594E-03 1.216E-02 6.705E-05 3.378E-03 5.654E-02 1.559E-01 3.367E-01 7.214E-01 2.813E+00 3.383E-01 4.02E-04
  261   5.9491  2.32E-02 1.585E-03 1.212E-02 6.705E-05 3.377E-03 5.637E-02 1.557E-01 3.361E-01 7.215E-01 2.796E+00 3.359E-01 4.02E-04
  262   5.9723  2.30E-02 1.576E-03 1.209E-02 6.706E-05 3.377E-03 5.621E-02 1.555E-01 3.294E-01 7.196E-01 2.778E+00 3.336E-01 4.02E-04
  263   5.9953  2.27E-02 1.567E-03 1.205E-02 6.706E-05 3.377E-03 5.605E-02 1.553E-01 3.285E-01 7.210E-01 2.761E+00 3.312E-01 4.02E-04
  264   6.0180  2.24E-02 1.558E-03 1.202E-02 6.706E-05 3.377E-03 5.589E-02 1.550E-01 3.247E-01 7.219E-01 2.745E+00 3.290E-01 4.02E-04
  265   6.0404  2.24E-02 1.549E-03 1.198E-02 6.706E-05 3.376E-03 5.574E-02 1.548E-01 3.167E-01 7.228E-01 2.728E+00 3.268E-01 4.02E-04
  266   6.0628  2.25E-02 1.541E-03 1.195E-02 6.706E-05 3.376E-03 5.558E-02 1.546E-01 3.236E-01 7.242E-01 2.712E+00 3.247E-01 4.02E-04
  267   6.0854  2.26E-02 1.533E-03 1.192E-02 6.707E-05 3.376E-03 5.543E-02 1.544E-01 3.266E-01 7.264E-01 2.696E+00 3.226E-01 4.02E-04
  268   6.1079  2.27E-02 1.524E-03 1.188E-02 6.707E-05 3.375E-03 5.528E-02 1.542E-01 3.256E-01 7.295E-01 2.680E+00 3.205E-01 4.02E-04
  269   6.1306  2.29E-02 1.516E-03 1.185E-02 6.708E-05 3.375E-03 5.513E-02 1.539E-01 3.246E-01 7.327E-01 2.665E+00 3.184E-01 4.02E-04
  270   6.1535  2.31E-02 1.508E-03 1.182E-02 6.708E-05 3.375E-03 5.498E-02 1.537E-01 3.356E-01 7.354E-01 2.649E+00 3.163E-01 4.02E-04
  271   6.1765  2.32E-02 1.499E-03 1.178E-02 6.708E-05 3.375E-03 5.483E-02 1.535E-01 3.431E-01 7.364E-01 2.633E+00 3.142E-01 4.02E-04
  272   6.1997  2.30E-02 1.491E-03 1.175E-02 6.707E-05 3.375E-03 5.468E-02 1.533E-01 3.474E-01 7.353E-01 2.618E+00 3.121E-01 4.02E-04
  273   6.2227  2.29E-02 1.483E-03 1.172E-02 6.708E-05 3.375E-03 5.453E-02 1.531E-01 3.489E-01 7.318E-01 2.602E+00 3.100E-01 4.02E-04
  274   6.2456  2.28E-02 1.475E-03 1.168E-02 6.708E-05 3.374E-03 5.439E-02 1.529E-01 3.477E-01 7.265E-01 2.587E+00 3.080E-01 4.02E-04
  275   6.2684  2.27E-02 1.467E-03 1.165E-02 6.708E-05 3.374E-03 5.424E-02 1.526E-01 3.440E-01 7.201E-01 2.573E+00 3.061E-01 4.02E-04
  276   6.2911  2.28E-02 1.460E-03 1.162E-02 6.708E-05 3.374E-03 5.410E-02 1.524E-01 3.380E-01 7.134E-01 2.558E+00 3.042E-01 4.02E-04
  277   6.3138  2.28E-02 1.452E-03 1.159E-02 6.707E-05 3.374E-03 5.396E-02 1.522E-01 3.291E-01 7.094E-01 2.543E+00 3.023E-01 4.02E-04
  278   6.3367  2.27E-02 1.445E-03 1.156E-02 6.708E-05 3.374E-03 5.382E-02 1.520E-01 3.327E-01 7.030E-01 2.529E+00 3.004E-01 4.02E-04
  279   6.3593  2.26E-02 1.437E-03 1.152E-02 6.708E-05 3.374E-03 5.368E-02 1.518E-01 3.334E-01 6.983E-01 2.515E+00 2.985E-01 4.02E-04
  280   6.3819  2.27E-02 1.430E-03 1.149E-02 6.708E-05 3.374E-03 5.354E-02 1.516E-01 3.286E-01 6.961E-01 2.501E+00 2.967E-01 4.02E-04
  281   6.4047  2.29E-02 1.422E-03 1.146E-02 6.707E-05 3.374E-03 5.340E-02 1.514E-01 3.264E-01 6.950E-01 2.487E+00 2.948E-01 4.02E-04
  282   6.4276  2.28E-02 1.415E-03 1.143E-02 6.706E-05 3.375E-03 5.326E-02 1.512E-01 3.379E-01 6.942E-01 2.473E+00 2.929E-01 4.02E-04
  283   6.4504  2.27E-02 1.408E-03 1.140E-02 6.706E-05 3.375E-03 5.312E-02 1.510E-01 3.471E-01 6.926E-01 2.460E+00 2.911E-01 4.02E-04
  284   6.4730  2.27E-02 1.401E-03 1.137E-02 6.706E-05 3.375E-03 5.299E-02 1.508E-01 3.540E-01 6.917E-01 2.446E+00 2.894E-01 4.02E-04
  285   6.4957  2.28E-02 1.394E-03 1.134E-02 6.706E-05 3.375E-03 5.286E-02 1.506E-01 3.581E-01 6.926E-01 2.433E+00 2.877E-01 4.02E-04
  286   6.5185  2.26E-02 1.387E-03 1.131E-02 6.705E-05 3.375E-03 5.273E-02 1.504E-01 3.594E-01 6.910E-01 2.420E+00 2.860E-01 4.02E-04
  287   6.5411  2.25E-02 1.380E-03 1.128E-02 6.705E-05 3.375E-03 5.260E-02 1.502E-01 3.577E-01 6.868E-01 2.407E+00 2.843E-01 4.02E-04
  288   6.5636  2.26E-02 1.373E-03 1.125E-02 6.704E-05 3.375E-03 5.247E-02 1.500E-01 3.528E-01 6.809E-01 2.394E+00 2.827E-01 4.02E-04
  289   6.5862  2.27E-02 1.366E-03 1.122E-02 6.703E-05 3.375E-03 5.234E-02 1.498E-01 3.450E-01 6.743E-01 2.381E+00 2.810E-01 4.02E-04
  290   6.6089  2.29E-02 1.359E-03 1.119E-02 6.703E-05 3.375E-03 5.221E-02 1.496E-01 3.345E-01 6.688E-01 2.368E+00 2.793E-01 4.02E-04
  291   6.6319  2.32E-02 1.353E-03 1.117E-02 6.704E-05 3.375E-03 5.208E-02 1.494E-01 3.220E-01 6.654E-01 2.356E+00 2.776E-01 4.02E-04
  292   6.6550  2.33E-02 1.346E-03 1.114E-02 6.705E-05 3.375E-03 5.195E-02 1.492E-01 3.171E-01 6.673E-01 2.343E+00 2.759E-01 4.02E-04
  293   6.6783  2.33E-02 1.339E-03 1.111E-02 6.705E-05 3.375E-03 5.182E-02 1.490E-01 3.199E-01 6.696E-01 2.330E+00 2.742E-01 4.02E-04
  294   6.7017  2.33E-02 1.333E-03 1.108E-02 6.707E-05 3.374E-03 5.169E-02 1.489E-01 3.212E-01 6.721E-01 2.318E+00 2.726E-01 4.02E-04
  295   6.7250  2.32E-02 1.326E-03 1.105E-02 6.708E-05 3.374E-03 5.156E-02 1.487E-01 3.209E-01 6.740E-01 2.305E+00 2.710E-01 4.02E-04
  296   6.7482  2.32E-02 1.319E-03 1.102E-02 6.707E-05 3.374E-03 5.143E-02 1.485E-01 3.189E-01 6.747E-01 2.293E+00 2.694E-01 4.02E-04
  297   6.7714  2.31E-02 1.313E-03 1.099E-02 6.707E-05 3.374E-03 5.131E-02 1.483E-01 3.153E-01 6.737E-01 2.281E+00 2.678E-01 4.02E-04
  298   6.7945  2.31E-02 1.307E-03 1.096E-02 6.707E-05 3.374E-03 5.118E-02 1.481E-01 3.102E-01 6.749E-01 2.269E+00 2.661E-01 4.02E-04
  299   6.8175  2.28E-02 1.300E-03 1.094E-02 6.708E-05 3.374E-03 5.106E-02 1.479E-01 3.074E-01 6.774E-01 2.257E+00 2.645E-01 4.02E-04
  300   6.8404  2.26E-02 1.294E-03 1.091E-02 6.709E-05 3.373E-03 5.094E-02 1.477E-01 3.133E-01 6.788E-01 2.246E+00 2.630E-01 4.03E-04
  301   6.8630  2.25E-02 1.288E-03 1.088E-02 6.709E-05 3.373E-03 5.082E-02 1.475E-01 3.200E-01 6.791E-01 2.234E+00 2.616E-01 4.03E-04
  302   6.8855  2.24E-02 1.282E-03 1.086E-02 6.708E-05 3.373E-03 5.070E-02 1.473E-01 3.236E-01 6.784E-01 2.223E+00 2.602E-01 4.03E-04
  303   6.9079  2.24E-02 1.276E-03 1.083E-02 6.708E-05 3.373E-03 5.059E-02 1.472E-01 3.233E-01 6.767E-01 2.212E+00 2.588E-01 4.02E-04
  304   6.9302  2.22E-02 1.271E-03 1.080E-02 6.708E-05 3.374E-03 5.047E-02 1.470E-01 3.199E-01 6.742E-01 2.201E+00 2.574E-01 4.02E-04
  305   6.9525  2.22E-02 1.265E-03 1.078E-02 6.708E-05 3.374E-03 5.036E-02 1.468E-01 3.180E-01 6.709E-01 2.190E+00 2.561E-01 4.02E-04
  306   6.9746  2.21E-02 1.259E-03 1.075E-02 6.708E-05 3.374E-03 5.025E-02 1.466E-01 3.203E-01 6.670E-01 2.180E+00 2.548E-01 4.02E-04
  307   6.9968  2.22E-02 1.254E-03 1.073E-02 6.708E-05 3.374E-03 5.014E-02 1.465E-01 3.238E-01 6.628E-01 2.169E+00 2.534E-01 4.02E-04
  308   7.0189  2.23E-02 1.248E-03 1.070E-02 6.708E-05 3.374E-03 5.002E-02 1.463E-01 3.259E-01 6.607E-01 2.159E+00 2.521E-01 4.02E-04
  309   7.0412  2.25E-02 1.243E-03 1.068E-02 6.707E-05 3.374E-03 4.991E-02 1.461E-01 3.262E-01 6.596E-01 2.149E+00 2.508E-01 4.02E-04
  310   7.0637  2.27E-02 1.237E-03 1.065E-02 6.706E-05 3.375E-03 4.980E-02 1.459E-01 3.248E-01 6.630E-01 2.138E+00 2.495E-01 4.02E-04
  311   7.0864  2.30E-02 1.232E-03 1.063E-02 6.705E-05 3.375E-03 4.969E-02 1.458E-01 3.220E-01 6.672E-01 2.128E+00 2.482E-01 4.02E-04
  312   7.1094  2.34E-02 1.226E-03 1.060E-02 6.704E-05 3.375E-03 4.958E-02 1.456E-01 3.182E-01 6.687E-01 2.117E+00 2.468E-01 4.02E-04
  313   7.1328  2.34E-02 1.220E-03 1.057E-02 6.703E-05 3.375E-03 4.946E-02 1.454E-01 3.139E-01 6.678E-01 2.107E+00 2.454E-01 4.02E-04
  314   7.1562  2.30E-02 1.215E-03 1.055E-02 6.703E-05 3.375E-03 4.935E-02 1.452E-01 3.097E-01 6.652E-01 2.096E+00 2.440E-01 4.02E-04
  315   7.1792  2.27E-02 1.209E-03 1.052E-02 6.704E-05 3.375E-03 4.924E-02 1.451E-01 3.055E-01 6.616E-01 2.086E+00 2.427E-01 4.02E-04
  316   7.2019  2.26E-02 1.204E-03 1.050E-02 6.705E-05 3.375E-03 4.913E-02 1.449E-01 3.019E-01 6.577E-01 2.076E+00 2.414E-01 4.02E-04
  317   7.2245  2.25E-02 1.199E-03 1.047E-02 6.706E-05 3.375E-03 4.902E-02 1.447E-01 3.035E-01 6.540E-01 2.067E+00 2.402E-01 4.02E-04
  318   7.2470  2.26E-02 1.194E-03 1.045E-02 6.706E-05 3.375E-03 4.892E-02 1.446E-01 3.008E-01 6.510E-01 2.057E+00 2.390E-01 4.02E-04
  319   7.2697  2.27E-02 1.188E-03 1.043E-02 6.706E-05 3.375E-03 4.881E-02 1.444E-01 3.100E-01 6.489E-01 2.047E+00 2.378E-01 4.02E-04
  320   7.2924  2.26E-02 1.183E-03 1.040E-02 6.708E-05 3.375E-03 4.871E-02 1.442E-01 3.164E-01 6.482E-01 2.038E+00 2.366E-01 4.02E-04
  321   7.3150  2.26E-02 1.178E-03 1.038E-02 6.708E-05 3.375E-03 4.860E-02 1.441E-01 3.186E-01 6.495E-01 2.028E+00 2.354E-01 4.02E-04
  322   7.3376  2.28E-02 1.173E-03 1.035E-02 6.707E-05 3.375E-03 4.850E-02 1.439E-01 3.164E-01 6.530E-01 2.019E+00 2.341E-01 4.02E-04
  323   7.3604  2.30E-02 1.168E-03 1.033E-02 6.706E-05 3.375E-03 4.839E-02 1.437E-01 3.104E-01 6.569E-01 2.009E+00 2.329E-01 4.02E-04
  324   7.3835  2.35E-02 1.163E-03 1.031E-02 6.706E-05 3.375E-03 4.829E-02 1.436E-01 3.009E-01 6.606E-01 2.000E+00 2.317E-01 4.02E-04
  325   7.4069  2.39E-02 1.158E-03 1.028E-02 6.706E-05 3.375E-03 4.818E-02 1.434E-01 2.981E-01 6.637E-01 1.990E+00 2.304E-01 4.02E-04
  326   7.4308  2.37E-02 1.153E-03 1.026E-02 6.706E-05 3.375E-03 4.807E-02 1.432E-01 3.026E-01 6.661E-01 1.981E+00 2.291E-01 4.02E-04
  327   7.4545  2.36E-02 1.148E-03 1.023E-02 6.706E-05 3.375E-03 4.797E-02 1.431E-01 3.048E-01 6.676E-01 1.971E+00 2.279E-01 4.02E-04
  328   7.4780  2.36E-02 1.143E-03 1.021E-02 6.706E-05 3.375E-03 4.786E-02 1.429E-01 3.044E-01 6.679E-01 1.962E+00 2.267E-01 4.02E-04
  329   7.5016  2.36E-02 1.138E-03 1.018E-02 6.707E-05 3.375E-03 4.776E-02 1.427E-01 3.026E-01 6.669E-01 1.953E+00 2.255E-01 4.02E-04
  330   7.5252  2.38E-02 1.133E-03 1.016E-02 6.707E-05 3.375E-03 4.766E-02 1.426E-01 3.057E-01 6.645E-01 1.944E+00 2.243E-01 4.02E-04
  331   7.5489  2.39E-02 1.128E-03 1.014E-02 6.708E-05 3.375E-03 4.755E-02 1.424E-01 3.064E-01 6.609E-01 1.935E+00 2.231E-01 4.02E-04
  332   7.5728  2.36E-02 1.123E-03 1.011E-02 6.708E-05 3.375E-03 4.745E-02 1.422E-01 3.045E-01 6.563E-01 1.926E+00 2.219E-01 4.02E-04
  333   7.5964  2.33E-02 1.118E-03 1.009E-02 6.707E-05 3.375E-03 4.735E-02 1.421E-01 3.008E-01 6.514E-01 1.917E+00 2.207E-01 4.02E-04
  334   7.6197  2.32E-02 1.113E-03 1.007E-02 6.706E-05 3.375E-03 4.725E-02 1.419E-01 2.958E-01 6.467E-01 1.908E+00 2.195E-01 4.02E-04
  335   7.6429  2.31E-02 1.109E-03 1.004E-02 6.706E-05 3.375E-03 4.715E-02 1.417E-01 2.945E-01 6.425E-01 1.900E+00 2.184E-01 4.02E-04
  336   7.6660  2.31E-02 1.104E-03 1.002E-02 6.706E-05 3.375E-03 4.705E-02 1.416E-01 2.998E-01 6.388E-01 1.891E+00 2.173E-01 4.02E-04
  337   7.6891  2.32E-02 1.100E-03 1.000E-02 6.706E-05 3.376E-03 4.696E-02 1.414E-01 3.068E-01 6.354E-01 1.883E+00 2.163E-01 4.02E-04
  338   7.7123  2.34E-02 1.095E-03 9.978E-03 6.705E-05 3.376E-03 4.686E-02 1.413E-01 3.111E-01 6.323E-01 1.874E+00 2.152E-01 4.02E-04
  339   7.7357  2.37E-02 1.091E-03 9.955E-03 6.705E-05 3.376E-03 4.676E-02 1.411E-01 3.124E-01 6.293E-01 1.866E+00 2.141E-01 4.02E-04
  340   7.7594  2.40E-02 1.086E-03 9.933E-03 6.705E-05 3.376E-03 4.667E-02 1.409E-01 3.107E-01 6.263E-01 1.858E+00 2.130E-01 4.02E-04
  341   7.7835  2.42E-02 1.082E-03 9.910E-03 6.705E-05 3.376E-03 4.657E-02 1.408E-01 3.063E-01 6.236E-01 1.849E+00 2.119E-01 4.02E-04
  342   7.8076  2.40E-02 1.077E-03 9.887E-03 6.705E-05 3.376E-03 4.647E-02 1.406E-01 2.996E-01 6.215E-01 1.841E+00 2.107E-01 4.02E-04
  343   7.8317  2.40E-02 1.072E-03 9.865E-03 6.704E-05 3.376E-03 4.637E-02 1.405E-01 2.914E-01 6.203E-01 1.832E+00 2.096E-01 4.02E-04
  344   7.8556  2.40E-02 1.068E-03 9.843E-03 6.704E-05 3.376E-03 4.627E-02 1.403E-01 2.820E-01 6.201E-01 1.824E+00 2.085E-01 4.02E-04
  345   7.8796  2.40E-02 1.064E-03 9.820E-03 6.703E-05 3.375E-03 4.618E-02 1.401E-01 2.757E-01 6.210E-01 1.816E+00 2.074E-01 4.02E-04
  346   7.9036  2.39E-02 1.059E-03 9.798E-03 6.704E-05 3.375E-03 4.608E-02 1.400E-01 2.777E-01 6.228E-01 1.808E+00 2.063E-01 4.02E-04
  347   7.9275  2.38E-02 1.055E-03 9.776E-03 6.704E-05 3.375E-03 4.599E-02 1.398E-01 2.784E-01 6.252E-01 1.800E+00 2.052E-01 4.02E-04
  348   7.9513  2.37E-02 1.050E-03 9.755E-03 6.704E-05 3.375E-03 4.589E-02 1.397E-01 2.773E-01 6.278E-01 1.792E+00 2.042E-01 4.02E-04
  349   7.9750  2.37E-02 1.046E-03 9.733E-03 6.704E-05 3.374E-03 4.580E-02 1.395E-01 2.758E-01 6.304E-01 1.784E+00 2.032E-01 4.02E-04
  350   7.9987  2.38E-02 1.042E-03 9.712E-03 6.704E-05 3.374E-03 4.571E-02 1.394E-01 2.735E-01 6.326E-01 1.777E+00 2.022E-01 4.02E-04
  351   8.0225  2.37E-02 1.038E-03 9.691E-03 6.704E-05 3.373E-03 4.562E-02 1.392E-01 2.799E-01 6.340E-01 1.769E+00 2.012E-01 4.02E-04
  352   8.0462  2.35E-02 1.034E-03 9.670E-03 6.705E-05 3.373E-03 4.552E-02 1.391E-01 2.830E-01 6.344E-01 1.761E+00 2.002E-01 4.02E-04
  353   8.0697  2.33E-02 1.030E-03 9.649E-03 6.705E-05 3.372E-03 4.543E-02 1.389E-01 2.849E-01 6.335E-01 1.754E+00 1.992E-01 4.02E-04
  354   8.0929  2.31E-02 1.026E-03 9.628E-03 6.706E-05 3.372E-03 4.535E-02 1.388E-01 2.863E-01 6.313E-01 1.746E+00 1.983E-01 4.02E-04
  355   8.1160  2.29E-02 1.022E-03 9.608E-03 6.707E-05 3.371E-03 4.526E-02 1.386E-01 2.881E-01 6.289E-01 1.739E+00 1.973E-01 4.02E-04
  356   8.1390  2.28E-02 1.018E-03 9.588E-03 6.707E-05 3.371E-03 4.517E-02 1.385E-01 2.920E-01 6.287E-01 1.732E+00 1.965E-01 4.02E-04
  357   8.1618  2.28E-02 1.014E-03 9.568E-03 6.706E-05 3.370E-03 4.509E-02 1.383E-01 2.951E-01 6.288E-01 1.725E+00 1.956E-01 4.02E-04
  358   8.1846  2.28E-02 1.010E-03 9.549E-03 6.706E-05 3.370E-03 4.501E-02 1.382E-01 2.977E-01 6.282E-01 1.718E+00 1.948E-01 4.02E-04
  359   8.2074  2.29E-02 1.007E-03 9.529E-03 6.707E-05 3.369E-03 4.492E-02 1.381E-01 3.004E-01 6.268E-01 1.711E+00 1.939E-01 4.02E-04
  360   8.2303  2.30E-02 1.003E-03 9.510E-03 6.707E-05 3.369E-03 4.484E-02 1.379E-01 3.035E-01 6.247E-01 1.704E+00 1.931E-01 4.02E-04
  361   8.2533  2.31E-02 9.990E-04 9.490E-03 6.708E-05 3.368E-03 4.475E-02 1.378E-01 3.071E-01 6.217E-01 1.697E+00 1.922E-01 4.02E-04
  362   8.2764  2.31E-02 9.952E-04 9.471E-03 6.708E-05 3.368E-03 4.467E-02 1.376E-01 3.111E-01 6.204E-01 1.690E+00 1.913E-01 4.02E-04
  363   8.2995  2.29E-02 9.915E-04 9.451E-03 6.709E-05 3.367E-03 4.459E-02 1.375E-01 3.149E-01 6.209E-01 1.684E+00 1.904E-01 4.03E-04
  364   8.3224  2.28E-02 9.879E-04 9.432E-03 6.709E-05 3.367E-03 4.450E-02 1.373E-01 3.175E-01 6.201E-01 1.677E+00 1.896E-01 4.03E-04
  365   8.3452  2.27E-02 9.843E-04 9.413E-03 6.709E-05 3.367E-03 4.442E-02 1.372E-01 3.182E-01 6.183E-01 1.670E+00 1.888E-01 4.03E-04
  366   8.3678  2.27E-02 9.808E-04 9.394E-03 6.708E-05 3.366E-03 4.434E-02 1.371E-01 3.166E-01 6.159E-01 1.664E+00 1.880E-01 4.02E-04
  367   8.3905  2.27E-02 9.773E-04 9.375E-03 6.707E-05 3.366E-03 4.426E-02 1.369E-01 3.126E-01 6.131E-01 1.657E+00 1.872E-01 4.02E-04
  368   8.4132  2.29E-02 9.738E-04 9.357E-03 6.707E-05 3.366E-03 4.419E-02 1.368E-01 3.064E-01 6.097E-01 1.651E+00 1.865E-01 4.02E-04
  369   8.4361  2.31E-02 9.703E-04 9.338E-03 6.706E-05 3.365E-03 4.411E-02 1.367E-01 2.987E-01 6.058E-01 1.645E+00 1.857E-01 4.02E-04
  370   8.4592  2.33E-02 9.667E-04 9.319E-03 6.706E-05 3.365E-03 4.403E-02 1.365E-01 2.901E-01 6.016E-01 1.638E+00 1.848E-01 4.02E-04
  371   8.4824  2.35E-02 9.632E-04 9.300E-03 6.707E-05 3.365E-03 4.394E-02 1.364E-01 2.813E-01 5.973E-01 1.632E+00 1.840E-01 4.02E-04
  372   8.5060  2.38E-02 9.596E-04 9.281E-03 6.708E-05 3.364E-03 4.386E-02 1.362E-01 2.741E-01 5.932E-01 1.625E+00 1.831E-01 4.02E-04
  373   8.5297  2.40E-02 9.560E-04 9.262E-03 6.708E-05 3.364E-03 4.378E-02 1.361E-01 2.707E-01 5.944E-01 1.619E+00 1.823E-01 4.02E-04
  374   8.5537  2.41E-02 9.525E-04 9.243E-03 6.708E-05 3.364E-03 4.370E-02 1.360E-01 2.660E-01 5.962E-01 1.612E+00 1.814E-01 4.02E-04
  375   8.5777  2.42E-02 9.489E-04 9.224E-03 6.708E-05 3.364E-03 4.362E-02 1.358E-01 2.612E-01 5.974E-01 1.606E+00 1.806E-01 4.03E-04
  376   8.6019  2.42E-02 9.454E-04 9.205E-03 6.708E-05 3.364E-03 4.354E-02 1.357E-01 2.639E-01 5.979E-01 1.599E+00 1.797E-01 4.02E-04
  377   8.6261  2.41E-02 9.418E-04 9.186E-03 6.708E-05 3.363E-03 4.345E-02 1.355E-01 2.678E-01 5.975E-01 1.593E+00 1.789E-01 4.02E-04
  378   8.6503  2.41E-02 9.383E-04 9.167E-03 6.708E-05 3.363E-03 4.337E-02 1.354E-01 2.683E-01 5.961E-01 1.586E+00 1.781E-01 4.02E-04
  379   8.6744  2.41E-02 9.349E-04 9.148E-03 6.708E-05 3.363E-03 4.329E-02 1.353E-01 2.659E-01 5.935E-01 1.580E+00 1.772E-01 4.02E-04
  380   8.6984  2.40E-02 9.315E-04 9.130E-03 6.709E-05 3.363E-03 4.321E-02 1.351E-01 2.629E-01 5.899E-01 1.574E+00 1.764E-01 4.03E-04
  381   8.7225  2.38E-02 9.281E-04 9.111E-03 6.708E-05 3.363E-03 4.314E-02 1.350E-01 2.611E-01 5.856E-01 1.568E+00 1.756E-01 4.03E-04
  382   8.7463  2.37E-02 9.247E-04 9.093E-03 6.708E-05 3.363E-03 4.306E-02 1.349E-01 2.630E-01 5.855E-01 1.562E+00 1.748E-01 4.02E-04
  383   8.7700  2.36E-02 9.214E-04 9.075E-03 6.707E-05 3.363E-03 4.298E-02 1.347E-01 2.669E-01 5.877E-01 1.556E+00 1.740E-01 4.02E-04
  384   8.7935  2.35E-02 9.182E-04 9.057E-03 6.708E-05 3.363E-03 4.290E-02 1.346E-01 2.688E-01 5.905E-01 1.550E+00 1.733E-01 4.02E-04
  385   8.8170  2.35E-02 9.150E-04 9.039E-03 6.708E-05 3.363E-03 4.283E-02 1.345E-01 2.691E-01 5.914E-01 1.544E+00 1.726E-01 4.02E-04
  386   8.8406  2.36E-02 9.117E-04 9.021E-03 6.707E-05 3.364E-03 4.275E-02 1.343E-01 2.679E-01 5.915E-01 1.538E+00 1.718E-01 4.02E-04
  387   8.8642  2.37E-02 9.085E-04 9.004E-03 6.707E-05 3.364E-03 4.268E-02 1.342E-01 2.657E-01 5.956E-01 1.532E+00 1.710E-01 4.02E-04
  388   8.8879  2.39E-02 9.053E-04 8.986E-03 6.706E-05 3.364E-03 4.260E-02 1.341E-01 2.669E-01 5.988E-01 1.527E+00 1.703E-01 4.02E-04
  389   8.9118  2.40E-02 9.021E-04 8.968E-03 6.706E-05 3.364E-03 4.253E-02 1.339E-01 2.680E-01 6.004E-01 1.521E+00 1.695E-01 4.02E-04
  390   8.9358  2.40E-02 8.989E-04 8.950E-03 6.706E-05 3.364E-03 4.245E-02 1.338E-01 2.658E-01 6.002E-01 1.515E+00 1.687E-01 4.02E-04
  391   8.9598  2.41E-02 8.957E-04 8.933E-03 6.706E-05 3.364E-03 4.238E-02 1.337E-01 2.649E-01 5.984E-01 1.509E+00 1.680E-01 4.02E-04
