#---it-------t--------ee2m------aa2m------emag------EEGW------hrms------brms------erms------EEEM------bmax------nlin0------nlin1------nlin2---
      0     -0.900 5.802E-13 2.915E-16 0.000E+00 0.000E+00 0.000E+00 0.000E+00 0.000E+00 0.000E+00 0.000E+00 0.0000E+00 0.0000E+00 0.0000E+00
     20     -0.800 4.394E-11 6.215E-14 1.305E-09 4.733E-20 1.257E-11 3.244E-06 9.395E-06 4.939E-11 1.146E-05 1.3766E-15 2.2080E-15 2.6555E-37
     40     -0.700 1.375E-09 4.167E-12 3.173E-08 2.050E-17 3.752E-10 1.599E-05 5.191E-05 1.475E-09 5.307E-05 7.4743E-14 4.0508E-13 2.7975E-33
     60     -0.600 1.666E-08 8.877E-11 3.612E-07 1.699E-15 4.519E-09 5.397E-05 1.793E-04 1.752E-08 1.673E-04 2.3188E-12 1.8270E-11 1.0877E-29
     80     -0.500 1.166E-07 9.676E-10 2.461E-06 5.244E-14 3.149E-08 1.409E-04 4.711E-04 1.209E-07 4.314E-04 3.7397E-11 3.5688E-10 6.6832E-27
    100     -0.400 5.736E-07 6.844E-09 1.191E-05 8.609E-13 1.534E-07 3.098E-04 1.038E-03 5.867E-07 9.651E-04 3.4198E-10 4.0478E-09 8.6531E-25
    120     -0.300 2.207E-06 3.584E-08 4.529E-05 9.064E-12 5.804E-07 6.043E-04 2.024E-03 2.232E-06 1.991E-03 2.1648E-09 3.1469E-08 6.0123E-23
    140     -0.200 7.087E-06 1.504E-07 1.440E-04 7.089E-11 1.843E-06 1.077E-03 3.611E-03 7.101E-06 3.503E-03 1.3103E-08 1.8560E-07 2.5098E-21
    160     -0.100 1.982E-05 5.329E-07 3.986E-04 4.375E-10 5.145E-06 1.793E-03 6.020E-03 1.973E-05 5.490E-03 7.0836E-08 8.8795E-07 1.1513E-19
    180     -0.000 4.966E-05 1.651E-06 9.902E-04 2.245E-09 1.294E-05 2.826E-03 9.515E-03 4.926E-05 7.977E-03 3.2630E-07 3.6100E-06 4.5538E-18
    200      0.100 1.138E-04 4.590E-06 2.256E-03 9.483E-09 2.964E-05 4.265E-03 1.441E-02 1.129E-04 1.148E-02 1.2752E-06 1.2881E-05 1.1883E-16
    220      0.200 2.421E-04 1.166E-05 4.789E-03 3.703E-08 6.285E-05 6.214E-03 2.104E-02 2.407E-04 1.665E-02 4.2622E-06 4.1269E-05 2.3213E-15
    240      0.300 4.839E-04 2.744E-05 9.587E-03 1.306E-07 1.269E-04 8.792E-03 2.982E-02 4.833E-04 2.276E-02 1.2319E-05 1.2071E-04 3.8422E-14
    260      0.400 9.165E-04 6.053E-05 1.827E-02 4.196E-07 2.447E-04 1.214E-02 4.118E-02 9.216E-04 2.961E-02 3.2230E-05 3.2646E-04 5.5661E-13
    280      0.500 1.657E-03 1.262E-04 3.340E-02 1.186E-06 4.484E-04 1.641E-02 5.559E-02 1.680E-03 3.886E-02 8.1722E-05 8.2435E-04 7.0826E-12
    300      0.600 2.877E-03 2.505E-04 5.888E-02 3.261E-06 7.860E-04 2.179E-02 7.357E-02 2.943E-03 5.087E-02 2.0671E-04 1.9587E-03 7.6402E-11
    320      0.700 4.820E-03 4.763E-04 1.005E-01 8.515E-06 1.338E-03 2.847E-02 9.565E-02 4.979E-03 6.550E-02 5.1347E-04 4.4066E-03 6.5324E-10
    340      0.800 7.823E-03 8.714E-04 1.668E-01 2.099E-05 2.220E-03 3.667E-02 1.224E-01 8.164E-03 8.670E-02 1.2164E-03 9.4351E-03 4.4305E-09
    360      0.900 1.234E-02 1.540E-03 2.696E-01 4.899E-05 3.588E-03 4.663E-02 1.544E-01 1.301E-02 1.132E-01 2.7186E-03 1.9311E-02 2.4694E-08
    380      1.000 1.897E-02 2.640E-03 4.258E-01 1.088E-04 5.657E-03 5.859E-02 1.924E-01 2.022E-02 1.451E-01 5.7770E-03 3.7923E-02 1.1832E-07
    400      1.100 2.850E-02 4.399E-03 6.580E-01 8.613E-05 8.048E-03 7.284E-02 2.369E-01 3.070E-02 1.828E-01 0.0000E+00 0.0000E+00 3.6964E-07
    420      1.200 4.190E-02 7.147E-03 9.973E-01 6.126E-05 1.002E-02 8.967E-02 2.885E-01 4.565E-02 2.268E-01 0.0000E+00 0.0000E+00 6.5017E-07
    440      1.300 6.040E-02 1.134E-02 1.485E+00 4.539E-05 1.154E-02 1.094E-01 3.481E-01 6.656E-02 2.777E-01 0.0000E+00 0.0000E+00 7.7095E-07
    460      1.400 8.552E-02 1.762E-02 2.175E+00 3.982E-05 1.261E-02 1.324E-01 4.161E-01 9.536E-02 3.361E-01 0.0000E+00 0.0000E+00 6.8216E-07
    480      1.500 1.191E-01 2.684E-02 3.137E+00 4.243E-05 1.329E-02 1.590E-01 4.934E-01 1.344E-01 4.028E-01 0.0000E+00 0.0000E+00 5.2881E-07
    500      1.600 1.632E-01 4.014E-02 4.462E+00 4.964E-05 1.365E-02 1.897E-01 5.805E-01 1.865E-01 4.787E-01 0.0000E+00 0.0000E+00 4.8303E-07
    520      1.700 2.205E-01 5.903E-02 6.266E+00 5.823E-05 1.377E-02 2.248E-01 6.780E-01 2.551E-01 5.651E-01 0.0000E+00 0.0000E+00 5.5778E-07
    540      1.800 2.937E-01 8.542E-02 8.691E+00 6.618E-05 1.373E-02 2.647E-01 7.866E-01 3.444E-01 6.626E-01 0.0000E+00 0.0000E+00 6.3588E-07
    560      1.900 3.863E-01 1.218E-01 1.192E+01 7.268E-05 1.360E-02 3.100E-01 9.068E-01 4.592E-01 7.724E-01 0.0000E+00 0.0000E+00 6.5984E-07
    580      2.000 5.020E-01 1.712E-01 1.617E+01 7.761E-05 1.342E-02 3.611E-01 1.039E+00 6.051E-01 8.953E-01 0.0000E+00 0.0000E+00 6.9758E-07
    600      2.100 6.446E-01 2.376E-01 2.173E+01 8.102E-05 1.324E-02 4.185E-01 1.184E+00 7.885E-01 1.033E+00 0.0000E+00 0.0000E+00 8.1006E-07
    620      2.200 8.187E-01 3.257E-01 2.891E+01 8.291E-05 1.309E-02 4.828E-01 1.342E+00 1.017E+00 1.185E+00 0.0000E+00 0.0000E+00 9.4179E-07
    640      2.300 1.029E+00 4.411E-01 3.813E+01 8.322E-05 1.299E-02 5.545E-01 1.513E+00 1.298E+00 1.353E+00 0.0000E+00 0.0000E+00 9.7200E-07
    660      2.400 1.279E+00 5.908E-01 4.986E+01 8.208E-05 1.292E-02 6.340E-01 1.697E+00 1.641E+00 1.538E+00 0.0000E+00 0.0000E+00 8.3754E-07
    680      2.500 1.575E+00 7.829E-01 6.467E+01 7.989E-05 1.289E-02 7.221E-01 1.895E+00 2.056E+00 1.738E+00 0.0000E+00 0.0000E+00 5.8720E-07
    700      2.600 1.921E+00 1.027E+00 8.324E+01 7.723E-05 1.288E-02 8.192E-01 2.106E+00 2.553E+00 1.956E+00 0.0000E+00 0.0000E+00 3.2994E-07
    720      2.700 2.321E+00 1.334E+00 1.063E+02 7.468E-05 1.286E-02 9.260E-01 2.331E+00 3.145E+00 2.192E+00 0.0000E+00 0.0000E+00 1.5167E-07
    740      2.800 2.778E+00 1.717E+00 1.349E+02 7.263E-05 1.279E-02 1.043E+00 2.568E+00 3.841E+00 2.447E+00 0.0000E+00 0.0000E+00 7.9782E-08
    760      2.900 3.297E+00 2.190E+00 1.698E+02 7.126E-05 1.268E-02 1.170E+00 2.818E+00 4.655E+00 2.722E+00 0.0000E+00 0.0000E+00 1.0198E-07
    780      3.000 3.878E+00 2.768E+00 2.124E+02 7.068E-05 1.249E-02 1.309E+00 3.080E+00 5.598E+00 3.018E+00 0.0000E+00 0.0000E+00 1.9435E-07
    800      3.100 4.525E+00 3.471E+00 2.637E+02 7.114E-05 1.222E-02 1.458E+00 3.353E+00 6.683E+00 3.335E+00 0.0000E+00 0.0000E+00 3.3150E-07
    820      3.200 5.236E+00 4.317E+00 3.253E+02 7.311E-05 1.187E-02 1.619E+00 3.636E+00 7.920E+00 3.672E+00 0.0000E+00 0.0000E+00 4.8145E-07
    840      3.300 6.011E+00 5.326E+00 3.985E+02 7.699E-05 1.145E-02 1.792E+00 3.928E+00 9.321E+00 4.028E+00 0.0000E+00 0.0000E+00 5.9417E-07
    860      3.400 6.848E+00 6.522E+00 4.849E+02 8.274E-05 1.099E-02 1.977E+00 4.229E+00 1.090E+01 4.404E+00 0.0000E+00 0.0000E+00 6.1058E-07
    880      3.500 7.743E+00 7.928E+00 5.860E+02 8.940E-05 1.056E-02 2.174E+00 4.536E+00 1.265E+01 4.799E+00 0.0000E+00 0.0000E+00 5.0902E-07
    900      3.600 8.691E+00 9.568E+00 7.036E+02 9.526E-05 1.024E-02 2.382E+00 4.849E+00 1.459E+01 5.211E+00 0.0000E+00 0.0000E+00 3.4568E-07
    920      3.700 9.685E+00 1.147E+01 8.393E+02 9.834E-05 1.009E-02 2.601E+00 5.166E+00 1.673E+01 5.641E+00 0.0000E+00 0.0000E+00 2.2198E-07
    940      3.800 1.072E+01 1.365E+01 9.947E+02 9.726E-05 1.016E-02 2.832E+00 5.486E+00 1.906E+01 6.086E+00 0.0000E+00 0.0000E+00 2.1093E-07
    960      3.900 1.177E+01 1.615E+01 1.171E+03 9.193E-05 1.045E-02 3.073E+00 5.807E+00 2.158E+01 6.544E+00 0.0000E+00 0.0000E+00 3.7833E-07
    980      4.000 1.284E+01 1.897E+01 1.371E+03 8.359E-05 1.086E-02 3.325E+00 6.126E+00 2.429E+01 7.013E+00 0.0000E+00 0.0000E+00 8.6258E-07
   1000      4.100 1.390E+01 2.216E+01 1.595E+03 7.437E-05 1.131E-02 3.586E+00 6.443E+00 2.719E+01 7.491E+00 0.0000E+00 0.0000E+00 1.7600E-06
   1020      4.200 1.494E+01 2.572E+01 1.845E+03 6.641E-05 1.169E-02 3.857E+00 6.755E+00 3.025E+01 7.977E+00 0.0000E+00 0.0000E+00 2.8100E-06
   1040      4.300 1.594E+01 2.967E+01 2.121E+03 6.136E-05 1.193E-02 4.136E+00 7.059E+00 3.347E+01 8.469E+00 0.0000E+00 0.0000E+00 3.3734E-06
   1060      4.400 1.687E+01 3.404E+01 2.425E+03 6.006E-05 1.199E-02 4.422E+00 7.355E+00 3.682E+01 8.964E+00 0.0000E+00 0.0000E+00 2.9892E-06
   1080      4.500 1.771E+01 3.882E+01 2.757E+03 6.264E-05 1.187E-02 4.715E+00 7.638E+00 4.028E+01 9.460E+00 0.0000E+00 0.0000E+00 1.9026E-06
   1100      4.600 1.843E+01 4.401E+01 3.117E+03 6.861E-05 1.157E-02 5.014E+00 7.907E+00 4.383E+01 9.956E+00 0.0000E+00 0.0000E+00 8.3024E-07
   1120      4.700 1.901E+01 4.962E+01 3.506E+03 7.695E-05 1.115E-02 5.317E+00 8.159E+00 4.742E+01 1.045E+01 0.0000E+00 0.0000E+00 2.3951E-07
   1140      4.800 1.943E+01 5.563E+01 3.921E+03 8.605E-05 1.070E-02 5.623E+00 8.392E+00 5.102E+01 1.094E+01 0.0000E+00 0.0000E+00 6.0577E-08
   1160      4.900 1.967E+01 6.203E+01 4.362E+03 9.394E-05 1.030E-02 5.931E+00 8.602E+00 5.459E+01 1.142E+01 0.0000E+00 0.0000E+00 4.3263E-08
   1180      5.000 1.970E+01 6.876E+01 4.827E+03 9.875E-05 1.005E-02 6.239E+00 8.788E+00 5.808E+01 1.189E+01 0.0000E+00 0.0000E+00 1.1471E-07
   1200      5.100 1.951E+01 7.581E+01 5.313E+03 9.930E-05 1.003E-02 6.545E+00 8.947E+00 6.144E+01 1.236E+01 0.0000E+00 0.0000E+00 3.0985E-07
   1220      5.200 1.909E+01 8.311E+01 5.816E+03 9.557E-05 1.025E-02 6.848E+00 9.076E+00 6.463E+01 1.281E+01 0.0000E+00 0.0000E+00 5.7114E-07
   1240      5.300 1.843E+01 9.060E+01 6.332E+03 8.882E-05 1.064E-02 7.145E+00 9.173E+00 6.760E+01 1.324E+01 0.0000E+00 0.0000E+00 7.8024E-07
   1260      5.400 1.755E+01 9.820E+01 6.857E+03 8.120E-05 1.111E-02 7.435E+00 9.235E+00 7.029E+01 1.367E+01 0.0000E+00 0.0000E+00 8.9175E-07
   1280      5.500 1.644E+01 1.058E+02 7.384E+03 7.494E-05 1.159E-02 7.716E+00 9.261E+00 7.265E+01 1.407E+01 0.0000E+00 0.0000E+00 9.2223E-07
   1300      5.600 1.514E+01 1.134E+02 7.906E+03 7.161E-05 1.201E-02 7.984E+00 9.247E+00 7.463E+01 1.447E+01 0.0000E+00 0.0000E+00 8.7402E-07
   1320      5.700 1.366E+01 1.208E+02 8.418E+03 7.155E-05 1.233E-02 8.238E+00 9.194E+00 7.620E+01 1.487E+01 0.0000E+00 0.0000E+00 7.4660E-07
   1340      5.800 1.205E+01 1.279E+02 8.910E+03 7.387E-05 1.258E-02 8.476E+00 9.098E+00 7.731E+01 1.525E+01 0.0000E+00 0.0000E+00 5.7599E-07
   1360      5.900 1.035E+01 1.346E+02 9.374E+03 7.684E-05 1.277E-02 8.694E+00 8.959E+00 7.792E+01 1.561E+01 0.0000E+00 0.0000E+00 4.1792E-07
   1380      6.000 8.618E+00 1.407E+02 9.803E+03 7.866E-05 1.293E-02 8.890E+00 8.776E+00 7.803E+01 1.593E+01 0.0000E+00 0.0000E+00 3.1439E-07
   1400      6.100 6.920E+00 1.462E+02 1.019E+04 7.826E-05 1.308E-02 9.063E+00 8.547E+00 7.759E+01 1.621E+01 0.0000E+00 0.0000E+00 3.1189E-07
   1420      6.200 5.326E+00 1.509E+02 1.052E+04 7.570E-05 1.321E-02 9.209E+00 8.273E+00 7.662E+01 1.659E+01 0.0000E+00 0.0000E+00 4.8186E-07
   1440      6.300 3.913E+00 1.547E+02 1.079E+04 7.208E-05 1.331E-02 9.325E+00 7.953E+00 7.511E+01 1.692E+01 0.0000E+00 0.0000E+00 8.6985E-07
   1460      6.400 2.762E+00 1.575E+02 1.098E+04 6.897E-05 1.334E-02 9.411E+00 7.589E+00 7.308E+01 1.721E+01 0.0000E+00 0.0000E+00 1.4104E-06
   1480      6.500 1.956E+00 1.592E+02 1.110E+04 6.758E-05 1.328E-02 9.462E+00 7.180E+00 7.055E+01 1.743E+01 0.0000E+00 0.0000E+00 1.8941E-06
   1500      6.600 1.575E+00 1.597E+02 1.114E+04 6.820E-05 1.310E-02 9.478E+00 6.729E+00 6.756E+01 1.759E+01 0.0000E+00 0.0000E+00 2.0558E-06
   1520      6.700 1.697E+00 1.589E+02 1.109E+04 7.016E-05 1.282E-02 9.457E+00 6.236E+00 6.416E+01 1.767E+01 0.0000E+00 0.0000E+00 1.7947E-06
   1540      6.800 2.389E+00 1.568E+02 1.095E+04 7.238E-05 1.244E-02 9.396E+00 5.703E+00 6.041E+01 1.767E+01 0.0000E+00 0.0000E+00 1.3215E-06
   1560      6.900 3.709E+00 1.533E+02 1.071E+04 7.407E-05 1.198E-02 9.295E+00 5.135E+00 5.638E+01 1.759E+01 0.0000E+00 0.0000E+00 9.9037E-07
   1580      7.000 5.702E+00 1.486E+02 1.039E+04 7.535E-05 1.144E-02 9.151E+00 4.533E+00 5.215E+01 1.742E+01 0.0000E+00 0.0000E+00 9.4846E-07
   1600      7.100 8.393E+00 1.425E+02 9.969E+03 7.720E-05 1.083E-02 8.965E+00 3.900E+00 4.779E+01 1.716E+01 0.0000E+00 0.0000E+00 1.0171E-06
   1620      7.200 1.179E+01 1.353E+02 9.465E+03 8.076E-05 1.015E-02 8.736E+00 3.242E+00 4.341E+01 1.681E+01 0.0000E+00 0.0000E+00 9.4949E-07
   1640      7.300 1.588E+01 1.269E+02 8.883E+03 8.642E-05 9.434E-03 8.463E+00 2.562E+00 3.909E+01 1.636E+01 0.0000E+00 0.0000E+00 7.0007E-07
   1660      7.400 2.061E+01 1.176E+02 8.230E+03 9.320E-05 8.757E-03 8.146E+00 1.865E+00 3.492E+01 1.582E+01 0.0000E+00 0.0000E+00 4.1494E-07
   1680      7.500 2.594E+01 1.074E+02 7.520E+03 9.899E-05 8.221E-03 7.787E+00 1.161E+00 3.099E+01 1.518E+01 0.0000E+00 0.0000E+00 2.5129E-07
   1700      7.600 3.176E+01 9.660E+01 6.764E+03 1.016E-04 7.941E-03 7.385E+00 4.765E-01 2.738E+01 1.444E+01 0.0000E+00 0.0000E+00 2.4437E-07
   1720      7.700 3.797E+01 8.537E+01 5.978E+03 1.001E-04 7.982E-03 6.943E+00 3.902E-01 2.418E+01 1.361E+01 0.0000E+00 0.0000E+00 3.3396E-07
   1740      7.800 4.445E+01 7.394E+01 5.177E+03 9.535E-05 8.319E-03 6.461E+00 1.061E+00 2.144E+01 1.269E+01 0.0000E+00 0.0000E+00 5.2475E-07
   1760      7.900 5.103E+01 6.256E+01 4.380E+03 8.960E-05 8.856E-03 5.943E+00 1.766E+00 1.922E+01 1.168E+01 0.0000E+00 0.0000E+00 1.0071E-06
   1780      8.000 5.757E+01 5.147E+01 3.603E+03 8.521E-05 9.491E-03 5.390E+00 2.464E+00 1.756E+01 1.059E+01 0.0000E+00 0.0000E+00 2.0077E-06
   1800      8.100 6.389E+01 4.092E+01 2.864E+03 8.324E-05 1.015E-02 4.805E+00 3.145E+00 1.649E+01 9.428E+00 0.0000E+00 0.0000E+00 3.3943E-06
   1820      8.200 6.982E+01 3.117E+01 2.180E+03 8.299E-05 1.082E-02 4.192E+00 3.804E+00 1.602E+01 8.200E+00 0.0000E+00 0.0000E+00 4.4829E-06
   1840      8.300 7.520E+01 2.242E+01 1.568E+03 8.261E-05 1.148E-02 3.556E+00 4.434E+00 1.615E+01 6.918E+00 0.0000E+00 0.0000E+00 4.5009E-06
   1860      8.400 7.986E+01 1.491E+01 1.042E+03 8.039E-05 1.213E-02 2.899E+00 5.030E+00 1.685E+01 5.602E+00 0.0000E+00 0.0000E+00 3.3514E-06
   1880      8.500 8.366E+01 8.808E+00 6.162E+02 7.585E-05 1.275E-02 2.229E+00 5.588E+00 1.809E+01 4.265E+00 0.0000E+00 0.0000E+00 1.7787E-06
   1900      8.600 8.648E+01 4.264E+00 2.998E+02 6.991E-05 1.330E-02 1.555E+00 6.102E+00 1.983E+01 2.926E+00 0.0000E+00 0.0000E+00 6.6041E-07
   1920      8.700 8.822E+01 1.393E+00 1.011E+02 6.430E-05 1.375E-02 9.027E-01 6.569E+00 2.199E+01 1.744E+00 0.0000E+00 0.0000E+00 2.6670E-07
   1940      8.800 8.882E+01 2.612E-01 2.463E+01 6.061E-05 1.406E-02 4.456E-01 6.985E+00 2.450E+01 1.131E+00 0.0000E+00 0.0000E+00 2.9489E-07
   1960      8.900 8.825E+01 8.941E-01 7.206E+01 5.962E-05 1.420E-02 7.623E-01 7.347E+00 2.728E+01 1.666E+00 0.0000E+00 0.0000E+00 4.4037E-07
   1980      9.000 8.649E+01 3.268E+00 2.416E+02 6.118E-05 1.417E-02 1.396E+00 7.652E+00 3.025E+01 3.001E+00 0.0000E+00 0.0000E+00 8.2140E-07
   2000      9.100 8.360E+01 7.313E+00 5.280E+02 6.455E-05 1.398E-02 2.063E+00 7.897E+00 3.331E+01 4.364E+00 0.0000E+00 0.0000E+00 1.8250E-06
   2020      9.200 7.964E+01 1.291E+01 9.229E+02 6.874E-05 1.366E-02 2.728E+00 8.081E+00 3.637E+01 5.699E+00 0.0000E+00 0.0000E+00 3.4779E-06
   2040      9.300 7.471E+01 1.991E+01 1.415E+03 7.295E-05 1.323E-02 3.378E+00 8.202E+00 3.934E+01 6.988E+00 0.0000E+00 0.0000E+00 5.0467E-06
   2060      9.400 6.895E+01 2.810E+01 1.990E+03 7.672E-05 1.273E-02 4.006E+00 8.259E+00 4.213E+01 8.218E+00 0.0000E+00 0.0000E+00 5.4980E-06
   2080      9.500 6.252E+01 3.725E+01 2.631E+03 7.998E-05 1.217E-02 4.606E+00 8.253E+00 4.466E+01 9.379E+00 0.0000E+00 0.0000E+00 4.4487E-06
   2100      9.600 5.561E+01 4.711E+01 3.321E+03 8.291E-05 1.158E-02 5.174E+00 8.183E+00 4.687E+01 1.046E+01 0.0000E+00 0.0000E+00 2.5905E-06
   2120      9.700 4.840E+01 5.739E+01 4.038E+03 8.568E-05 1.100E-02 5.706E+00 8.051E+00 4.868E+01 1.146E+01 0.0000E+00 0.0000E+00 1.0465E-06
   2140      9.800 4.111E+01 6.780E+01 4.763E+03 8.819E-05 1.046E-02 6.197E+00 7.857E+00 5.007E+01 1.235E+01 0.0000E+00 0.0000E+00 3.5992E-07
   2160      9.900 3.395E+01 7.804E+01 5.475E+03 9.010E-05 9.978E-03 6.644E+00 7.603E+00 5.098E+01 1.315E+01 0.0000E+00 0.0000E+00 2.8441E-07
   2180     10.000 2.713E+01 8.782E+01 6.154E+03 9.100E-05 9.604E-03 7.044E+00 7.293E+00 5.140E+01 1.383E+01 0.0000E+00 0.0000E+00 4.3722E-07
