#--it-----t--------dt-------EEK-------EEM-------EEGW------hrms------urms------brms------umax------bmax------o2m------divu2m----gg2m---
    0   1.0000  3.89E-02 0.000E+00 7.983E-03 0.000E+00 0.000E+00 0.000E+00 1.264E-01 0.000E+00 4.691E-01 0.000E+00 0.000E+00 0.00E+00
    1   1.0389  3.70E-02 2.329E-05 7.955E-03 5.414E-07 3.750E-05 6.828E-03 1.261E-01 6.295E-02 4.550E-01 1.846E-02 1.822E-02 3.25E-06
    2   1.0758  3.54E-02 7.109E-05 7.885E-03 1.169E-06 1.202E-04 1.194E-02 1.256E-01 9.861E-02 4.246E-01 6.721E-02 3.916E-02 7.01E-06
    3   1.1112  3.50E-02 1.190E-04 7.796E-03 1.461E-06 2.144E-04 1.546E-02 1.249E-01 1.063E-01 3.941E-01 1.359E-01 3.460E-02 8.77E-06
    4   1.1462  3.49E-02 1.674E-04 7.701E-03 1.527E-06 3.075E-04 1.834E-02 1.241E-01 1.178E-01 3.753E-01 2.180E-01 2.109E-02 9.16E-06
    5   1.1811  3.45E-02 2.239E-04 7.610E-03 1.494E-06 3.926E-04 2.121E-02 1.234E-01 1.269E-01 3.631E-01 3.072E-01 1.977E-02 8.97E-06
    6   1.2156  3.46E-02 2.874E-04 7.526E-03 1.453E-06 4.666E-04 2.403E-02 1.227E-01 1.369E-01 3.594E-01 3.977E-01 2.699E-02 8.72E-06
    7   1.2502  3.44E-02 3.517E-04 7.448E-03 1.440E-06 5.299E-04 2.659E-02 1.220E-01 1.419E-01 3.569E-01 4.864E-01 3.016E-02 8.64E-06
    8   1.2846  3.42E-02 4.126E-04 7.372E-03 1.456E-06 5.831E-04 2.879E-02 1.214E-01 1.535E-01 3.545E-01 5.695E-01 2.780E-02 8.73E-06
    9   1.3188  3.40E-02 4.699E-04 7.296E-03 1.486E-06 6.284E-04 3.073E-02 1.208E-01 1.600E-01 3.546E-01 6.451E-01 2.489E-02 8.92E-06
   10   1.3528  3.38E-02 5.243E-04 7.217E-03 1.516E-06 6.678E-04 3.245E-02 1.201E-01 1.620E-01 3.535E-01 7.121E-01 2.314E-02 9.10E-06
   11   1.3867  3.36E-02 5.757E-04 7.137E-03 1.538E-06 7.030E-04 3.399E-02 1.195E-01 1.677E-01 3.560E-01 7.703E-01 2.185E-02 9.23E-06
   12   1.4203  3.31E-02 6.242E-04 7.058E-03 1.549E-06 7.352E-04 3.539E-02 1.188E-01 1.783E-01 3.583E-01 8.202E-01 2.123E-02 9.29E-06
   13   1.4534  3.27E-02 6.698E-04 6.980E-03 1.553E-06 7.648E-04 3.665E-02 1.182E-01 1.861E-01 3.581E-01 8.628E-01 2.160E-02 9.32E-06
   14   1.4861  3.25E-02 7.125E-04 6.907E-03 1.552E-06 7.927E-04 3.779E-02 1.175E-01 1.912E-01 3.554E-01 8.994E-01 2.231E-02 9.31E-06
   15   1.5187  3.24E-02 7.525E-04 6.836E-03 1.551E-06 8.190E-04 3.883E-02 1.169E-01 1.940E-01 3.514E-01 9.313E-01 2.239E-02 9.30E-06
   16   1.5511  3.24E-02 7.901E-04 6.768E-03 1.550E-06 8.442E-04 3.978E-02 1.163E-01 1.951E-01 3.476E-01 9.595E-01 2.163E-02 9.30E-06
   17   1.5835  3.24E-02 8.259E-04 6.703E-03 1.550E-06 8.683E-04 4.067E-02 1.158E-01 1.963E-01 3.450E-01 9.846E-01 2.077E-02 9.30E-06
   18   1.6159  3.24E-02 8.607E-04 6.640E-03 1.550E-06 8.914E-04 4.151E-02 1.152E-01 2.018E-01 3.435E-01 1.007E+00 2.066E-02 9.30E-06
   19   1.6483  3.25E-02 8.943E-04 6.579E-03 1.552E-06 9.134E-04 4.231E-02 1.147E-01 2.057E-01 3.432E-01 1.027E+00 2.111E-02 9.31E-06
   20   1.6807  3.22E-02 9.263E-04 6.520E-03 1.554E-06 9.345E-04 4.305E-02 1.142E-01 2.071E-01 3.434E-01 1.045E+00 2.116E-02 9.32E-06
   21   1.7129  3.19E-02 9.563E-04 6.462E-03 1.555E-06 9.543E-04 4.374E-02 1.137E-01 2.056E-01 3.420E-01 1.061E+00 2.046E-02 9.33E-06
   22   1.7448  3.18E-02 9.845E-04 6.406E-03 1.557E-06 9.731E-04 4.438E-02 1.132E-01 2.011E-01 3.393E-01 1.076E+00 1.963E-02 9.34E-06
   23   1.7766  3.17E-02 1.012E-03 6.351E-03 1.559E-06 9.908E-04 4.498E-02 1.127E-01 2.017E-01 3.357E-01 1.089E+00 1.921E-02 9.35E-06
   24   1.8083  3.17E-02 1.038E-03 6.298E-03 1.561E-06 1.008E-03 4.555E-02 1.122E-01 2.012E-01 3.316E-01 1.101E+00 1.910E-02 9.37E-06
   25   1.8401  3.18E-02 1.063E-03 6.246E-03 1.564E-06 1.023E-03 4.609E-02 1.118E-01 1.993E-01 3.327E-01 1.112E+00 1.893E-02 9.38E-06
   26   1.8719  3.19E-02 1.086E-03 6.194E-03 1.566E-06 1.039E-03 4.660E-02 1.113E-01 1.964E-01 3.342E-01 1.121E+00 1.871E-02 9.40E-06
   27   1.9038  3.21E-02 1.109E-03 6.144E-03 1.569E-06 1.053E-03 4.708E-02 1.109E-01 1.972E-01 3.348E-01 1.130E+00 1.852E-02 9.41E-06
   28   1.9359  3.19E-02 1.131E-03 6.095E-03 1.571E-06 1.067E-03 4.754E-02 1.104E-01 2.023E-01 3.338E-01 1.138E+00 1.831E-02 9.43E-06
   29   1.9678  3.18E-02 1.151E-03 6.047E-03 1.574E-06 1.079E-03 4.796E-02 1.100E-01 2.069E-01 3.313E-01 1.146E+00 1.796E-02 9.44E-06
   30   1.9996  3.17E-02 1.171E-03 6.001E-03 1.576E-06 1.092E-03 4.836E-02 1.095E-01 2.103E-01 3.277E-01 1.152E+00 1.760E-02 9.45E-06
   31   2.0312  3.16E-02 1.189E-03 5.956E-03 1.578E-06 1.103E-03 4.874E-02 1.091E-01 2.128E-01 3.242E-01 1.158E+00 1.742E-02 9.47E-06
   32   2.0628  3.16E-02 1.207E-03 5.912E-03 1.580E-06 1.114E-03 4.910E-02 1.087E-01 2.143E-01 3.256E-01 1.164E+00 1.742E-02 9.48E-06
   33   2.0944  3.16E-02 1.224E-03 5.869E-03 1.582E-06 1.125E-03 4.944E-02 1.083E-01 2.150E-01 3.282E-01 1.169E+00 1.738E-02 9.49E-06
   34   2.1261  3.17E-02 1.240E-03 5.827E-03 1.584E-06 1.135E-03 4.976E-02 1.080E-01 2.150E-01 3.296E-01 1.173E+00 1.712E-02 9.51E-06
   35   2.1578  3.18E-02 1.255E-03 5.786E-03 1.587E-06 1.144E-03 5.006E-02 1.076E-01 2.147E-01 3.295E-01 1.177E+00 1.672E-02 9.52E-06
   36   2.1895  3.18E-02 1.269E-03 5.746E-03 1.589E-06 1.153E-03 5.035E-02 1.072E-01 2.146E-01 3.281E-01 1.181E+00 1.638E-02 9.53E-06
   37   2.2213  3.16E-02 1.283E-03 5.706E-03 1.591E-06 1.162E-03 5.062E-02 1.068E-01 2.151E-01 3.280E-01 1.184E+00 1.621E-02 9.55E-06
   38   2.2529  3.15E-02 1.296E-03 5.668E-03 1.593E-06 1.171E-03 5.087E-02 1.065E-01 2.166E-01 3.272E-01 1.187E+00 1.613E-02 9.56E-06
   39   2.2844  3.14E-02 1.308E-03 5.630E-03 1.595E-06 1.179E-03 5.111E-02 1.061E-01 2.190E-01 3.261E-01 1.190E+00 1.601E-02 9.57E-06
   40   2.3158  3.14E-02 1.320E-03 5.594E-03 1.596E-06 1.187E-03 5.133E-02 1.058E-01 2.220E-01 3.249E-01 1.193E+00 1.581E-02 9.58E-06
   41   2.3472  3.13E-02 1.330E-03 5.558E-03 1.598E-06 1.194E-03 5.154E-02 1.054E-01 2.249E-01 3.235E-01 1.195E+00 1.559E-02 9.59E-06
   42   2.3785  3.12E-02 1.341E-03 5.523E-03 1.599E-06 1.201E-03 5.173E-02 1.051E-01 2.271E-01 3.218E-01 1.197E+00 1.539E-02 9.59E-06
   43   2.4097  3.13E-02 1.350E-03 5.489E-03 1.599E-06 1.208E-03 5.192E-02 1.048E-01 2.279E-01 3.197E-01 1.198E+00 1.519E-02 9.60E-06
   44   2.4410  3.14E-02 1.359E-03 5.455E-03 1.600E-06 1.215E-03 5.209E-02 1.045E-01 2.270E-01 3.172E-01 1.200E+00 1.502E-02 9.60E-06
   45   2.4724  3.14E-02 1.368E-03 5.422E-03 1.600E-06 1.221E-03 5.226E-02 1.041E-01 2.277E-01 3.151E-01 1.201E+00 1.491E-02 9.60E-06
   46   2.5038  3.14E-02 1.376E-03 5.390E-03 1.601E-06 1.228E-03 5.241E-02 1.038E-01 2.288E-01 3.145E-01 1.202E+00 1.482E-02 9.61E-06
   47   2.5352  3.14E-02 1.384E-03 5.358E-03 1.602E-06 1.234E-03 5.255E-02 1.035E-01 2.298E-01 3.132E-01 1.203E+00 1.469E-02 9.61E-06
   48   2.5666  3.14E-02 1.391E-03 5.327E-03 1.603E-06 1.240E-03 5.269E-02 1.032E-01 2.303E-01 3.112E-01 1.204E+00 1.448E-02 9.62E-06
   49   2.5979  3.13E-02 1.397E-03 5.297E-03 1.604E-06 1.245E-03 5.281E-02 1.029E-01 2.301E-01 3.084E-01 1.204E+00 1.425E-02 9.63E-06
   50   2.6292  3.13E-02 1.404E-03 5.267E-03 1.605E-06 1.251E-03 5.293E-02 1.026E-01 2.286E-01 3.068E-01 1.205E+00 1.408E-02 9.63E-06
   51   2.6605  3.12E-02 1.409E-03 5.238E-03 1.606E-06 1.256E-03 5.303E-02 1.023E-01 2.259E-01 3.106E-01 1.205E+00 1.397E-02 9.63E-06
   52   2.6917  3.11E-02 1.415E-03 5.209E-03 1.606E-06 1.262E-03 5.313E-02 1.021E-01 2.234E-01 3.144E-01 1.205E+00 1.389E-02 9.64E-06
   53   2.7227  3.10E-02 1.420E-03 5.181E-03 1.606E-06 1.267E-03 5.323E-02 1.018E-01 2.274E-01 3.179E-01 1.205E+00 1.377E-02 9.64E-06
   54   2.7537  3.10E-02 1.424E-03 5.153E-03 1.606E-06 1.272E-03 5.331E-02 1.015E-01 2.303E-01 3.209E-01 1.205E+00 1.360E-02 9.64E-06
   55   2.7847  3.08E-02 1.428E-03 5.126E-03 1.606E-06 1.276E-03 5.338E-02 1.013E-01 2.324E-01 3.232E-01 1.205E+00 1.343E-02 9.64E-06
   56   2.8155  3.08E-02 1.432E-03 5.100E-03 1.606E-06 1.281E-03 5.345E-02 1.010E-01 2.342E-01 3.248E-01 1.204E+00 1.329E-02 9.64E-06
   57   2.8463  3.07E-02 1.435E-03 5.074E-03 1.606E-06 1.285E-03 5.352E-02 1.007E-01 2.359E-01 3.255E-01 1.204E+00 1.317E-02 9.64E-06
   58   2.8770  3.06E-02 1.438E-03 5.048E-03 1.607E-06 1.290E-03 5.357E-02 1.005E-01 2.390E-01 3.258E-01 1.203E+00 1.307E-02 9.64E-06
   59   2.9076  3.06E-02 1.441E-03 5.023E-03 1.608E-06 1.294E-03 5.362E-02 1.002E-01 2.428E-01 3.259E-01 1.202E+00 1.297E-02 9.65E-06
   60   2.9382  3.06E-02 1.444E-03 4.998E-03 1.609E-06 1.298E-03 5.367E-02 9.998E-02 2.458E-01 3.260E-01 1.202E+00 1.287E-02 9.65E-06
   61   2.9689  3.06E-02 1.446E-03 4.974E-03 1.610E-06 1.302E-03 5.371E-02 9.974E-02 2.481E-01 3.265E-01 1.201E+00 1.275E-02 9.66E-06
   62   2.9995  3.07E-02 1.447E-03 4.950E-03 1.610E-06 1.306E-03 5.374E-02 9.950E-02 2.498E-01 3.299E-01 1.200E+00 1.261E-02 9.66E-06
   63   3.0302  3.07E-02 1.449E-03 4.926E-03 1.610E-06 1.309E-03 5.377E-02 9.926E-02 2.508E-01 3.326E-01 1.199E+00 1.247E-02 9.66E-06
   64   3.0609  3.08E-02 1.450E-03 4.903E-03 1.610E-06 1.313E-03 5.379E-02 9.903E-02 2.514E-01 3.348E-01 1.198E+00 1.236E-02 9.66E-06
   65   3.0918  3.09E-02 1.451E-03 4.880E-03 1.610E-06 1.317E-03 5.381E-02 9.880E-02 2.515E-01 3.363E-01 1.197E+00 1.228E-02 9.66E-06
   66   3.1227  3.11E-02 1.452E-03 4.858E-03 1.610E-06 1.320E-03 5.383E-02 9.857E-02 2.513E-01 3.372E-01 1.195E+00 1.220E-02 9.66E-06
   67   3.1538  3.10E-02 1.453E-03 4.835E-03 1.611E-06 1.324E-03 5.384E-02 9.834E-02 2.508E-01 3.377E-01 1.194E+00 1.209E-02 9.66E-06
   68   3.1848  3.09E-02 1.453E-03 4.813E-03 1.611E-06 1.327E-03 5.384E-02 9.811E-02 2.501E-01 3.378E-01 1.193E+00 1.197E-02 9.66E-06
   69   3.2157  3.08E-02 1.453E-03 4.791E-03 1.611E-06 1.330E-03 5.384E-02 9.789E-02 2.490E-01 3.376E-01 1.191E+00 1.184E-02 9.66E-06
   70   3.2465  3.07E-02 1.453E-03 4.770E-03 1.611E-06 1.333E-03 5.384E-02 9.767E-02 2.477E-01 3.372E-01 1.190E+00 1.173E-02 9.66E-06
   71   3.2772  3.06E-02 1.453E-03 4.749E-03 1.611E-06 1.336E-03 5.383E-02 9.746E-02 2.459E-01 3.367E-01 1.188E+00 1.164E-02 9.66E-06
   72   3.3078  3.05E-02 1.452E-03 4.729E-03 1.611E-06 1.339E-03 5.382E-02 9.725E-02 2.437E-01 3.362E-01 1.186E+00 1.157E-02 9.66E-06
   73   3.3384  3.04E-02 1.451E-03 4.708E-03 1.611E-06 1.342E-03 5.381E-02 9.704E-02 2.411E-01 3.361E-01 1.185E+00 1.148E-02 9.67E-06
   74   3.3688  3.03E-02 1.450E-03 4.688E-03 1.611E-06 1.345E-03 5.379E-02 9.683E-02 2.384E-01 3.383E-01 1.183E+00 1.139E-02 9.67E-06
   75   3.3991  3.03E-02 1.449E-03 4.669E-03 1.611E-06 1.347E-03 5.377E-02 9.663E-02 2.385E-01 3.404E-01 1.181E+00 1.130E-02 9.67E-06
   76   3.4294  3.03E-02 1.448E-03 4.650E-03 1.612E-06 1.350E-03 5.374E-02 9.643E-02 2.394E-01 3.420E-01 1.179E+00 1.120E-02 9.67E-06
   77   3.4597  3.02E-02 1.446E-03 4.631E-03 1.612E-06 1.352E-03 5.371E-02 9.624E-02 2.401E-01 3.432E-01 1.177E+00 1.110E-02 9.67E-06
   78   3.4899  3.02E-02 1.445E-03 4.612E-03 1.612E-06 1.355E-03 5.368E-02 9.604E-02 2.408E-01 3.440E-01 1.175E+00 1.103E-02 9.67E-06
   79   3.5201  3.02E-02 1.443E-03 4.593E-03 1.612E-06 1.357E-03 5.365E-02 9.585E-02 2.415E-01 3.445E-01 1.173E+00 1.096E-02 9.67E-06
   80   3.5503  3.02E-02 1.441E-03 4.575E-03 1.612E-06 1.359E-03 5.361E-02 9.566E-02 2.420E-01 3.469E-01 1.171E+00 1.089E-02 9.67E-06
   81   3.5805  3.02E-02 1.439E-03 4.557E-03 1.612E-06 1.362E-03 5.358E-02 9.547E-02 2.421E-01 3.492E-01 1.169E+00 1.080E-02 9.67E-06
   82   3.6107  3.02E-02 1.437E-03 4.540E-03 1.612E-06 1.364E-03 5.353E-02 9.528E-02 2.416E-01 3.512E-01 1.167E+00 1.071E-02 9.67E-06
   83   3.6409  3.03E-02 1.434E-03 4.522E-03 1.611E-06 1.366E-03 5.349E-02 9.510E-02 2.407E-01 3.532E-01 1.165E+00 1.062E-02 9.67E-06
   84   3.6711  3.04E-02 1.432E-03 4.505E-03 1.611E-06 1.368E-03 5.344E-02 9.492E-02 2.441E-01 3.549E-01 1.163E+00 1.054E-02 9.67E-06
   85   3.7015  3.05E-02 1.429E-03 4.487E-03 1.611E-06 1.369E-03 5.339E-02 9.474E-02 2.470E-01 3.563E-01 1.161E+00 1.047E-02 9.67E-06
   86   3.7320  3.06E-02 1.426E-03 4.470E-03 1.611E-06 1.371E-03 5.334E-02 9.456E-02 2.491E-01 3.587E-01 1.158E+00 1.040E-02 9.67E-06
   87   3.7626  3.07E-02 1.423E-03 4.453E-03 1.611E-06 1.373E-03 5.329E-02 9.438E-02 2.504E-01 3.612E-01 1.156E+00 1.033E-02 9.67E-06
   88   3.7933  3.07E-02 1.420E-03 4.437E-03 1.611E-06 1.375E-03 5.323E-02 9.420E-02 2.510E-01 3.634E-01 1.154E+00 1.026E-02 9.67E-06
   89   3.8239  3.07E-02 1.417E-03 4.420E-03 1.610E-06 1.376E-03 5.317E-02 9.402E-02 2.508E-01 3.653E-01 1.151E+00 1.017E-02 9.66E-06
   90   3.8546  3.07E-02 1.414E-03 4.404E-03 1.610E-06 1.378E-03 5.311E-02 9.385E-02 2.501E-01 3.670E-01 1.149E+00 1.009E-02 9.66E-06
   91   3.8853  3.08E-02 1.411E-03 4.387E-03 1.610E-06 1.379E-03 5.305E-02 9.367E-02 2.489E-01 3.687E-01 1.147E+00 1.002E-02 9.66E-06
   92   3.9161  3.09E-02 1.407E-03 4.371E-03 1.610E-06 1.380E-03 5.298E-02 9.350E-02 2.476E-01 3.702E-01 1.144E+00 9.953E-03 9.66E-06
   93   3.9469  3.10E-02 1.404E-03 4.355E-03 1.612E-06 1.381E-03 5.291E-02 9.333E-02 2.460E-01 3.716E-01 1.142E+00 9.890E-03 9.67E-06
   94   3.9779  3.11E-02 1.400E-03 4.340E-03 1.613E-06 1.383E-03 5.284E-02 9.316E-02 2.444E-01 3.730E-01 1.139E+00 9.825E-03 9.68E-06
   95   4.0090  3.11E-02 1.396E-03 4.324E-03 1.614E-06 1.384E-03 5.277E-02 9.299E-02 2.426E-01 3.742E-01 1.136E+00 9.754E-03 9.68E-06
   96   4.0402  3.12E-02 1.392E-03 4.308E-03 1.615E-06 1.385E-03 5.270E-02 9.283E-02 2.406E-01 3.751E-01 1.134E+00 9.679E-03 9.69E-06
   97   4.0713  3.12E-02 1.388E-03 4.293E-03 1.615E-06 1.386E-03 5.262E-02 9.266E-02 2.383E-01 3.757E-01 1.131E+00 9.605E-03 9.69E-06
   98   4.1026  3.13E-02 1.384E-03 4.278E-03 1.615E-06 1.386E-03 5.255E-02 9.249E-02 2.357E-01 3.758E-01 1.129E+00 9.537E-03 9.69E-06
   99   4.1338  3.13E-02 1.380E-03 4.262E-03 1.614E-06 1.387E-03 5.247E-02 9.233E-02 2.326E-01 3.752E-01 1.126E+00 9.474E-03 9.69E-06
  100   4.1651  3.13E-02 1.376E-03 4.248E-03 1.614E-06 1.388E-03 5.239E-02 9.217E-02 2.291E-01 3.741E-01 1.123E+00 9.412E-03 9.69E-06
  101   4.1965  3.13E-02 1.372E-03 4.233E-03 1.615E-06 1.389E-03 5.231E-02 9.201E-02 2.263E-01 3.724E-01 1.120E+00 9.347E-03 9.69E-06
  102   4.2278  3.13E-02 1.367E-03 4.218E-03 1.615E-06 1.389E-03 5.222E-02 9.185E-02 2.246E-01 3.703E-01 1.118E+00 9.280E-03 9.69E-06
  103   4.2592  3.13E-02 1.363E-03 4.203E-03 1.616E-06 1.390E-03 5.214E-02 9.169E-02 2.228E-01 3.680E-01 1.115E+00 9.214E-03 9.70E-06
  104   4.2905  3.13E-02 1.358E-03 4.189E-03 1.617E-06 1.390E-03 5.205E-02 9.153E-02 2.207E-01 3.656E-01 1.112E+00 9.151E-03 9.70E-06
  105   4.3218  3.13E-02 1.354E-03 4.175E-03 1.618E-06 1.391E-03 5.197E-02 9.138E-02 2.186E-01 3.676E-01 1.109E+00 9.091E-03 9.71E-06
  106   4.3531  3.13E-02 1.349E-03 4.161E-03 1.618E-06 1.391E-03 5.188E-02 9.122E-02 2.186E-01 3.696E-01 1.106E+00 9.032E-03 9.71E-06
  107   4.3844  3.13E-02 1.345E-03 4.147E-03 1.618E-06 1.392E-03 5.179E-02 9.107E-02 2.196E-01 3.716E-01 1.104E+00 8.974E-03 9.71E-06
  108   4.4157  3.13E-02 1.340E-03 4.133E-03 1.617E-06 1.392E-03 5.170E-02 9.092E-02 2.201E-01 3.736E-01 1.101E+00 8.913E-03 9.70E-06
  109   4.4470  3.14E-02 1.335E-03 4.119E-03 1.617E-06 1.393E-03 5.161E-02 9.077E-02 2.201E-01 3.758E-01 1.098E+00 8.852E-03 9.70E-06
  110   4.4784  3.14E-02 1.330E-03 4.106E-03 1.616E-06 1.393E-03 5.151E-02 9.062E-02 2.205E-01 3.783E-01 1.095E+00 8.792E-03 9.70E-06
  111   4.5097  3.13E-02 1.325E-03 4.092E-03 1.616E-06 1.393E-03 5.142E-02 9.047E-02 2.223E-01 3.810E-01 1.092E+00 8.734E-03 9.70E-06
  112   4.5411  3.13E-02 1.321E-03 4.079E-03 1.617E-06 1.393E-03 5.133E-02 9.032E-02 2.236E-01 3.841E-01 1.089E+00 8.681E-03 9.70E-06
  113   4.5724  3.13E-02 1.316E-03 4.066E-03 1.617E-06 1.393E-03 5.123E-02 9.017E-02 2.243E-01 3.872E-01 1.086E+00 8.630E-03 9.70E-06
  114   4.6037  3.13E-02 1.311E-03 4.053E-03 1.618E-06 1.394E-03 5.113E-02 9.003E-02 2.241E-01 3.901E-01 1.083E+00 8.578E-03 9.71E-06
  115   4.6350  3.14E-02 1.306E-03 4.040E-03 1.618E-06 1.394E-03 5.104E-02 8.988E-02 2.239E-01 3.925E-01 1.080E+00 8.523E-03 9.71E-06
  116   4.6663  3.14E-02 1.301E-03 4.027E-03 1.619E-06 1.394E-03 5.094E-02 8.974E-02 2.239E-01 3.944E-01 1.077E+00 8.466E-03 9.71E-06
  117   4.6978  3.15E-02 1.296E-03 4.014E-03 1.619E-06 1.394E-03 5.084E-02 8.960E-02 2.241E-01 3.955E-01 1.074E+00 8.410E-03 9.71E-06
  118   4.7293  3.16E-02 1.290E-03 4.001E-03 1.619E-06 1.394E-03 5.074E-02 8.946E-02 2.245E-01 3.960E-01 1.071E+00 8.357E-03 9.71E-06
  119   4.7609  3.17E-02 1.285E-03 3.989E-03 1.619E-06 1.394E-03 5.064E-02 8.932E-02 2.247E-01 3.960E-01 1.068E+00 8.307E-03 9.72E-06
  120   4.7926  3.18E-02 1.280E-03 3.976E-03 1.619E-06 1.394E-03 5.053E-02 8.917E-02 2.248E-01 3.955E-01 1.065E+00 8.257E-03 9.72E-06
  121   4.8245  3.19E-02 1.275E-03 3.964E-03 1.620E-06 1.394E-03 5.043E-02 8.903E-02 2.264E-01 3.948E-01 1.062E+00 8.206E-03 9.72E-06
  122   4.8564  3.19E-02 1.270E-03 3.951E-03 1.620E-06 1.394E-03 5.033E-02 8.889E-02 2.297E-01 3.939E-01 1.059E+00 8.154E-03 9.72E-06
  123   4.8882  3.18E-02 1.264E-03 3.939E-03 1.620E-06 1.394E-03 5.022E-02 8.876E-02 2.318E-01 3.930E-01 1.056E+00 8.100E-03 9.72E-06
  124   4.9200  3.17E-02 1.259E-03 3.927E-03 1.620E-06 1.394E-03 5.012E-02 8.862E-02 2.328E-01 3.920E-01 1.053E+00 8.049E-03 9.72E-06
  125   4.9517  3.16E-02 1.254E-03 3.915E-03 1.619E-06 1.393E-03 5.001E-02 8.848E-02 2.326E-01 3.922E-01 1.050E+00 8.002E-03 9.71E-06
  126   4.9833  3.16E-02 1.249E-03 3.903E-03 1.619E-06 1.393E-03 4.991E-02 8.835E-02 2.312E-01 3.931E-01 1.047E+00 7.957E-03 9.71E-06
  127   5.0148  3.15E-02 1.243E-03 3.891E-03 1.618E-06 1.393E-03 4.980E-02 8.821E-02 2.288E-01 3.944E-01 1.044E+00 7.912E-03 9.71E-06
  128   5.0464  3.15E-02 1.238E-03 3.879E-03 1.618E-06 1.393E-03 4.970E-02 8.808E-02 2.258E-01 3.955E-01 1.041E+00 7.867E-03 9.71E-06
  129   5.0779  3.16E-02 1.233E-03 3.868E-03 1.618E-06 1.393E-03 4.959E-02 8.795E-02 2.269E-01 3.963E-01 1.038E+00 7.820E-03 9.71E-06
  130   5.1095  3.16E-02 1.227E-03 3.856E-03 1.618E-06 1.393E-03 4.948E-02 8.782E-02 2.285E-01 3.970E-01 1.035E+00 7.772E-03 9.71E-06
  131   5.1411  3.16E-02 1.222E-03 3.845E-03 1.618E-06 1.392E-03 4.937E-02 8.769E-02 2.285E-01 3.977E-01 1.031E+00 7.726E-03 9.71E-06
  132   5.1727  3.17E-02 1.217E-03 3.833E-03 1.618E-06 1.392E-03 4.927E-02 8.756E-02 2.269E-01 3.984E-01 1.028E+00 7.680E-03 9.71E-06
  133   5.2044  3.17E-02 1.211E-03 3.822E-03 1.618E-06 1.392E-03 4.916E-02 8.743E-02 2.241E-01 3.990E-01 1.025E+00 7.636E-03 9.71E-06
  134   5.2361  3.17E-02 1.206E-03 3.811E-03 1.618E-06 1.391E-03 4.905E-02 8.730E-02 2.204E-01 3.996E-01 1.022E+00 7.592E-03 9.71E-06
  135   5.2678  3.17E-02 1.201E-03 3.799E-03 1.618E-06 1.391E-03 4.894E-02 8.717E-02 2.223E-01 4.001E-01 1.019E+00 7.549E-03 9.71E-06
  136   5.2996  3.17E-02 1.195E-03 3.788E-03 1.618E-06 1.390E-03 4.883E-02 8.704E-02 2.289E-01 4.004E-01 1.016E+00 7.507E-03 9.71E-06
  137   5.3313  3.17E-02 1.190E-03 3.777E-03 1.619E-06 1.390E-03 4.872E-02 8.692E-02 2.355E-01 4.002E-01 1.013E+00 7.466E-03 9.71E-06
  138   5.3630  3.17E-02 1.184E-03 3.766E-03 1.619E-06 1.389E-03 4.861E-02 8.679E-02 2.415E-01 3.996E-01 1.010E+00 7.425E-03 9.72E-06
  139   5.3948  3.17E-02 1.179E-03 3.756E-03 1.620E-06 1.389E-03 4.850E-02 8.667E-02 2.464E-01 3.983E-01 1.006E+00 7.384E-03 9.72E-06
  140   5.4265  3.17E-02 1.174E-03 3.745E-03 1.620E-06 1.388E-03 4.839E-02 8.654E-02 2.496E-01 3.964E-01 1.003E+00 7.343E-03 9.72E-06
  141   5.4582  3.18E-02 1.168E-03 3.734E-03 1.621E-06 1.388E-03 4.828E-02 8.642E-02 2.509E-01 3.939E-01 1.000E+00 7.302E-03 9.72E-06
  142   5.4900  3.19E-02 1.163E-03 3.723E-03 1.621E-06 1.387E-03 4.817E-02 8.630E-02 2.500E-01 3.911E-01 9.971E-01 7.261E-03 9.73E-06
  143   5.5219  3.20E-02 1.158E-03 3.713E-03 1.621E-06 1.386E-03 4.806E-02 8.617E-02 2.470E-01 3.880E-01 9.939E-01 7.221E-03 9.73E-06
  144   5.5538  3.20E-02 1.152E-03 3.702E-03 1.621E-06 1.386E-03 4.795E-02 8.605E-02 2.465E-01 3.850E-01 9.908E-01 7.183E-03 9.73E-06
  145   5.5859  3.22E-02 1.147E-03 3.692E-03 1.621E-06 1.385E-03 4.784E-02 8.593E-02 2.528E-01 3.860E-01 9.876E-01 7.145E-03 9.73E-06
  146   5.6180  3.23E-02 1.141E-03 3.681E-03 1.622E-06 1.385E-03 4.772E-02 8.581E-02 2.575E-01 3.870E-01 9.844E-01 7.107E-03 9.73E-06
  147   5.6503  3.22E-02 1.136E-03 3.671E-03 1.622E-06 1.384E-03 4.761E-02 8.568E-02 2.602E-01 3.881E-01 9.812E-01 7.069E-03 9.73E-06
  148   5.6825  3.21E-02 1.131E-03 3.661E-03 1.622E-06 1.383E-03 4.750E-02 8.556E-02 2.611E-01 3.890E-01 9.781E-01 7.029E-03 9.73E-06
  149   5.7146  3.19E-02 1.125E-03 3.650E-03 1.622E-06 1.383E-03 4.739E-02 8.544E-02 2.601E-01 3.898E-01 9.749E-01 6.989E-03 9.73E-06
  150   5.7465  3.19E-02 1.120E-03 3.640E-03 1.623E-06 1.382E-03 4.727E-02 8.532E-02 2.576E-01 3.910E-01 9.718E-01 6.950E-03 9.74E-06
  151   5.7784  3.18E-02 1.115E-03 3.630E-03 1.623E-06 1.381E-03 4.716E-02 8.521E-02 2.538E-01 3.930E-01 9.686E-01 6.913E-03 9.74E-06
  152   5.8102  3.18E-02 1.109E-03 3.620E-03 1.623E-06 1.381E-03 4.705E-02 8.509E-02 2.489E-01 3.946E-01 9.655E-01 6.879E-03 9.74E-06
  153   5.8420  3.18E-02 1.104E-03 3.610E-03 1.623E-06 1.380E-03 4.694E-02 8.497E-02 2.433E-01 3.959E-01 9.624E-01 6.845E-03 9.74E-06
  154   5.8739  3.19E-02 1.099E-03 3.600E-03 1.622E-06 1.380E-03 4.683E-02 8.486E-02 2.374E-01 3.967E-01 9.592E-01 6.809E-03 9.73E-06
  155   5.9057  3.20E-02 1.094E-03 3.591E-03 1.622E-06 1.379E-03 4.672E-02 8.474E-02 2.312E-01 3.969E-01 9.561E-01 6.772E-03 9.73E-06
  156   5.9377  3.21E-02 1.089E-03 3.581E-03 1.622E-06 1.379E-03 4.660E-02 8.463E-02 2.252E-01 3.964E-01 9.530E-01 6.735E-03 9.73E-06
  157   5.9698  3.21E-02 1.083E-03 3.571E-03 1.622E-06 1.378E-03 4.649E-02 8.451E-02 2.194E-01 3.954E-01 9.498E-01 6.700E-03 9.73E-06
  158   6.0019  3.20E-02 1.078E-03 3.561E-03 1.622E-06 1.378E-03 4.638E-02 8.440E-02 2.192E-01 3.941E-01 9.467E-01 6.667E-03 9.73E-06
  159   6.0339  3.20E-02 1.073E-03 3.552E-03 1.622E-06 1.377E-03 4.627E-02 8.428E-02 2.190E-01 3.926E-01 9.435E-01 6.635E-03 9.73E-06
  160   6.0659  3.20E-02 1.068E-03 3.542E-03 1.622E-06 1.376E-03 4.616E-02 8.417E-02 2.206E-01 3.912E-01 9.404E-01 6.603E-03 9.73E-06
  161   6.0979  3.21E-02 1.063E-03 3.533E-03 1.622E-06 1.376E-03 4.605E-02 8.406E-02 2.215E-01 3.899E-01 9.373E-01 6.570E-03 9.73E-06
  162   6.1300  3.21E-02 1.057E-03 3.523E-03 1.622E-06 1.375E-03 4.593E-02 8.394E-02 2.218E-01 3.889E-01 9.342E-01 6.536E-03 9.73E-06
  163   6.1621  3.21E-02 1.052E-03 3.514E-03 1.622E-06 1.375E-03 4.582E-02 8.383E-02 2.216E-01 3.885E-01 9.311E-01 6.503E-03 9.73E-06
  164   6.1942  3.21E-02 1.047E-03 3.505E-03 1.622E-06 1.374E-03 4.571E-02 8.372E-02 2.209E-01 3.890E-01 9.280E-01 6.471E-03 9.73E-06
  165   6.2263  3.22E-02 1.042E-03 3.495E-03 1.622E-06 1.374E-03 4.560E-02 8.361E-02 2.198E-01 3.895E-01 9.248E-01 6.440E-03 9.73E-06
  166   6.2585  3.23E-02 1.037E-03 3.486E-03 1.621E-06 1.373E-03 4.549E-02 8.350E-02 2.184E-01 3.899E-01 9.217E-01 6.409E-03 9.73E-06
  167   6.2907  3.24E-02 1.032E-03 3.477E-03 1.621E-06 1.373E-03 4.538E-02 8.339E-02 2.168E-01 3.902E-01 9.186E-01 6.377E-03 9.72E-06
  168   6.3231  3.25E-02 1.027E-03 3.468E-03 1.620E-06 1.372E-03 4.527E-02 8.328E-02 2.154E-01 3.904E-01 9.155E-01 6.345E-03 9.72E-06
  169   6.3556  3.25E-02 1.022E-03 3.458E-03 1.620E-06 1.372E-03 4.515E-02 8.317E-02 2.163E-01 3.904E-01 9.124E-01 6.312E-03 9.72E-06
  170   6.3880  3.25E-02 1.017E-03 3.449E-03 1.620E-06 1.371E-03 4.504E-02 8.306E-02 2.167E-01 3.901E-01 9.093E-01 6.280E-03 9.72E-06
  171   6.4205  3.25E-02 1.012E-03 3.440E-03 1.620E-06 1.371E-03 4.493E-02 8.295E-02 2.213E-01 3.893E-01 9.061E-01 6.249E-03 9.72E-06
  172   6.4530  3.25E-02 1.007E-03 3.431E-03 1.620E-06 1.370E-03 4.482E-02 8.284E-02 2.245E-01 3.880E-01 9.030E-01 6.220E-03 9.72E-06
  173   6.4856  3.26E-02 1.002E-03 3.422E-03 1.620E-06 1.370E-03 4.471E-02 8.273E-02 2.267E-01 3.863E-01 8.999E-01 6.190E-03 9.72E-06
  174   6.5182  3.27E-02 9.968E-04 3.413E-03 1.621E-06 1.369E-03 4.460E-02 8.262E-02 2.278E-01 3.842E-01 8.968E-01 6.161E-03 9.72E-06
  175   6.5508  3.27E-02 9.918E-04 3.404E-03 1.621E-06 1.369E-03 4.449E-02 8.251E-02 2.281E-01 3.819E-01 8.937E-01 6.131E-03 9.72E-06
  176   6.5835  3.28E-02 9.869E-04 3.395E-03 1.621E-06 1.368E-03 4.438E-02 8.241E-02 2.277E-01 3.794E-01 8.906E-01 6.101E-03 9.73E-06
  177   6.6164  3.28E-02 9.819E-04 3.387E-03 1.622E-06 1.368E-03 4.427E-02 8.230E-02 2.265E-01 3.770E-01 8.875E-01 6.070E-03 9.73E-06
  178   6.6492  3.26E-02 9.770E-04 3.378E-03 1.622E-06 1.367E-03 4.416E-02 8.219E-02 2.245E-01 3.748E-01 8.844E-01 6.040E-03 9.73E-06
  179   6.6818  3.25E-02 9.722E-04 3.369E-03 1.622E-06 1.366E-03 4.405E-02 8.209E-02 2.216E-01 3.728E-01 8.814E-01 6.012E-03 9.73E-06
  180   6.7143  3.24E-02 9.674E-04 3.360E-03 1.621E-06 1.366E-03 4.394E-02 8.198E-02 2.178E-01 3.709E-01 8.783E-01 5.983E-03 9.73E-06
  181   6.7467  3.23E-02 9.626E-04 3.352E-03 1.621E-06 1.365E-03 4.383E-02 8.188E-02 2.129E-01 3.690E-01 8.753E-01 5.955E-03 9.73E-06
  182   6.7790  3.22E-02 9.578E-04 3.343E-03 1.621E-06 1.365E-03 4.372E-02 8.177E-02 2.083E-01 3.681E-01 8.722E-01 5.927E-03 9.72E-06
  183   6.8112  3.23E-02 9.531E-04 3.335E-03 1.620E-06 1.364E-03 4.361E-02 8.167E-02 2.087E-01 3.685E-01 8.692E-01 5.901E-03 9.72E-06
  184   6.8435  3.23E-02 9.485E-04 3.327E-03 1.620E-06 1.364E-03 4.351E-02 8.157E-02 2.090E-01 3.691E-01 8.662E-01 5.875E-03 9.72E-06
  185   6.8758  3.24E-02 9.438E-04 3.318E-03 1.621E-06 1.363E-03 4.340E-02 8.146E-02 2.093E-01 3.698E-01 8.632E-01 5.850E-03 9.72E-06
  186   6.9081  3.25E-02 9.392E-04 3.310E-03 1.621E-06 1.363E-03 4.329E-02 8.136E-02 2.095E-01 3.708E-01 8.602E-01 5.825E-03 9.72E-06
  187   6.9407  3.27E-02 9.345E-04 3.302E-03 1.621E-06 1.362E-03 4.319E-02 8.126E-02 2.095E-01 3.719E-01 8.572E-01 5.798E-03 9.72E-06
  188   6.9734  3.29E-02 9.299E-04 3.293E-03 1.621E-06 1.361E-03 4.308E-02 8.116E-02 2.092E-01 3.732E-01 8.542E-01 5.770E-03 9.73E-06
  189   7.0063  3.30E-02 9.252E-04 3.285E-03 1.621E-06 1.361E-03 4.297E-02 8.105E-02 2.087E-01 3.748E-01 8.512E-01 5.742E-03 9.73E-06
  190   7.0393  3.29E-02 9.206E-04 3.277E-03 1.621E-06 1.360E-03 4.286E-02 8.095E-02 2.093E-01 3.765E-01 8.482E-01 5.714E-03 9.73E-06
  191   7.0723  3.29E-02 9.160E-04 3.268E-03 1.621E-06 1.360E-03 4.276E-02 8.085E-02 2.097E-01 3.784E-01 8.451E-01 5.687E-03 9.73E-06
  192   7.1052  3.29E-02 9.114E-04 3.260E-03 1.621E-06 1.359E-03 4.265E-02 8.075E-02 2.098E-01 3.802E-01 8.421E-01 5.662E-03 9.72E-06
  193   7.1381  3.29E-02 9.069E-04 3.252E-03 1.620E-06 1.358E-03 4.254E-02 8.065E-02 2.096E-01 3.820E-01 8.392E-01 5.637E-03 9.72E-06
  194   7.1710  3.30E-02 9.023E-04 3.244E-03 1.620E-06 1.358E-03 4.244E-02 8.055E-02 2.089E-01 3.836E-01 8.362E-01 5.613E-03 9.72E-06
  195   7.2040  3.29E-02 8.978E-04 3.236E-03 1.620E-06 1.357E-03 4.233E-02 8.045E-02 2.077E-01 3.848E-01 8.332E-01 5.588E-03 9.72E-06
  196   7.2368  3.27E-02 8.934E-04 3.228E-03 1.621E-06 1.357E-03 4.223E-02 8.035E-02 2.058E-01 3.856E-01 8.302E-01 5.564E-03 9.72E-06
  197   7.2696  3.27E-02 8.890E-04 3.220E-03 1.621E-06 1.356E-03 4.212E-02 8.025E-02 2.031E-01 3.859E-01 8.273E-01 5.539E-03 9.73E-06
  198   7.3023  3.26E-02 8.846E-04 3.212E-03 1.622E-06 1.355E-03 4.202E-02 8.015E-02 1.994E-01 3.857E-01 8.244E-01 5.513E-03 9.73E-06
  199   7.3349  3.26E-02 8.802E-04 3.204E-03 1.622E-06 1.355E-03 4.191E-02 8.005E-02 1.948E-01 3.851E-01 8.214E-01 5.489E-03 9.73E-06
  200   7.3675  3.27E-02 8.759E-04 3.196E-03 1.622E-06 1.354E-03 4.181E-02 7.995E-02 1.946E-01 3.841E-01 8.185E-01 5.465E-03 9.73E-06
  201   7.4002  3.28E-02 8.716E-04 3.189E-03 1.622E-06 1.353E-03 4.171E-02 7.986E-02 1.971E-01 3.829E-01 8.156E-01 5.442E-03 9.73E-06
  202   7.4330  3.29E-02 8.673E-04 3.181E-03 1.621E-06 1.353E-03 4.161E-02 7.976E-02 1.997E-01 3.815E-01 8.127E-01 5.419E-03 9.73E-06
  203   7.4659  3.30E-02 8.630E-04 3.173E-03 1.621E-06 1.352E-03 4.150E-02 7.966E-02 2.021E-01 3.800E-01 8.098E-01 5.397E-03 9.72E-06
  204   7.4989  3.30E-02 8.587E-04 3.165E-03 1.620E-06 1.352E-03 4.140E-02 7.957E-02 2.042E-01 3.785E-01 8.069E-01 5.374E-03 9.72E-06
  205   7.5319  3.30E-02 8.545E-04 3.158E-03 1.620E-06 1.351E-03 4.130E-02 7.947E-02 2.058E-01 3.769E-01 8.040E-01 5.350E-03 9.72E-06
  206   7.5649  3.30E-02 8.503E-04 3.150E-03 1.620E-06 1.350E-03 4.120E-02 7.937E-02 2.068E-01 3.754E-01 8.011E-01 5.326E-03 9.72E-06
  207   7.5979  3.31E-02 8.461E-04 3.142E-03 1.620E-06 1.350E-03 4.109E-02 7.928E-02 2.074E-01 3.739E-01 7.982E-01 5.302E-03 9.72E-06
  208   7.6310  3.31E-02 8.419E-04 3.135E-03 1.620E-06 1.349E-03 4.099E-02 7.918E-02 2.075E-01 3.724E-01 7.953E-01 5.278E-03 9.72E-06
  209   7.6641  3.32E-02 8.377E-04 3.127E-03 1.621E-06 1.348E-03 4.089E-02 7.909E-02 2.074E-01 3.709E-01 7.925E-01 5.255E-03 9.72E-06
  210   7.6973  3.33E-02 8.336E-04 3.120E-03 1.622E-06 1.348E-03 4.079E-02 7.899E-02 2.072E-01 3.696E-01 7.896E-01 5.234E-03 9.73E-06
  211   7.7306  3.33E-02 8.295E-04 3.112E-03 1.623E-06 1.347E-03 4.069E-02 7.890E-02 2.071E-01 3.683E-01 7.867E-01 5.214E-03 9.74E-06
  212   7.7640  3.33E-02 8.254E-04 3.105E-03 1.624E-06 1.347E-03 4.059E-02 7.880E-02 2.070E-01 3.670E-01 7.839E-01 5.193E-03 9.75E-06
  213   7.7972  3.32E-02 8.213E-04 3.097E-03 1.625E-06 1.346E-03 4.049E-02 7.871E-02 2.068E-01 3.658E-01 7.810E-01 5.171E-03 9.75E-06
  214   7.8304  3.31E-02 8.173E-04 3.090E-03 1.626E-06 1.345E-03 4.039E-02 7.861E-02 2.064E-01 3.645E-01 7.782E-01 5.149E-03 9.75E-06
  215   7.8635  3.30E-02 8.133E-04 3.083E-03 1.626E-06 1.345E-03 4.029E-02 7.852E-02 2.056E-01 3.633E-01 7.754E-01 5.126E-03 9.75E-06
  216   7.8965  3.30E-02 8.093E-04 3.075E-03 1.626E-06 1.344E-03 4.019E-02 7.843E-02 2.044E-01 3.620E-01 7.726E-01 5.104E-03 9.75E-06
  217   7.9295  3.30E-02 8.054E-04 3.068E-03 1.626E-06 1.344E-03 4.009E-02 7.833E-02 2.026E-01 3.608E-01 7.698E-01 5.082E-03 9.76E-06
  218   7.9625  3.30E-02 8.014E-04 3.061E-03 1.626E-06 1.343E-03 4.000E-02 7.824E-02 2.004E-01 3.595E-01 7.670E-01 5.061E-03 9.76E-06
  219   7.9955  3.30E-02 7.976E-04 3.054E-03 1.626E-06 1.343E-03 3.990E-02 7.815E-02 1.978E-01 3.582E-01 7.642E-01 5.041E-03 9.75E-06
  220   8.0285  3.31E-02 7.937E-04 3.047E-03 1.625E-06 1.343E-03 3.980E-02 7.806E-02 1.949E-01 3.569E-01 7.615E-01 5.020E-03 9.75E-06
  221   8.0615  3.31E-02 7.899E-04 3.040E-03 1.625E-06 1.342E-03 3.971E-02 7.797E-02 1.930E-01 3.555E-01 7.587E-01 5.000E-03 9.75E-06
  222   8.0946  3.31E-02 7.860E-04 3.032E-03 1.624E-06 1.342E-03 3.961E-02 7.788E-02 1.914E-01 3.541E-01 7.560E-01 4.980E-03 9.74E-06
  223   8.1278  3.32E-02 7.822E-04 3.025E-03 1.623E-06 1.342E-03 3.951E-02 7.779E-02 1.893E-01 3.526E-01 7.532E-01 4.961E-03 9.74E-06
  224   8.1609  3.32E-02 7.784E-04 3.018E-03 1.622E-06 1.342E-03 3.942E-02 7.770E-02 1.879E-01 3.509E-01 7.505E-01 4.942E-03 9.73E-06
  225   8.1941  3.32E-02 7.747E-04 3.011E-03 1.622E-06 1.342E-03 3.932E-02 7.761E-02 1.883E-01 3.492E-01 7.478E-01 4.923E-03 9.73E-06
  226   8.2272  3.32E-02 7.710E-04 3.004E-03 1.622E-06 1.341E-03 3.923E-02 7.752E-02 1.882E-01 3.474E-01 7.451E-01 4.904E-03 9.73E-06
  227   8.2604  3.32E-02 7.672E-04 2.998E-03 1.622E-06 1.341E-03 3.913E-02 7.743E-02 1.877E-01 3.456E-01 7.424E-01 4.884E-03 9.73E-06
  228   8.2936  3.32E-02 7.636E-04 2.991E-03 1.622E-06 1.341E-03 3.904E-02 7.734E-02 1.869E-01 3.439E-01 7.397E-01 4.863E-03 9.73E-06
  229   8.3267  3.32E-02 7.599E-04 2.984E-03 1.621E-06 1.341E-03 3.895E-02 7.725E-02 1.859E-01 3.422E-01 7.370E-01 4.842E-03 9.73E-06
  230   8.3599  3.33E-02 7.562E-04 2.977E-03 1.620E-06 1.341E-03 3.885E-02 7.716E-02 1.848E-01 3.406E-01 7.343E-01 4.823E-03 9.72E-06
  231   8.3932  3.33E-02 7.526E-04 2.970E-03 1.619E-06 1.341E-03 3.876E-02 7.707E-02 1.842E-01 3.391E-01 7.317E-01 4.804E-03 9.72E-06
  232   8.4265  3.33E-02 7.490E-04 2.963E-03 1.619E-06 1.341E-03 3.867E-02 7.699E-02 1.846E-01 3.378E-01 7.290E-01 4.787E-03 9.71E-06
  233   8.4598  3.32E-02 7.454E-04 2.957E-03 1.618E-06 1.340E-03 3.857E-02 7.690E-02 1.864E-01 3.366E-01 7.263E-01 4.769E-03 9.71E-06
  234   8.4930  3.32E-02 7.419E-04 2.950E-03 1.617E-06 1.340E-03 3.848E-02 7.681E-02 1.882E-01 3.354E-01 7.237E-01 4.751E-03 9.70E-06
  235   8.5262  3.32E-02 7.383E-04 2.943E-03 1.617E-06 1.340E-03 3.839E-02 7.672E-02 1.900E-01 3.347E-01 7.211E-01 4.732E-03 9.70E-06
  236   8.5594  3.32E-02 7.348E-04 2.937E-03 1.617E-06 1.340E-03 3.830E-02 7.664E-02 1.918E-01 3.379E-01 7.184E-01 4.713E-03 9.70E-06
  237   8.5926  3.32E-02 7.314E-04 2.930E-03 1.618E-06 1.339E-03 3.821E-02 7.655E-02 1.937E-01 3.407E-01 7.158E-01 4.693E-03 9.71E-06
  238   8.6259  3.32E-02 7.279E-04 2.924E-03 1.619E-06 1.339E-03 3.812E-02 7.647E-02 1.957E-01 3.428E-01 7.132E-01 4.675E-03 9.71E-06
  239   8.6591  3.33E-02 7.245E-04 2.917E-03 1.620E-06 1.338E-03 3.803E-02 7.638E-02 1.977E-01 3.444E-01 7.106E-01 4.658E-03 9.72E-06
  240   8.6923  3.33E-02 7.210E-04 2.910E-03 1.621E-06 1.338E-03 3.794E-02 7.629E-02 1.997E-01 3.455E-01 7.081E-01 4.642E-03 9.73E-06
  241   8.7256  3.33E-02 7.177E-04 2.904E-03 1.622E-06 1.338E-03 3.785E-02 7.621E-02 2.015E-01 3.462E-01 7.055E-01 4.625E-03 9.73E-06
  242   8.7589  3.33E-02 7.143E-04 2.898E-03 1.623E-06 1.337E-03 3.776E-02 7.613E-02 2.030E-01 3.468E-01 7.029E-01 4.609E-03 9.74E-06
  243   8.7922  3.32E-02 7.109E-04 2.891E-03 1.623E-06 1.337E-03 3.767E-02 7.604E-02 2.041E-01 3.473E-01 7.004E-01 4.592E-03 9.74E-06
  244   8.8254  3.32E-02 7.076E-04 2.885E-03 1.624E-06 1.337E-03 3.758E-02 7.596E-02 2.047E-01 3.479E-01 6.979E-01 4.574E-03 9.74E-06
  245   8.8586  3.32E-02 7.043E-04 2.878E-03 1.624E-06 1.336E-03 3.750E-02 7.587E-02 2.046E-01 3.486E-01 6.953E-01 4.556E-03 9.75E-06
  246   8.8917  3.32E-02 7.010E-04 2.872E-03 1.625E-06 1.336E-03 3.741E-02 7.579E-02 2.039E-01 3.495E-01 6.928E-01 4.539E-03 9.75E-06
  247   8.9249  3.32E-02 6.978E-04 2.866E-03 1.625E-06 1.336E-03 3.732E-02 7.571E-02 2.027E-01 3.504E-01 6.903E-01 4.522E-03 9.75E-06
  248   8.9581  3.32E-02 6.945E-04 2.860E-03 1.625E-06 1.335E-03 3.724E-02 7.562E-02 2.009E-01 3.514E-01 6.878E-01 4.505E-03 9.75E-06
  249   8.9913  3.33E-02 6.913E-04 2.853E-03 1.625E-06 1.335E-03 3.715E-02 7.554E-02 1.990E-01 3.524E-01 6.853E-01 4.488E-03 9.75E-06
  250   9.0246  3.33E-02 6.881E-04 2.847E-03 1.625E-06 1.335E-03 3.706E-02 7.546E-02 1.970E-01 3.533E-01 6.829E-01 4.471E-03 9.75E-06
  251   9.0580  3.34E-02 6.849E-04 2.841E-03 1.625E-06 1.335E-03 3.698E-02 7.538E-02 1.951E-01 3.543E-01 6.804E-01 4.455E-03 9.75E-06
  252   9.0914  3.35E-02 6.818E-04 2.835E-03 1.624E-06 1.335E-03 3.689E-02 7.530E-02 1.934E-01 3.553E-01 6.779E-01 4.439E-03 9.75E-06
  253   9.1248  3.35E-02 6.786E-04 2.829E-03 1.624E-06 1.335E-03 3.681E-02 7.521E-02 1.919E-01 3.563E-01 6.755E-01 4.423E-03 9.74E-06
  254   9.1583  3.36E-02 6.755E-04 2.822E-03 1.624E-06 1.335E-03 3.672E-02 7.513E-02 1.908E-01 3.573E-01 6.730E-01 4.408E-03 9.74E-06
  255   9.1919  3.36E-02 6.724E-04 2.816E-03 1.624E-06 1.335E-03 3.664E-02 7.505E-02 1.902E-01 3.584E-01 6.706E-01 4.394E-03 9.75E-06
  256   9.2255  3.37E-02 6.693E-04 2.810E-03 1.625E-06 1.335E-03 3.655E-02 7.497E-02 1.889E-01 3.594E-01 6.681E-01 4.379E-03 9.75E-06
  257   9.2592  3.37E-02 6.662E-04 2.804E-03 1.626E-06 1.335E-03 3.647E-02 7.489E-02 1.872E-01 3.603E-01 6.657E-01 4.364E-03 9.76E-06
  258   9.2929  3.38E-02 6.631E-04 2.798E-03 1.626E-06 1.335E-03 3.638E-02 7.481E-02 1.851E-01 3.611E-01 6.633E-01 4.347E-03 9.76E-06
  259   9.3267  3.39E-02 6.601E-04 2.792E-03 1.627E-06 1.335E-03 3.630E-02 7.473E-02 1.828E-01 3.620E-01 6.608E-01 4.329E-03 9.76E-06
  260   9.3607  3.40E-02 6.570E-04 2.786E-03 1.627E-06 1.336E-03 3.622E-02 7.465E-02 1.806E-01 3.628E-01 6.584E-01 4.311E-03 9.76E-06
  261   9.3947  3.41E-02 6.540E-04 2.780E-03 1.627E-06 1.336E-03 3.613E-02 7.457E-02 1.819E-01 3.638E-01 6.560E-01 4.293E-03 9.76E-06
  262   9.4288  3.41E-02 6.509E-04 2.774E-03 1.627E-06 1.336E-03 3.605E-02 7.448E-02 1.830E-01 3.649E-01 6.536E-01 4.276E-03 9.76E-06
  263   9.4629  3.41E-02 6.479E-04 2.768E-03 1.627E-06 1.337E-03 3.597E-02 7.440E-02 1.839E-01 3.662E-01 6.512E-01 4.261E-03 9.76E-06
  264   9.4970  3.41E-02 6.450E-04 2.762E-03 1.626E-06 1.337E-03 3.588E-02 7.432E-02 1.844E-01 3.677E-01 6.488E-01 4.247E-03 9.76E-06
  265   9.5311  3.41E-02 6.420E-04 2.756E-03 1.625E-06 1.338E-03 3.580E-02 7.424E-02 1.847E-01 3.692E-01 6.464E-01 4.233E-03 9.75E-06
  266   9.5652  3.41E-02 6.391E-04 2.750E-03 1.624E-06 1.339E-03 3.572E-02 7.416E-02 1.846E-01 3.707E-01 6.440E-01 4.219E-03 9.75E-06
  267   9.5993  3.41E-02 6.361E-04 2.744E-03 1.624E-06 1.339E-03 3.564E-02 7.409E-02 1.844E-01 3.720E-01 6.416E-01 4.204E-03 9.74E-06
  268   9.6334  3.42E-02 6.332E-04 2.739E-03 1.624E-06 1.340E-03 3.556E-02 7.401E-02 1.840E-01 3.731E-01 6.393E-01 4.189E-03 9.74E-06
  269   9.6676  3.42E-02 6.303E-04 2.733E-03 1.623E-06 1.341E-03 3.547E-02 7.393E-02 1.835E-01 3.738E-01 6.369E-01 4.173E-03 9.74E-06
  270   9.7018  3.41E-02 6.275E-04 2.727E-03 1.622E-06 1.341E-03 3.539E-02 7.385E-02 1.830E-01 3.742E-01 6.346E-01 4.157E-03 9.73E-06
  271   9.7359  3.40E-02 6.246E-04 2.721E-03 1.621E-06 1.342E-03 3.531E-02 7.377E-02 1.825E-01 3.742E-01 6.323E-01 4.142E-03 9.73E-06
  272   9.7699  3.40E-02 6.218E-04 2.715E-03 1.621E-06 1.343E-03 3.523E-02 7.369E-02 1.818E-01 3.740E-01 6.299E-01 4.127E-03 9.73E-06
  273   9.8039  3.40E-02 6.190E-04 2.710E-03 1.621E-06 1.343E-03 3.515E-02 7.362E-02 1.810E-01 3.737E-01 6.276E-01 4.112E-03 9.72E-06
  274   9.8380  3.41E-02 6.162E-04 2.704E-03 1.621E-06 1.344E-03 3.508E-02 7.354E-02 1.799E-01 3.733E-01 6.254E-01 4.098E-03 9.72E-06
  275   9.8721  3.42E-02 6.135E-04 2.698E-03 1.620E-06 1.345E-03 3.500E-02 7.346E-02 1.784E-01 3.730E-01 6.231E-01 4.083E-03 9.72E-06
  276   9.9062  3.43E-02 6.107E-04 2.693E-03 1.620E-06 1.346E-03 3.492E-02 7.339E-02 1.767E-01 3.728E-01 6.208E-01 4.068E-03 9.72E-06
  277   9.9405  3.44E-02 6.080E-04 2.687E-03 1.620E-06 1.346E-03 3.484E-02 7.331E-02 1.746E-01 3.726E-01 6.185E-01 4.054E-03 9.72E-06
  278   9.9749  3.44E-02 6.052E-04 2.682E-03 1.620E-06 1.347E-03 3.476E-02 7.323E-02 1.745E-01 3.724E-01 6.162E-01 4.039E-03 9.72E-06
  279  10.0094  3.44E-02 6.025E-04 2.676E-03 1.620E-06 1.348E-03 3.468E-02 7.316E-02 1.745E-01 3.722E-01 6.140E-01 4.025E-03 9.72E-06
  280  10.0438  3.44E-02 5.998E-04 2.670E-03 1.620E-06 1.348E-03 3.461E-02 7.308E-02 1.743E-01 3.716E-01 6.117E-01 4.012E-03 9.72E-06
  281  10.0781  3.43E-02 5.971E-04 2.665E-03 1.621E-06 1.349E-03 3.453E-02 7.300E-02 1.738E-01 3.708E-01 6.095E-01 3.998E-03 9.73E-06
  282  10.1125  3.43E-02 5.945E-04 2.659E-03 1.622E-06 1.349E-03 3.445E-02 7.293E-02 1.730E-01 3.697E-01 6.072E-01 3.984E-03 9.73E-06
  283  10.1468  3.43E-02 5.918E-04 2.654E-03 1.622E-06 1.350E-03 3.437E-02 7.285E-02 1.719E-01 3.683E-01 6.050E-01 3.970E-03 9.73E-06
  284  10.1811  3.43E-02 5.892E-04 2.648E-03 1.623E-06 1.351E-03 3.430E-02 7.278E-02 1.707E-01 3.668E-01 6.028E-01 3.956E-03 9.74E-06
  285  10.2154  3.42E-02 5.866E-04 2.643E-03 1.623E-06 1.351E-03 3.422E-02 7.271E-02 1.714E-01 3.653E-01 6.006E-01 3.942E-03 9.74E-06
  286  10.2496  3.42E-02 5.840E-04 2.638E-03 1.623E-06 1.352E-03 3.415E-02 7.263E-02 1.722E-01 3.639E-01 5.984E-01 3.928E-03 9.74E-06
  287  10.2838  3.42E-02 5.815E-04 2.632E-03 1.623E-06 1.353E-03 3.407E-02 7.256E-02 1.727E-01 3.626E-01 5.962E-01 3.914E-03 9.74E-06
  288  10.3180  3.41E-02 5.789E-04 2.627E-03 1.622E-06 1.353E-03 3.400E-02 7.248E-02 1.727E-01 3.615E-01 5.941E-01 3.901E-03 9.73E-06
  289  10.3521  3.41E-02 5.764E-04 2.622E-03 1.621E-06 1.354E-03 3.392E-02 7.241E-02 1.722E-01 3.605E-01 5.919E-01 3.888E-03 9.72E-06
  290  10.3862  3.41E-02 5.739E-04 2.616E-03 1.619E-06 1.355E-03 3.385E-02 7.234E-02 1.711E-01 3.595E-01 5.898E-01 3.876E-03 9.72E-06
  291  10.4203  3.41E-02 5.714E-04 2.611E-03 1.618E-06 1.356E-03 3.378E-02 7.227E-02 1.696E-01 3.586E-01 5.877E-01 3.864E-03 9.71E-06
  292  10.4544  3.42E-02 5.690E-04 2.606E-03 1.617E-06 1.356E-03 3.370E-02 7.219E-02 1.683E-01 3.575E-01 5.855E-01 3.851E-03 9.70E-06
  293  10.4886  3.42E-02 5.665E-04 2.601E-03 1.617E-06 1.357E-03 3.363E-02 7.212E-02 1.667E-01 3.563E-01 5.834E-01 3.838E-03 9.70E-06
  294  10.5228  3.43E-02 5.641E-04 2.596E-03 1.617E-06 1.357E-03 3.356E-02 7.205E-02 1.647E-01 3.549E-01 5.813E-01 3.824E-03 9.70E-06
  295  10.5572  3.44E-02 5.616E-04 2.590E-03 1.618E-06 1.358E-03 3.349E-02 7.198E-02 1.621E-01 3.534E-01 5.792E-01 3.811E-03 9.71E-06
  296  10.5916  3.45E-02 5.592E-04 2.585E-03 1.618E-06 1.358E-03 3.341E-02 7.191E-02 1.601E-01 3.517E-01 5.771E-01 3.799E-03 9.71E-06
  297  10.6261  3.46E-02 5.568E-04 2.580E-03 1.619E-06 1.359E-03 3.334E-02 7.183E-02 1.584E-01 3.500E-01 5.750E-01 3.787E-03 9.71E-06
  298  10.6607  3.46E-02 5.544E-04 2.575E-03 1.619E-06 1.359E-03 3.327E-02 7.176E-02 1.591E-01 3.483E-01 5.729E-01 3.774E-03 9.71E-06
  299  10.6953  3.46E-02 5.520E-04 2.570E-03 1.619E-06 1.360E-03 3.320E-02 7.169E-02 1.594E-01 3.466E-01 5.708E-01 3.761E-03 9.72E-06
  300  10.7299  3.46E-02 5.496E-04 2.565E-03 1.620E-06 1.360E-03 3.313E-02 7.162E-02 1.592E-01 3.449E-01 5.688E-01 3.748E-03 9.72E-06
  301  10.7644  3.46E-02 5.472E-04 2.560E-03 1.620E-06 1.360E-03 3.305E-02 7.155E-02 1.584E-01 3.430E-01 5.667E-01 3.734E-03 9.72E-06
  302  10.7990  3.46E-02 5.449E-04 2.555E-03 1.621E-06 1.361E-03 3.298E-02 7.148E-02 1.572E-01 3.410E-01 5.646E-01 3.721E-03 9.73E-06
  303  10.8336  3.45E-02 5.426E-04 2.550E-03 1.621E-06 1.361E-03 3.291E-02 7.141E-02 1.576E-01 3.389E-01 5.626E-01 3.709E-03 9.73E-06
  304  10.8681  3.45E-02 5.402E-04 2.545E-03 1.621E-06 1.362E-03 3.284E-02 7.134E-02 1.586E-01 3.367E-01 5.606E-01 3.697E-03 9.73E-06
  305  10.9027  3.45E-02 5.380E-04 2.540E-03 1.621E-06 1.362E-03 3.277E-02 7.127E-02 1.592E-01 3.344E-01 5.585E-01 3.686E-03 9.72E-06
  306  10.9372  3.46E-02 5.357E-04 2.535E-03 1.620E-06 1.362E-03 3.270E-02 7.120E-02 1.592E-01 3.322E-01 5.565E-01 3.674E-03 9.72E-06
  307  10.9718  3.46E-02 5.334E-04 2.530E-03 1.620E-06 1.363E-03 3.263E-02 7.113E-02 1.589E-01 3.301E-01 5.545E-01 3.663E-03 9.72E-06
  308  11.0064  3.46E-02 5.312E-04 2.525E-03 1.620E-06 1.363E-03 3.257E-02 7.106E-02 1.587E-01 3.284E-01 5.525E-01 3.651E-03 9.72E-06
  309  11.0410  3.46E-02 5.289E-04 2.520E-03 1.620E-06 1.363E-03 3.250E-02 7.099E-02 1.594E-01 3.270E-01 5.505E-01 3.640E-03 9.72E-06
  310  11.0756  3.47E-02 5.267E-04 2.515E-03 1.620E-06 1.364E-03 3.243E-02 7.093E-02 1.598E-01 3.260E-01 5.486E-01 3.627E-03 9.72E-06
  311  11.1103  3.47E-02 5.245E-04 2.510E-03 1.619E-06 1.364E-03 3.236E-02 7.086E-02 1.600E-01 3.252E-01 5.466E-01 3.615E-03 9.72E-06
  312  11.1450  3.47E-02 5.223E-04 2.506E-03 1.619E-06 1.364E-03 3.229E-02 7.079E-02 1.599E-01 3.245E-01 5.446E-01 3.603E-03 9.71E-06
  313  11.1797  3.48E-02 5.201E-04 2.501E-03 1.619E-06 1.365E-03 3.222E-02 7.072E-02 1.598E-01 3.239E-01 5.427E-01 3.591E-03 9.71E-06
  314  11.2145  3.48E-02 5.179E-04 2.496E-03 1.619E-06 1.365E-03 3.216E-02 7.065E-02 1.596E-01 3.231E-01 5.407E-01 3.579E-03 9.71E-06
  315  11.2493  3.48E-02 5.157E-04 2.491E-03 1.619E-06 1.365E-03 3.209E-02 7.059E-02 1.594E-01 3.222E-01 5.388E-01 3.568E-03 9.72E-06
  316  11.2841  3.48E-02 5.136E-04 2.486E-03 1.620E-06 1.365E-03 3.202E-02 7.052E-02 1.594E-01 3.209E-01 5.368E-01 3.557E-03 9.72E-06
  317  11.3189  3.48E-02 5.115E-04 2.482E-03 1.621E-06 1.365E-03 3.196E-02 7.045E-02 1.595E-01 3.193E-01 5.349E-01 3.546E-03 9.72E-06
  318  11.3537  3.47E-02 5.093E-04 2.477E-03 1.621E-06 1.365E-03 3.189E-02 7.038E-02 1.599E-01 3.173E-01 5.330E-01 3.535E-03 9.73E-06
  319  11.3884  3.46E-02 5.072E-04 2.472E-03 1.621E-06 1.366E-03 3.182E-02 7.032E-02 1.602E-01 3.151E-01 5.311E-01 3.523E-03 9.73E-06
  320  11.4230  3.46E-02 5.051E-04 2.468E-03 1.622E-06 1.366E-03 3.176E-02 7.025E-02 1.606E-01 3.127E-01 5.292E-01 3.512E-03 9.73E-06
  321  11.4576  3.45E-02 5.031E-04 2.463E-03 1.622E-06 1.366E-03 3.169E-02 7.019E-02 1.655E-01 3.101E-01 5.273E-01 3.501E-03 9.73E-06
  322  11.4921  3.44E-02 5.010E-04 2.458E-03 1.622E-06 1.366E-03 3.163E-02 7.012E-02 1.702E-01 3.074E-01 5.255E-01 3.490E-03 9.73E-06
  323  11.5265  3.44E-02 4.990E-04 2.454E-03 1.622E-06 1.366E-03 3.156E-02 7.006E-02 1.745E-01 3.054E-01 5.236E-01 3.479E-03 9.73E-06
  324  11.5609  3.44E-02 4.970E-04 2.449E-03 1.622E-06 1.367E-03 3.150E-02 6.999E-02 1.781E-01 3.058E-01 5.218E-01 3.468E-03 9.73E-06
  325  11.5953  3.44E-02 4.950E-04 2.445E-03 1.621E-06 1.367E-03 3.144E-02 6.993E-02 1.809E-01 3.062E-01 5.199E-01 3.457E-03 9.73E-06
  326  11.6298  3.45E-02 4.930E-04 2.440E-03 1.620E-06 1.367E-03 3.137E-02 6.986E-02 1.830E-01 3.065E-01 5.181E-01 3.446E-03 9.72E-06
  327  11.6642  3.45E-02 4.910E-04 2.436E-03 1.620E-06 1.367E-03 3.131E-02 6.980E-02 1.842E-01 3.066E-01 5.163E-01 3.435E-03 9.72E-06
  328  11.6987  3.46E-02 4.890E-04 2.431E-03 1.620E-06 1.367E-03 3.125E-02 6.973E-02 1.848E-01 3.065E-01 5.145E-01 3.425E-03 9.72E-06
  329  11.7333  3.47E-02 4.870E-04 2.427E-03 1.620E-06 1.367E-03 3.118E-02 6.967E-02 1.848E-01 3.062E-01 5.127E-01 3.415E-03 9.72E-06
  330  11.7680  3.48E-02 4.851E-04 2.423E-03 1.620E-06 1.368E-03 3.112E-02 6.961E-02 1.842E-01 3.057E-01 5.108E-01 3.406E-03 9.72E-06
  331  11.8028  3.48E-02 4.831E-04 2.418E-03 1.620E-06 1.368E-03 3.106E-02 6.954E-02 1.833E-01 3.050E-01 5.090E-01 3.396E-03 9.72E-06
  332  11.8377  3.49E-02 4.812E-04 2.414E-03 1.620E-06 1.368E-03 3.100E-02 6.948E-02 1.820E-01 3.041E-01 5.072E-01 3.386E-03 9.72E-06
  333  11.8725  3.49E-02 4.792E-04 2.409E-03 1.619E-06 1.368E-03 3.093E-02 6.942E-02 1.803E-01 3.032E-01 5.054E-01 3.376E-03 9.72E-06
  334  11.9074  3.48E-02 4.773E-04 2.405E-03 1.619E-06 1.368E-03 3.087E-02 6.935E-02 1.784E-01 3.021E-01 5.037E-01 3.365E-03 9.72E-06
  335  11.9422  3.47E-02 4.754E-04 2.401E-03 1.619E-06 1.368E-03 3.081E-02 6.929E-02 1.761E-01 3.009E-01 5.019E-01 3.354E-03 9.71E-06
  336  11.9769  3.46E-02 4.735E-04 2.396E-03 1.619E-06 1.368E-03 3.075E-02 6.923E-02 1.734E-01 2.996E-01 5.001E-01 3.343E-03 9.71E-06
  337  12.0116  3.46E-02 4.716E-04 2.392E-03 1.618E-06 1.368E-03 3.069E-02 6.916E-02 1.702E-01 2.982E-01 4.984E-01 3.332E-03 9.71E-06
  338  12.0462  3.46E-02 4.698E-04 2.388E-03 1.618E-06 1.368E-03 3.063E-02 6.910E-02 1.665E-01 2.976E-01 4.966E-01 3.322E-03 9.71E-06
  339  12.0808  3.46E-02 4.679E-04 2.383E-03 1.618E-06 1.368E-03 3.057E-02 6.904E-02 1.652E-01 2.970E-01 4.949E-01 3.312E-03 9.71E-06
  340  12.1154  3.47E-02 4.661E-04 2.379E-03 1.618E-06 1.368E-03 3.051E-02 6.898E-02 1.654E-01 2.964E-01 4.932E-01 3.303E-03 9.71E-06
  341  12.1501  3.47E-02 4.643E-04 2.375E-03 1.618E-06 1.368E-03 3.045E-02 6.892E-02 1.648E-01 2.957E-01 4.915E-01 3.294E-03 9.71E-06
  342  12.1848  3.48E-02 4.624E-04 2.371E-03 1.618E-06 1.368E-03 3.039E-02 6.886E-02 1.635E-01 2.954E-01 4.897E-01 3.284E-03 9.71E-06
  343  12.2197  3.49E-02 4.606E-04 2.366E-03 1.619E-06 1.367E-03 3.033E-02 6.880E-02 1.618E-01 2.950E-01 4.880E-01 3.275E-03 9.71E-06
  344  12.2546  3.50E-02 4.588E-04 2.362E-03 1.619E-06 1.367E-03 3.027E-02 6.874E-02 1.637E-01 2.944E-01 4.863E-01 3.265E-03 9.71E-06
  345  12.2895  3.50E-02 4.570E-04 2.358E-03 1.619E-06 1.367E-03 3.021E-02 6.867E-02 1.646E-01 2.937E-01 4.846E-01 3.255E-03 9.71E-06
  346  12.3246  3.51E-02 4.552E-04 2.354E-03 1.619E-06 1.367E-03 3.015E-02 6.861E-02 1.647E-01 2.927E-01 4.829E-01 3.245E-03 9.71E-06
  347  12.3597  3.52E-02 4.534E-04 2.350E-03 1.618E-06 1.366E-03 3.009E-02 6.855E-02 1.641E-01 2.917E-01 4.812E-01 3.235E-03 9.71E-06
  348  12.3949  3.52E-02 4.516E-04 2.346E-03 1.617E-06 1.366E-03 3.003E-02 6.849E-02 1.630E-01 2.909E-01 4.795E-01 3.226E-03 9.70E-06
  349  12.4300  3.52E-02 4.499E-04 2.342E-03 1.617E-06 1.366E-03 2.997E-02 6.843E-02 1.618E-01 2.905E-01 4.778E-01 3.217E-03 9.70E-06
  350  12.4652  3.51E-02 4.481E-04 2.337E-03 1.617E-06 1.365E-03 2.991E-02 6.837E-02 1.605E-01 2.900E-01 4.762E-01 3.207E-03 9.70E-06
  351  12.5003  3.51E-02 4.464E-04 2.333E-03 1.617E-06 1.365E-03 2.985E-02 6.831E-02 1.593E-01 2.895E-01 4.745E-01 3.197E-03 9.70E-06
  352  12.5354  3.51E-02 4.446E-04 2.329E-03 1.618E-06 1.364E-03 2.980E-02 6.825E-02 1.581E-01 2.889E-01 4.729E-01 3.187E-03 9.71E-06
  353  12.5705  3.50E-02 4.429E-04 2.325E-03 1.618E-06 1.364E-03 2.974E-02 6.819E-02 1.569E-01 2.881E-01 4.712E-01 3.177E-03 9.71E-06
  354  12.6055  3.51E-02 4.412E-04 2.321E-03 1.618E-06 1.363E-03 2.968E-02 6.813E-02 1.557E-01 2.872E-01 4.696E-01 3.168E-03 9.71E-06
  355  12.6406  3.51E-02 4.395E-04 2.317E-03 1.617E-06 1.362E-03 2.962E-02 6.808E-02 1.544E-01 2.886E-01 4.679E-01 3.159E-03 9.70E-06
  356  12.6757  3.52E-02 4.378E-04 2.313E-03 1.616E-06 1.362E-03 2.957E-02 6.802E-02 1.528E-01 2.903E-01 4.663E-01 3.151E-03 9.70E-06
  357  12.7109  3.52E-02 4.362E-04 2.309E-03 1.616E-06 1.361E-03 2.951E-02 6.796E-02 1.510E-01 2.922E-01 4.647E-01 3.142E-03 9.69E-06
  358  12.7461  3.52E-02 4.345E-04 2.305E-03 1.615E-06 1.360E-03 2.945E-02 6.790E-02 1.489E-01 2.941E-01 4.631E-01 3.134E-03 9.69E-06
  359  12.7812  3.52E-02 4.328E-04 2.301E-03 1.615E-06 1.359E-03 2.940E-02 6.784E-02 1.465E-01 2.959E-01 4.615E-01 3.124E-03 9.69E-06
  360  12.8164  3.52E-02 4.312E-04 2.297E-03 1.615E-06 1.358E-03 2.934E-02 6.778E-02 1.437E-01 2.978E-01 4.599E-01 3.114E-03 9.69E-06
  361  12.8516  3.52E-02 4.295E-04 2.293E-03 1.615E-06 1.357E-03 2.929E-02 6.773E-02 1.434E-01 2.995E-01 4.583E-01 3.104E-03 9.69E-06
  362  12.8868  3.52E-02 4.279E-04 2.289E-03 1.615E-06 1.356E-03 2.923E-02 6.767E-02 1.438E-01 3.011E-01 4.567E-01 3.094E-03 9.69E-06
  363  12.9220  3.52E-02 4.263E-04 2.286E-03 1.616E-06 1.355E-03 2.917E-02 6.761E-02 1.438E-01 3.026E-01 4.552E-01 3.084E-03 9.69E-06
  364  12.9572  3.52E-02 4.246E-04 2.282E-03 1.616E-06 1.354E-03 2.912E-02 6.755E-02 1.434E-01 3.039E-01 4.536E-01 3.076E-03 9.70E-06
  365  12.9925  3.53E-02 4.230E-04 2.278E-03 1.617E-06 1.353E-03 2.906E-02 6.750E-02 1.427E-01 3.050E-01 4.520E-01 3.068E-03 9.70E-06
  366  13.0277  3.53E-02 4.214E-04 2.274E-03 1.618E-06 1.351E-03 2.901E-02 6.744E-02 1.417E-01 3.059E-01 4.505E-01 3.060E-03 9.71E-06
  367  13.0630  3.52E-02 4.199E-04 2.270E-03 1.619E-06 1.350E-03 2.896E-02 6.738E-02 1.408E-01 3.067E-01 4.489E-01 3.052E-03 9.71E-06
  368  13.0982  3.52E-02 4.183E-04 2.266E-03 1.619E-06 1.349E-03 2.890E-02 6.733E-02 1.414E-01 3.073E-01 4.474E-01 3.044E-03 9.71E-06
  369  13.1334  3.52E-02 4.167E-04 2.263E-03 1.619E-06 1.347E-03 2.885E-02 6.727E-02 1.426E-01 3.078E-01 4.459E-01 3.035E-03 9.71E-06
  370  13.1686  3.51E-02 4.152E-04 2.259E-03 1.619E-06 1.346E-03 2.879E-02 6.721E-02 1.434E-01 3.082E-01 4.444E-01 3.025E-03 9.71E-06
  371  13.2037  3.50E-02 4.136E-04 2.255E-03 1.619E-06 1.344E-03 2.874E-02 6.716E-02 1.440E-01 3.085E-01 4.429E-01 3.016E-03 9.71E-06
  372  13.2387  3.50E-02 4.121E-04 2.251E-03 1.619E-06 1.343E-03 2.869E-02 6.710E-02 1.442E-01 3.088E-01 4.414E-01 3.007E-03 9.72E-06
  373  13.2737  3.50E-02 4.106E-04 2.248E-03 1.620E-06 1.341E-03 2.863E-02 6.705E-02 1.443E-01 3.090E-01 4.399E-01 2.999E-03 9.72E-06
  374  13.3087  3.50E-02 4.091E-04 2.244E-03 1.620E-06 1.340E-03 2.858E-02 6.699E-02 1.441E-01 3.091E-01 4.384E-01 2.992E-03 9.72E-06
  375  13.3437  3.51E-02 4.076E-04 2.240E-03 1.620E-06 1.338E-03 2.853E-02 6.694E-02 1.440E-01 3.091E-01 4.369E-01 2.984E-03 9.72E-06
  376  13.3788  3.51E-02 4.061E-04 2.237E-03 1.620E-06 1.337E-03 2.848E-02 6.688E-02 1.440E-01 3.091E-01 4.355E-01 2.976E-03 9.72E-06
  377  13.4138  3.51E-02 4.046E-04 2.233E-03 1.620E-06 1.335E-03 2.842E-02 6.683E-02 1.440E-01 3.090E-01 4.340E-01 2.968E-03 9.72E-06
  378  13.4489  3.51E-02 4.031E-04 2.229E-03 1.621E-06 1.334E-03 2.837E-02 6.678E-02 1.442E-01 3.089E-01 4.325E-01 2.959E-03 9.73E-06
  379  13.4841  3.52E-02 4.017E-04 2.226E-03 1.621E-06 1.332E-03 2.832E-02 6.672E-02 1.442E-01 3.087E-01 4.311E-01 2.950E-03 9.73E-06
  380  13.5192  3.52E-02 4.002E-04 2.222E-03 1.622E-06 1.331E-03 2.827E-02 6.667E-02 1.441E-01 3.085E-01 4.296E-01 2.942E-03 9.73E-06
  381  13.5544  3.52E-02 3.987E-04 2.219E-03 1.622E-06 1.329E-03 2.822E-02 6.661E-02 1.437E-01 3.081E-01 4.282E-01 2.934E-03 9.73E-06
  382  13.5896  3.52E-02 3.973E-04 2.215E-03 1.623E-06 1.327E-03 2.817E-02 6.656E-02 1.429E-01 3.076E-01 4.268E-01 2.925E-03 9.74E-06
  383  13.6248  3.52E-02 3.959E-04 2.212E-03 1.622E-06 1.326E-03 2.812E-02 6.651E-02 1.416E-01 3.070E-01 4.253E-01 2.918E-03 9.73E-06
  384  13.6600  3.53E-02 3.944E-04 2.208E-03 1.622E-06 1.324E-03 2.806E-02 6.645E-02 1.399E-01 3.062E-01 4.239E-01 2.910E-03 9.73E-06
  385  13.6954  3.54E-02 3.930E-04 2.204E-03 1.623E-06 1.323E-03 2.801E-02 6.640E-02 1.402E-01 3.053E-01 4.225E-01 2.903E-03 9.74E-06
  386  13.7308  3.54E-02 3.916E-04 2.201E-03 1.623E-06 1.321E-03 2.796E-02 6.635E-02 1.412E-01 3.043E-01 4.211E-01 2.896E-03 9.74E-06
  387  13.7662  3.54E-02 3.902E-04 2.197E-03 1.624E-06 1.320E-03 2.791E-02 6.629E-02 1.416E-01 3.032E-01 4.197E-01 2.888E-03 9.74E-06
  388  13.8017  3.54E-02 3.888E-04 2.194E-03 1.624E-06 1.318E-03 2.786E-02 6.624E-02 1.414E-01 3.021E-01 4.183E-01 2.880E-03 9.75E-06
  389  13.8370  3.53E-02 3.874E-04 2.190E-03 1.624E-06 1.317E-03 2.781E-02 6.619E-02 1.406E-01 3.011E-01 4.169E-01 2.871E-03 9.75E-06
  390  13.8723  3.52E-02 3.860E-04 2.187E-03 1.624E-06 1.316E-03 2.776E-02 6.613E-02 1.393E-01 3.001E-01 4.155E-01 2.862E-03 9.74E-06
  391  13.9075  3.51E-02 3.846E-04 2.183E-03 1.623E-06 1.314E-03 2.771E-02 6.608E-02 1.377E-01 2.992E-01 4.141E-01 2.853E-03 9.74E-06
  392  13.9427  3.51E-02 3.833E-04 2.180E-03 1.623E-06 1.313E-03 2.766E-02 6.603E-02 1.384E-01 2.983E-01 4.128E-01 2.845E-03 9.74E-06
  393  13.9778  3.51E-02 3.819E-04 2.177E-03 1.622E-06 1.312E-03 2.762E-02 6.598E-02 1.387E-01 2.974E-01 4.114E-01 2.839E-03 9.73E-06
  394  14.0128  3.51E-02 3.806E-04 2.173E-03 1.621E-06 1.310E-03 2.757E-02 6.593E-02 1.389E-01 2.964E-01 4.101E-01 2.833E-03 9.73E-06
  395  14.0479  3.51E-02 3.792E-04 2.170E-03 1.620E-06 1.309E-03 2.752E-02 6.588E-02 1.388E-01 2.954E-01 4.087E-01 2.828E-03 9.72E-06
  396  14.0830  3.51E-02 3.779E-04 2.166E-03 1.619E-06 1.308E-03 2.747E-02 6.583E-02 1.387E-01 2.942E-01 4.074E-01 2.821E-03 9.72E-06
  397  14.1181  3.52E-02 3.766E-04 2.163E-03 1.618E-06 1.306E-03 2.742E-02 6.577E-02 1.385E-01 2.929E-01 4.061E-01 2.813E-03 9.71E-06
  398  14.1533  3.52E-02 3.753E-04 2.160E-03 1.617E-06 1.305E-03 2.738E-02 6.572E-02 1.382E-01 2.916E-01 4.048E-01 2.804E-03 9.70E-06
  399  14.1885  3.52E-02 3.740E-04 2.156E-03 1.617E-06 1.303E-03 2.733E-02 6.567E-02 1.379E-01 2.902E-01 4.034E-01 2.795E-03 9.70E-06
  400  14.2237  3.53E-02 3.727E-04 2.153E-03 1.617E-06 1.302E-03 2.728E-02 6.562E-02 1.376E-01 2.888E-01 4.021E-01 2.786E-03 9.70E-06
  401  14.2590  3.53E-02 3.714E-04 2.150E-03 1.617E-06 1.300E-03 2.723E-02 6.557E-02 1.378E-01 2.874E-01 4.008E-01 2.779E-03 9.70E-06
  402  14.2943  3.53E-02 3.701E-04 2.147E-03 1.618E-06 1.299E-03 2.718E-02 6.552E-02 1.383E-01 2.860E-01 3.995E-01 2.772E-03 9.71E-06
  403  14.3296  3.53E-02 3.688E-04 2.143E-03 1.619E-06 1.297E-03 2.714E-02 6.547E-02 1.384E-01 2.857E-01 3.982E-01 2.766E-03 9.71E-06
  404  14.3650  3.54E-02 3.675E-04 2.140E-03 1.619E-06 1.296E-03 2.709E-02 6.542E-02 1.379E-01 2.859E-01 3.969E-01 2.760E-03 9.72E-06
  405  14.4004  3.54E-02 3.663E-04 2.137E-03 1.620E-06 1.294E-03 2.704E-02 6.537E-02 1.394E-01 2.860E-01 3.956E-01 2.754E-03 9.72E-06
  406  14.4358  3.54E-02 3.650E-04 2.133E-03 1.620E-06 1.292E-03 2.700E-02 6.532E-02 1.408E-01 2.862E-01 3.943E-01 2.746E-03 9.72E-06
  407  14.4712  3.55E-02 3.637E-04 2.130E-03 1.620E-06 1.290E-03 2.695E-02 6.527E-02 1.418E-01 2.864E-01 3.930E-01 2.738E-03 9.72E-06
  408  14.5067  3.55E-02 3.625E-04 2.127E-03 1.619E-06 1.289E-03 2.690E-02 6.522E-02 1.424E-01 2.865E-01 3.918E-01 2.730E-03 9.71E-06
  409  14.5422  3.55E-02 3.612E-04 2.124E-03 1.618E-06 1.287E-03 2.686E-02 6.517E-02 1.427E-01 2.867E-01 3.905E-01 2.722E-03 9.71E-06
  410  14.5777  3.53E-02 3.600E-04 2.121E-03 1.618E-06 1.285E-03 2.681E-02 6.512E-02 1.445E-01 2.868E-01 3.892E-01 2.715E-03 9.71E-06
  411  14.6130  3.52E-02 3.588E-04 2.117E-03 1.617E-06 1.283E-03 2.677E-02 6.507E-02 1.465E-01 2.868E-01 3.880E-01 2.709E-03 9.70E-06
  412  14.6481  3.51E-02 3.576E-04 2.114E-03 1.616E-06 1.281E-03 2.672E-02 6.503E-02 1.479E-01 2.867E-01 3.868E-01 2.703E-03 9.70E-06
  413  14.6832  3.50E-02 3.564E-04 2.111E-03 1.616E-06 1.280E-03 2.668E-02 6.498E-02 1.489E-01 2.865E-01 3.855E-01 2.697E-03 9.69E-06
  414  14.7182  3.50E-02 3.552E-04 2.108E-03 1.615E-06 1.278E-03 2.663E-02 6.493E-02 1.492E-01 2.861E-01 3.843E-01 2.690E-03 9.69E-06
  415  14.7531  3.50E-02 3.540E-04 2.105E-03 1.615E-06 1.275E-03 2.659E-02 6.488E-02 1.490E-01 2.855E-01 3.831E-01 2.682E-03 9.69E-06
  416  14.7881  3.50E-02 3.528E-04 2.102E-03 1.615E-06 1.273E-03 2.654E-02 6.484E-02 1.484E-01 2.848E-01 3.819E-01 2.675E-03 9.69E-06
  417  14.8231  3.51E-02 3.516E-04 2.099E-03 1.616E-06 1.271E-03 2.650E-02 6.479E-02 1.475E-01 2.839E-01 3.807E-01 2.668E-03 9.69E-06
  418  14.8581  3.51E-02 3.505E-04 2.096E-03 1.616E-06 1.269E-03 2.645E-02 6.474E-02 1.475E-01 2.828E-01 3.795E-01 2.662E-03 9.70E-06
  419  14.8933  3.52E-02 3.493E-04 2.093E-03 1.617E-06 1.266E-03 2.641E-02 6.469E-02 1.479E-01 2.817E-01 3.783E-01 2.656E-03 9.70E-06
  420  14.9285  3.53E-02 3.481E-04 2.090E-03 1.618E-06 1.264E-03 2.637E-02 6.465E-02 1.481E-01 2.805E-01 3.771E-01 2.650E-03 9.71E-06
  421  14.9638  3.54E-02 3.470E-04 2.086E-03 1.618E-06 1.262E-03 2.632E-02 6.460E-02 1.480E-01 2.792E-01 3.759E-01 2.644E-03 9.71E-06
  422  14.9992  3.55E-02 3.458E-04 2.083E-03 1.619E-06 1.259E-03 2.628E-02 6.455E-02 1.478E-01 2.780E-01 3.747E-01 2.637E-03 9.71E-06
  423  15.0347  3.56E-02 3.447E-04 2.080E-03 1.619E-06 1.256E-03 2.624E-02 6.450E-02 1.473E-01 2.768E-01 3.735E-01 2.629E-03 9.71E-06
  424  15.0703  3.56E-02 3.435E-04 2.077E-03 1.619E-06 1.254E-03 2.619E-02 6.446E-02 1.467E-01 2.758E-01 3.723E-01 2.622E-03 9.71E-06
  425  15.1059  3.57E-02 3.424E-04 2.074E-03 1.619E-06 1.251E-03 2.615E-02 6.441E-02 1.475E-01 2.748E-01 3.711E-01 2.614E-03 9.72E-06
  426  15.1416  3.57E-02 3.413E-04 2.071E-03 1.621E-06 1.249E-03 2.610E-02 6.436E-02 1.482E-01 2.739E-01 3.700E-01 2.608E-03 9.72E-06
  427  15.1773  3.58E-02 3.401E-04 2.068E-03 1.622E-06 1.246E-03 2.606E-02 6.432E-02 1.486E-01 2.730E-01 3.688E-01 2.602E-03 9.73E-06
  428  15.2131  3.58E-02 3.390E-04 2.065E-03 1.622E-06 1.243E-03 2.602E-02 6.427E-02 1.488E-01 2.724E-01 3.676E-01 2.597E-03 9.73E-06
  429  15.2488  3.57E-02 3.379E-04 2.062E-03 1.622E-06 1.240E-03 2.598E-02 6.422E-02 1.490E-01 2.725E-01 3.665E-01 2.591E-03 9.73E-06
  430  15.2846  3.57E-02 3.368E-04 2.059E-03 1.621E-06 1.238E-03 2.593E-02 6.418E-02 1.491E-01 2.724E-01 3.653E-01 2.584E-03 9.73E-06
  431  15.3203  3.57E-02 3.357E-04 2.056E-03 1.621E-06 1.235E-03 2.589E-02 6.413E-02 1.491E-01 2.723E-01 3.642E-01 2.577E-03 9.73E-06
  432  15.3560  3.57E-02 3.346E-04 2.053E-03 1.621E-06 1.232E-03 2.585E-02 6.408E-02 1.491E-01 2.720E-01 3.630E-01 2.569E-03 9.72E-06
  433  15.3917  3.57E-02 3.335E-04 2.050E-03 1.621E-06 1.230E-03 2.581E-02 6.404E-02 1.489E-01 2.717E-01 3.619E-01 2.562E-03 9.72E-06
  434  15.4274  3.57E-02 3.324E-04 2.047E-03 1.620E-06 1.227E-03 2.576E-02 6.399E-02 1.485E-01 2.713E-01 3.607E-01 2.556E-03 9.72E-06
  435  15.4632  3.57E-02 3.313E-04 2.045E-03 1.620E-06 1.224E-03 2.572E-02 6.395E-02 1.477E-01 2.709E-01 3.596E-01 2.550E-03 9.72E-06
  436  15.4989  3.57E-02 3.302E-04 2.042E-03 1.620E-06 1.221E-03 2.568E-02 6.390E-02 1.466E-01 2.706E-01 3.585E-01 2.544E-03 9.72E-06
  437  15.5346  3.58E-02 3.291E-04 2.039E-03 1.620E-06 1.219E-03 2.564E-02 6.385E-02 1.452E-01 2.702E-01 3.574E-01 2.538E-03 9.72E-06
  438  15.5704  3.58E-02 3.281E-04 2.036E-03 1.621E-06 1.216E-03 2.560E-02 6.381E-02 1.434E-01 2.698E-01 3.563E-01 2.532E-03 9.72E-06
  439  15.6062  3.58E-02 3.270E-04 2.033E-03 1.621E-06 1.213E-03 2.555E-02 6.376E-02 1.414E-01 2.695E-01 3.552E-01 2.525E-03 9.72E-06
  440  15.6420  3.59E-02 3.260E-04 2.030E-03 1.621E-06 1.210E-03 2.551E-02 6.372E-02 1.393E-01 2.692E-01 3.540E-01 2.518E-03 9.73E-06
  441  15.6779  3.59E-02 3.249E-04 2.027E-03 1.621E-06 1.207E-03 2.547E-02 6.367E-02 1.371E-01 2.688E-01 3.529E-01 2.511E-03 9.73E-06
  442  15.7138  3.59E-02 3.239E-04 2.024E-03 1.621E-06 1.205E-03 2.543E-02 6.363E-02 1.357E-01 2.685E-01 3.518E-01 2.505E-03 9.73E-06
  443  15.7496  3.59E-02 3.228E-04 2.022E-03 1.621E-06 1.202E-03 2.539E-02 6.358E-02 1.369E-01 2.682E-01 3.508E-01 2.500E-03 9.73E-06
  444  15.7855  3.59E-02 3.218E-04 2.019E-03 1.621E-06 1.199E-03 2.535E-02 6.354E-02 1.375E-01 2.678E-01 3.497E-01 2.494E-03 9.73E-06
  445  15.8214  3.58E-02 3.208E-04 2.016E-03 1.621E-06 1.196E-03 2.531E-02 6.350E-02 1.374E-01 2.677E-01 3.486E-01 2.489E-03 9.72E-06
  446  15.8572  3.58E-02 3.197E-04 2.013E-03 1.620E-06 1.193E-03 2.527E-02 6.345E-02 1.366E-01 2.677E-01 3.475E-01 2.484E-03 9.72E-06
  447  15.8931  3.58E-02 3.187E-04 2.010E-03 1.620E-06 1.190E-03 2.523E-02 6.341E-02 1.353E-01 2.676E-01 3.464E-01 2.478E-03 9.72E-06
  448  15.9289  3.58E-02 3.177E-04 2.007E-03 1.620E-06 1.187E-03 2.519E-02 6.336E-02 1.335E-01 2.676E-01 3.454E-01 2.471E-03 9.72E-06
  449  15.9647  3.58E-02 3.167E-04 2.005E-03 1.620E-06 1.184E-03 2.515E-02 6.332E-02 1.314E-01 2.677E-01 3.443E-01 2.464E-03 9.72E-06
  450  16.0005  3.58E-02 3.157E-04 2.002E-03 1.620E-06 1.181E-03 2.511E-02 6.328E-02 1.304E-01 2.678E-01 3.433E-01 2.456E-03 9.72E-06
  451  16.0363  3.58E-02 3.147E-04 1.999E-03 1.620E-06 1.178E-03 2.507E-02 6.323E-02 1.291E-01 2.680E-01 3.422E-01 2.449E-03 9.72E-06
  452  16.0722  3.59E-02 3.137E-04 1.996E-03 1.620E-06 1.175E-03 2.503E-02 6.319E-02 1.278E-01 2.682E-01 3.412E-01 2.443E-03 9.72E-06
  453  16.1080  3.59E-02 3.127E-04 1.994E-03 1.620E-06 1.172E-03 2.499E-02 6.315E-02 1.278E-01 2.684E-01 3.401E-01 2.438E-03 9.72E-06
  454  16.1439  3.60E-02 3.117E-04 1.991E-03 1.620E-06 1.169E-03 2.495E-02 6.310E-02 1.278E-01 2.687E-01 3.391E-01 2.433E-03 9.72E-06
  455  16.1799  3.60E-02 3.108E-04 1.988E-03 1.620E-06 1.166E-03 2.491E-02 6.306E-02 1.275E-01 2.690E-01 3.380E-01 2.429E-03 9.72E-06
  456  16.2159  3.60E-02 3.098E-04 1.986E-03 1.621E-06 1.163E-03 2.487E-02 6.302E-02 1.270E-01 2.697E-01 3.370E-01 2.423E-03 9.72E-06
  457  16.2519  3.59E-02 3.088E-04 1.983E-03 1.621E-06 1.160E-03 2.483E-02 6.297E-02 1.264E-01 2.703E-01 3.360E-01 2.417E-03 9.73E-06
  458  16.2878  3.58E-02 3.079E-04 1.980E-03 1.622E-06 1.156E-03 2.479E-02 6.293E-02 1.274E-01 2.709E-01 3.350E-01 2.411E-03 9.73E-06
  459  16.3236  3.58E-02 3.069E-04 1.977E-03 1.622E-06 1.153E-03 2.476E-02 6.289E-02 1.289E-01 2.714E-01 3.340E-01 2.404E-03 9.73E-06
  460  16.3594  3.59E-02 3.060E-04 1.975E-03 1.624E-06 1.150E-03 2.472E-02 6.285E-02 1.299E-01 2.718E-01 3.329E-01 2.398E-03 9.74E-06
  461  16.3953  3.59E-02 3.050E-04 1.972E-03 1.625E-06 1.147E-03 2.468E-02 6.280E-02 1.304E-01 2.721E-01 3.319E-01 2.392E-03 9.75E-06
  462  16.4312  3.60E-02 3.041E-04 1.969E-03 1.627E-06 1.144E-03 2.464E-02 6.276E-02 1.305E-01 2.722E-01 3.309E-01 2.386E-03 9.76E-06
  463  16.4673  3.61E-02 3.031E-04 1.967E-03 1.628E-06 1.141E-03 2.460E-02 6.272E-02 1.303E-01 2.721E-01 3.299E-01 2.381E-03 9.77E-06
  464  16.5034  3.61E-02 3.022E-04 1.964E-03 1.629E-06 1.138E-03 2.457E-02 6.268E-02 1.299E-01 2.719E-01 3.289E-01 2.376E-03 9.77E-06
  465  16.5395  3.61E-02 3.013E-04 1.962E-03 1.629E-06 1.135E-03 2.453E-02 6.263E-02 1.296E-01 2.715E-01 3.279E-01 2.371E-03 9.77E-06
  466  16.5756  3.60E-02 3.003E-04 1.959E-03 1.629E-06 1.132E-03 2.449E-02 6.259E-02 1.293E-01 2.710E-01 3.270E-01 2.366E-03 9.77E-06
  467  16.6116  3.60E-02 2.994E-04 1.956E-03 1.629E-06 1.130E-03 2.445E-02 6.255E-02 1.297E-01 2.705E-01 3.260E-01 2.360E-03 9.78E-06
  468  16.6475  3.59E-02 2.985E-04 1.954E-03 1.632E-06 1.127E-03 2.442E-02 6.251E-02 1.307E-01 2.700E-01 3.250E-01 2.355E-03 9.79E-06
  469  16.6835  3.59E-02 2.976E-04 1.951E-03 1.640E-06 1.125E-03 2.438E-02 6.247E-02 1.314E-01 2.696E-01 3.240E-01 2.348E-03 9.84E-06
  470  16.7194  3.59E-02 2.967E-04 1.949E-03 1.649E-06 1.123E-03 2.434E-02 6.243E-02 1.319E-01 2.694E-01 3.231E-01 2.342E-03 9.90E-06
  471  16.7553  3.59E-02 2.958E-04 1.946E-03 1.656E-06 1.121E-03 2.430E-02 6.239E-02 1.322E-01 2.693E-01 3.221E-01 2.335E-03 9.93E-06
  472  16.7912  3.59E-02 2.949E-04 1.943E-03 1.656E-06 1.119E-03 2.427E-02 6.235E-02 1.324E-01 2.692E-01 3.211E-01 2.330E-03 9.94E-06
  473  16.8271  3.59E-02 2.940E-04 1.941E-03 1.654E-06 1.119E-03 2.423E-02 6.230E-02 1.327E-01 2.697E-01 3.202E-01 2.324E-03 9.92E-06
  474  16.8630  3.59E-02 2.931E-04 1.938E-03 1.650E-06 1.118E-03 2.419E-02 6.226E-02 1.329E-01 2.702E-01 3.192E-01 2.320E-03 9.90E-06
  475  16.8988  3.59E-02 2.922E-04 1.936E-03 1.646E-06 1.118E-03 2.416E-02 6.222E-02 1.330E-01 2.706E-01 3.183E-01 2.315E-03 9.88E-06
  476  16.9347  3.59E-02 2.914E-04 1.933E-03 1.643E-06 1.119E-03 2.412E-02 6.218E-02 1.330E-01 2.707E-01 3.174E-01 2.310E-03 9.86E-06
  477  16.9706  3.59E-02 2.905E-04 1.931E-03 1.640E-06 1.119E-03 2.409E-02 6.214E-02 1.328E-01 2.707E-01 3.164E-01 2.305E-03 9.84E-06
  478  17.0064  3.59E-02 2.896E-04 1.928E-03 1.638E-06 1.120E-03 2.405E-02 6.210E-02 1.324E-01 2.705E-01 3.155E-01 2.299E-03 9.83E-06
  479  17.0423  3.58E-02 2.888E-04 1.926E-03 1.636E-06 1.121E-03 2.401E-02 6.206E-02 1.315E-01 2.701E-01 3.146E-01 2.293E-03 9.82E-06
  480  17.0781  3.57E-02 2.879E-04 1.923E-03 1.635E-06 1.123E-03 2.398E-02 6.202E-02 1.313E-01 2.696E-01 3.137E-01 2.288E-03 9.81E-06
  481  17.1138  3.56E-02 2.871E-04 1.921E-03 1.633E-06 1.124E-03 2.394E-02 6.198E-02 1.313E-01 2.690E-01 3.127E-01 2.283E-03 9.80E-06
  482  17.1494  3.55E-02 2.862E-04 1.919E-03 1.632E-06 1.126E-03 2.391E-02 6.194E-02 1.308E-01 2.684E-01 3.118E-01 2.279E-03 9.79E-06
  483  17.1849  3.55E-02 2.854E-04 1.916E-03 1.630E-06 1.128E-03 2.387E-02 6.191E-02 1.300E-01 2.679E-01 3.109E-01 2.274E-03 9.78E-06
  484  17.2203  3.54E-02 2.846E-04 1.914E-03 1.629E-06 1.130E-03 2.384E-02 6.187E-02 1.287E-01 2.676E-01 3.101E-01 2.269E-03 9.78E-06
  485  17.2558  3.54E-02 2.838E-04 1.911E-03 1.629E-06 1.132E-03 2.380E-02 6.183E-02 1.290E-01 2.674E-01 3.092E-01 2.263E-03 9.77E-06
  486  17.2912  3.54E-02 2.829E-04 1.909E-03 1.628E-06 1.134E-03 2.377E-02 6.179E-02 1.290E-01 2.675E-01 3.083E-01 2.258E-03 9.77E-06
  487  17.3266  3.55E-02 2.821E-04 1.907E-03 1.627E-06 1.136E-03 2.374E-02 6.175E-02 1.287E-01 2.676E-01 3.074E-01 2.253E-03 9.76E-06
  488  17.3621  3.55E-02 2.813E-04 1.904E-03 1.626E-06 1.139E-03 2.370E-02 6.171E-02 1.280E-01 2.679E-01 3.065E-01 2.248E-03 9.75E-06
  489  17.3976  3.56E-02 2.805E-04 1.902E-03 1.624E-06 1.141E-03 2.367E-02 6.167E-02 1.271E-01 2.682E-01 3.057E-01 2.243E-03 9.75E-06
  490  17.4332  3.57E-02 2.797E-04 1.899E-03 1.623E-06 1.143E-03 2.363E-02 6.163E-02 1.261E-01 2.685E-01 3.048E-01 2.239E-03 9.74E-06
  491  17.4689  3.57E-02 2.789E-04 1.897E-03 1.622E-06 1.146E-03 2.360E-02 6.160E-02 1.252E-01 2.688E-01 3.039E-01 2.234E-03 9.73E-06
  492  17.5046  3.58E-02 2.781E-04 1.895E-03 1.622E-06 1.148E-03 2.357E-02 6.156E-02 1.262E-01 2.689E-01 3.031E-01 2.229E-03 9.73E-06
  493  17.5404  3.58E-02 2.773E-04 1.892E-03 1.621E-06 1.151E-03 2.353E-02 6.152E-02 1.266E-01 2.689E-01 3.022E-01 2.224E-03 9.73E-06
  494  17.5762  3.59E-02 2.765E-04 1.890E-03 1.621E-06 1.153E-03 2.350E-02 6.148E-02 1.264E-01 2.688E-01 3.013E-01 2.219E-03 9.73E-06
  495  17.6120  3.59E-02 2.757E-04 1.888E-03 1.620E-06 1.155E-03 2.346E-02 6.144E-02 1.257E-01 2.686E-01 3.005E-01 2.214E-03 9.72E-06
