#--it-----t--------dt-------EEK-------EEM-------EEGW------hrms------urms------brms------umax------bmax------o2m------divu2m----gg2m---
    0   1.0000  4.89E-05 0.000E+00 0.000E+00 0.000E+00 0.000E+00 0.000E+00 0.000E+00 0.000E+00 0.000E+00 0.000E+00 0.000E+00 0.00E+00
   20   1.0010  4.88E-05 3.386E-12 7.983E-05 1.000E-14 7.295E-11 2.602E-06 1.264E-02 1.355E-05 3.657E-02 4.360E-06 8.841E-08 6.00E-14
   40   1.0020  4.88E-05 6.118E-11 1.518E-04 1.106E-13 5.419E-10 1.106E-05 1.743E-02 5.667E-05 4.754E-02 7.617E-05 1.697E-06 6.64E-13
   60   1.0029  4.88E-05 3.300E-10 2.233E-04 3.315E-13 1.496E-09 2.569E-05 2.113E-02 1.199E-04 6.077E-02 3.998E-04 9.062E-06 1.99E-12
   80   1.0039  4.87E-05 1.052E-09 3.045E-04 6.422E-13 2.780E-09 4.586E-05 2.468E-02 2.305E-04 6.820E-02 1.262E-03 2.706E-05 3.85E-12
  100   1.0049  4.87E-05 2.575E-09 3.908E-04 1.109E-12 4.271E-09 7.176E-05 2.796E-02 3.860E-04 7.986E-02 3.078E-03 6.146E-05 6.65E-12
  120   1.0059  4.87E-05 5.399E-09 4.684E-04 1.670E-12 5.936E-09 1.039E-04 3.061E-02 5.335E-04 8.065E-02 6.456E-03 1.169E-04 1.00E-11
  140   1.0068  4.87E-05 1.010E-08 5.281E-04 2.307E-12 7.699E-09 1.422E-04 3.250E-02 6.746E-04 8.485E-02 1.208E-02 1.987E-04 1.38E-11
  160   1.0078  4.86E-05 1.719E-08 5.919E-04 3.073E-12 9.473E-09 1.854E-04 3.441E-02 9.099E-04 9.093E-02 2.062E-02 2.966E-04 1.84E-11
  180   1.0088  4.86E-05 2.699E-08 6.698E-04 3.976E-12 1.131E-08 2.324E-04 3.660E-02 1.114E-03 1.004E-01 3.255E-02 3.971E-04 2.39E-11
  200   1.0097  4.85E-05 4.050E-08 7.328E-04 4.833E-12 1.335E-08 2.846E-04 3.828E-02 1.328E-03 1.070E-01 4.910E-02 5.073E-04 2.90E-11
  220   1.0107  4.85E-05 5.825E-08 8.109E-04 5.729E-12 1.550E-08 3.413E-04 4.027E-02 1.540E-03 1.192E-01 7.104E-02 6.227E-04 3.44E-11
  240   1.0117  4.85E-05 8.089E-08 8.592E-04 6.884E-12 1.770E-08 4.022E-04 4.145E-02 1.754E-03 1.140E-01 9.917E-02 7.489E-04 4.13E-11
  260   1.0127  4.84E-05 1.090E-07 9.250E-04 8.042E-12 1.992E-08 4.668E-04 4.301E-02 2.058E-03 1.180E-01 1.340E-01 8.769E-04 4.82E-11
  280   1.0136  4.84E-05 1.434E-07 1.014E-03 9.693E-12 2.221E-08 5.355E-04 4.503E-02 2.398E-03 1.214E-01 1.767E-01 1.031E-03 5.82E-11
  300   1.0146  4.83E-05 1.854E-07 1.061E-03 1.100E-11 2.479E-08 6.089E-04 4.607E-02 2.764E-03 1.246E-01 2.290E-01 1.198E-03 6.60E-11
  320   1.0156  4.82E-05 2.351E-07 1.146E-03 1.213E-11 2.753E-08 6.857E-04 4.787E-02 3.334E-03 1.335E-01 2.911E-01 1.359E-03 7.28E-11
  340   1.0165  4.82E-05 2.937E-07 1.222E-03 1.373E-11 3.030E-08 7.664E-04 4.945E-02 3.942E-03 1.329E-01 3.640E-01 1.541E-03 8.24E-11
  360   1.0175  4.81E-05 3.624E-07 1.282E-03 1.560E-11 3.304E-08 8.514E-04 5.064E-02 4.640E-03 1.460E-01 4.492E-01 1.718E-03 9.36E-11
  380   1.0184  4.80E-05 4.417E-07 1.359E-03 1.762E-11 3.574E-08 9.399E-04 5.213E-02 5.282E-03 1.577E-01 5.473E-01 1.890E-03 1.06E-10
  400   1.0194  4.79E-05 5.339E-07 1.435E-03 1.945E-11 3.848E-08 1.033E-03 5.358E-02 5.962E-03 1.665E-01 6.619E-01 2.085E-03 1.17E-10
  420   1.0204  4.79E-05 6.396E-07 1.531E-03 2.163E-11 4.126E-08 1.131E-03 5.534E-02 6.598E-03 1.669E-01 7.932E-01 2.318E-03 1.30E-10
  440   1.0213  4.78E-05 7.610E-07 1.562E-03 2.309E-11 4.406E-08 1.234E-03 5.590E-02 7.196E-03 1.587E-01 9.440E-01 2.580E-03 1.39E-10
  460   1.0223  4.78E-05 8.977E-07 1.660E-03 2.569E-11 4.665E-08 1.340E-03 5.762E-02 7.692E-03 1.622E-01 1.114E+00 2.845E-03 1.54E-10
  480   1.0232  4.78E-05 1.054E-06 1.725E-03 2.874E-11 4.915E-08 1.452E-03 5.874E-02 8.153E-03 1.596E-01 1.308E+00 3.125E-03 1.72E-10
  500   1.0242  4.78E-05 1.233E-06 1.810E-03 3.144E-11 5.179E-08 1.570E-03 6.017E-02 8.586E-03 1.604E-01 1.529E+00 3.423E-03 1.89E-10
  520   1.0251  4.77E-05 1.434E-06 1.878E-03 3.338E-11 5.462E-08 1.693E-03 6.129E-02 9.023E-03 1.681E-01 1.778E+00 3.730E-03 2.00E-10
  540   1.0261  4.75E-05 1.661E-06 1.967E-03 3.514E-11 5.751E-08 1.823E-03 6.272E-02 9.466E-03 1.654E-01 2.061E+00 4.041E-03 2.11E-10
  560   1.0270  4.75E-05 1.918E-06 2.044E-03 3.779E-11 6.032E-08 1.959E-03 6.394E-02 9.934E-03 1.768E-01 2.380E+00 4.362E-03 2.27E-10
  580   1.0280  4.74E-05 2.203E-06 2.131E-03 3.978E-11 6.305E-08 2.099E-03 6.529E-02 1.039E-02 1.778E-01 2.733E+00 4.690E-03 2.39E-10
  600   1.0289  4.74E-05 2.513E-06 2.205E-03 4.280E-11 6.561E-08 2.242E-03 6.641E-02 1.079E-02 1.876E-01 3.118E+00 5.019E-03 2.57E-10
  620   1.0299  4.75E-05 2.849E-06 2.264E-03 4.670E-11 6.813E-08 2.387E-03 6.729E-02 1.122E-02 1.939E-01 3.535E+00 5.390E-03 2.80E-10
  640   1.0308  4.74E-05 3.208E-06 2.329E-03 4.983E-11 7.081E-08 2.533E-03 6.825E-02 1.182E-02 1.967E-01 3.982E+00 5.763E-03 2.99E-10
  660   1.0318  4.73E-05 3.595E-06 2.409E-03 5.302E-11 7.374E-08 2.682E-03 6.941E-02 1.263E-02 2.075E-01 4.462E+00 6.124E-03 3.18E-10
  680   1.0327  4.71E-05 4.011E-06 2.492E-03 5.547E-11 7.699E-08 2.832E-03 7.060E-02 1.342E-02 2.121E-01 4.976E+00 6.469E-03 3.33E-10
  700   1.0337  4.70E-05 4.457E-06 2.587E-03 5.886E-11 8.048E-08 2.986E-03 7.193E-02 1.417E-02 2.285E-01 5.530E+00 6.769E-03 3.53E-10
  720   1.0346  4.70E-05 4.933E-06 2.629E-03 6.034E-11 8.416E-08 3.141E-03 7.251E-02 1.485E-02 2.287E-01 6.125E+00 7.033E-03 3.62E-10
  740   1.0355  4.70E-05 5.434E-06 2.677E-03 6.234E-11 8.766E-08 3.297E-03 7.317E-02 1.548E-02 2.302E-01 6.747E+00 7.320E-03 3.74E-10
  760   1.0365  4.68E-05 5.967E-06 2.762E-03 6.894E-11 9.082E-08 3.455E-03 7.432E-02 1.609E-02 2.254E-01 7.412E+00 7.641E-03 4.14E-10
  780   1.0374  4.67E-05 6.536E-06 2.831E-03 7.364E-11 9.403E-08 3.616E-03 7.525E-02 1.666E-02 2.248E-01 8.121E+00 8.056E-03 4.42E-10
  800   1.0384  4.67E-05 7.132E-06 2.895E-03 7.768E-11 9.744E-08 3.777E-03 7.610E-02 1.720E-02 2.196E-01 8.868E+00 8.514E-03 4.66E-10
  820   1.0393  4.67E-05 7.767E-06 2.932E-03 8.175E-11 1.010E-07 3.942E-03 7.658E-02 1.769E-02 2.119E-01 9.661E+00 8.991E-03 4.91E-10
  840   1.0402  4.67E-05 8.438E-06 3.017E-03 8.521E-11 1.048E-07 4.108E-03 7.768E-02 1.819E-02 2.195E-01 1.050E+01 9.453E-03 5.11E-10
  860   1.0412  4.67E-05 9.140E-06 3.065E-03 8.827E-11 1.085E-07 4.276E-03 7.830E-02 1.856E-02 2.208E-01 1.138E+01 1.004E-02 5.30E-10
  880   1.0421  4.67E-05 9.863E-06 3.085E-03 9.096E-11 1.122E-07 4.442E-03 7.855E-02 1.878E-02 2.124E-01 1.228E+01 1.062E-02 5.46E-10
  900   1.0430  4.67E-05 1.062E-05 3.193E-03 9.551E-11 1.157E-07 4.609E-03 7.992E-02 1.897E-02 2.124E-01 1.323E+01 1.127E-02 5.73E-10
  920   1.0440  4.67E-05 1.141E-05 3.216E-03 1.025E-10 1.192E-07 4.777E-03 8.020E-02 1.941E-02 2.144E-01 1.422E+01 1.207E-02 6.15E-10
  940   1.0449  4.67E-05 1.223E-05 3.327E-03 1.053E-10 1.230E-07 4.946E-03 8.157E-02 2.017E-02 2.205E-01 1.527E+01 1.295E-02 6.32E-10
  960   1.0458  4.67E-05 1.310E-05 3.401E-03 1.065E-10 1.268E-07 5.120E-03 8.247E-02 2.094E-02 2.221E-01 1.637E+01 1.383E-02 6.39E-10
  980   1.0468  4.66E-05 1.401E-05 3.431E-03 1.101E-10 1.305E-07 5.294E-03 8.284E-02 2.183E-02 2.230E-01 1.753E+01 1.462E-02 6.61E-10
 1000   1.0477  4.65E-05 1.497E-05 3.487E-03 1.143E-10 1.339E-07 5.472E-03 8.351E-02 2.279E-02 2.347E-01 1.875E+01 1.533E-02 6.86E-10
 1020   1.0486  4.65E-05 1.598E-05 3.584E-03 1.201E-10 1.370E-07 5.653E-03 8.466E-02 2.372E-02 2.375E-01 2.005E+01 1.615E-02 7.20E-10
 1040   1.0495  4.64E-05 1.704E-05 3.667E-03 1.261E-10 1.400E-07 5.838E-03 8.564E-02 2.454E-02 2.382E-01 2.141E+01 1.707E-02 7.56E-10
 1060   1.0505  4.63E-05 1.815E-05 3.764E-03 1.326E-10 1.430E-07 6.026E-03 8.676E-02 2.527E-02 2.430E-01 2.284E+01 1.814E-02 7.96E-10
 1080   1.0514  4.62E-05 1.930E-05 3.819E-03 1.364E-10 1.461E-07 6.213E-03 8.739E-02 2.596E-02 2.548E-01 2.433E+01 1.924E-02 8.18E-10
 1100   1.0523  4.62E-05 2.049E-05 3.891E-03 1.391E-10 1.492E-07 6.401E-03 8.822E-02 2.659E-02 2.576E-01 2.588E+01 2.027E-02 8.35E-10
 1120   1.0532  4.61E-05 2.170E-05 3.934E-03 1.451E-10 1.522E-07 6.588E-03 8.870E-02 2.730E-02 2.534E-01 2.749E+01 2.122E-02 8.70E-10
 1140   1.0542  4.61E-05 2.295E-05 4.005E-03 1.507E-10 1.552E-07 6.775E-03 8.949E-02 2.812E-02 2.551E-01 2.915E+01 2.223E-02 9.04E-10
 1160   1.0551  4.61E-05 2.424E-05 4.092E-03 1.536E-10 1.581E-07 6.963E-03 9.047E-02 2.883E-02 2.618E-01 3.089E+01 2.333E-02 9.22E-10
 1180   1.0560  4.62E-05 2.556E-05 4.124E-03 1.583E-10 1.609E-07 7.150E-03 9.082E-02 2.927E-02 2.663E-01 3.268E+01 2.447E-02 9.50E-10
 1200   1.0569  4.61E-05 2.693E-05 4.183E-03 1.625E-10 1.635E-07 7.338E-03 9.147E-02 2.956E-02 2.616E-01 3.454E+01 2.529E-02 9.75E-10
 1220   1.0579  4.60E-05 2.834E-05 4.279E-03 1.701E-10 1.659E-07 7.528E-03 9.251E-02 2.967E-02 2.801E-01 3.648E+01 2.622E-02 1.02E-09
 1240   1.0588  4.60E-05 2.978E-05 4.329E-03 1.797E-10 1.684E-07 7.717E-03 9.305E-02 2.969E-02 2.760E-01 3.849E+01 2.756E-02 1.08E-09
 1260   1.0597  4.60E-05 3.127E-05 4.454E-03 1.839E-10 1.713E-07 7.908E-03 9.438E-02 2.981E-02 2.839E-01 4.059E+01 2.893E-02 1.10E-09
 1280   1.0606  4.59E-05 3.279E-05 4.509E-03 1.905E-10 1.744E-07 8.098E-03 9.497E-02 2.999E-02 2.901E-01 4.278E+01 3.038E-02 1.14E-09
 1300   1.0615  4.58E-05 3.436E-05 4.557E-03 1.971E-10 1.779E-07 8.289E-03 9.547E-02 3.015E-02 2.914E-01 4.506E+01 3.215E-02 1.18E-09
 1320   1.0625  4.58E-05 3.596E-05 4.601E-03 2.025E-10 1.817E-07 8.480E-03 9.593E-02 3.047E-02 2.912E-01 4.742E+01 3.399E-02 1.22E-09
 1340   1.0634  4.57E-05 3.761E-05 4.685E-03 2.112E-10 1.857E-07 8.673E-03 9.680E-02 3.097E-02 2.932E-01 4.988E+01 3.616E-02 1.27E-09
 1360   1.0643  4.56E-05 3.929E-05 4.708E-03 2.147E-10 1.900E-07 8.864E-03 9.704E-02 3.172E-02 2.908E-01 5.241E+01 3.848E-02 1.29E-09
 1380   1.0652  4.56E-05 4.100E-05 4.777E-03 2.177E-10 1.944E-07 9.055E-03 9.775E-02 3.243E-02 2.938E-01 5.503E+01 4.082E-02 1.31E-09
 1400   1.0661  4.56E-05 4.275E-05 4.802E-03 2.212E-10 1.991E-07 9.246E-03 9.800E-02 3.311E-02 2.991E-01 5.777E+01 4.358E-02 1.33E-09
 1420   1.0670  4.56E-05 4.451E-05 4.885E-03 2.193E-10 2.040E-07 9.435E-03 9.884E-02 3.385E-02 3.060E-01 6.057E+01 4.655E-02 1.32E-09
 1440   1.0679  4.56E-05 4.634E-05 4.993E-03 2.191E-10 2.088E-07 9.626E-03 9.993E-02 3.459E-02 3.121E-01 6.353E+01 4.930E-02 1.31E-09
 1460   1.0688  4.56E-05 4.822E-05 5.032E-03 2.242E-10 2.133E-07 9.819E-03 1.003E-01 3.529E-02 3.159E-01 6.661E+01 5.198E-02 1.35E-09
 1480   1.0698  4.56E-05 5.013E-05 5.132E-03 2.316E-10 2.173E-07 1.001E-02 1.013E-01 3.584E-02 3.160E-01 6.982E+01 5.492E-02 1.39E-09
 1500   1.0707  4.55E-05 5.211E-05 5.169E-03 2.386E-10 2.208E-07 1.021E-02 1.017E-01 3.670E-02 3.247E-01 7.318E+01 5.819E-02 1.43E-09
 1520   1.0716  4.54E-05 5.410E-05 5.201E-03 2.431E-10 2.239E-07 1.040E-02 1.020E-01 3.852E-02 3.194E-01 7.664E+01 6.075E-02 1.46E-09
 1540   1.0725  4.54E-05 5.614E-05 5.290E-03 2.503E-10 2.264E-07 1.060E-02 1.029E-01 4.052E-02 3.215E-01 8.027E+01 6.292E-02 1.50E-09
 1560   1.0734  4.51E-05 5.822E-05 5.323E-03 2.584E-10 2.286E-07 1.079E-02 1.032E-01 4.238E-02 3.180E-01 8.403E+01 6.659E-02 1.55E-09
 1580   1.0743  4.51E-05 6.032E-05 5.339E-03 2.590E-10 2.307E-07 1.098E-02 1.033E-01 4.423E-02 3.098E-01 8.791E+01 7.121E-02 1.55E-09
 1600   1.0752  4.51E-05 6.243E-05 5.389E-03 2.643E-10 2.324E-07 1.117E-02 1.038E-01 4.628E-02 3.043E-01 9.192E+01 7.591E-02 1.59E-09
 1620   1.0761  4.50E-05 6.457E-05 5.409E-03 2.760E-10 2.337E-07 1.136E-02 1.040E-01 4.838E-02 3.058E-01 9.605E+01 8.010E-02 1.66E-09
 1640   1.0770  4.49E-05 6.673E-05 5.442E-03 2.763E-10 2.348E-07 1.155E-02 1.043E-01 5.041E-02 2.983E-01 1.003E+02 8.319E-02 1.66E-09
 1660   1.0779  4.49E-05 6.892E-05 5.492E-03 2.744E-10 2.354E-07 1.174E-02 1.048E-01 5.243E-02 2.972E-01 1.047E+02 8.623E-02 1.65E-09
 1680   1.0788  4.48E-05 7.114E-05 5.529E-03 2.862E-10 2.355E-07 1.193E-02 1.052E-01 5.441E-02 3.022E-01 1.093E+02 9.118E-02 1.72E-09
 1700   1.0797  4.47E-05 7.342E-05 5.644E-03 2.966E-10 2.352E-07 1.212E-02 1.062E-01 5.630E-02 3.002E-01 1.141E+02 9.730E-02 1.78E-09
 1720   1.0806  4.47E-05 7.576E-05 5.682E-03 3.044E-10 2.347E-07 1.231E-02 1.066E-01 5.760E-02 3.068E-01 1.191E+02 1.033E-01 1.83E-09
 1740   1.0815  4.47E-05 7.811E-05 5.696E-03 3.152E-10 2.342E-07 1.250E-02 1.067E-01 5.838E-02 3.031E-01 1.242E+02 1.089E-01 1.89E-09
 1760   1.0824  4.46E-05 8.048E-05 5.785E-03 3.211E-10 2.335E-07 1.269E-02 1.076E-01 5.889E-02 3.076E-01 1.294E+02 1.146E-01 1.93E-09
 1780   1.0833  4.45E-05 8.289E-05 5.838E-03 3.280E-10 2.327E-07 1.287E-02 1.081E-01 5.980E-02 3.078E-01 1.348E+02 1.200E-01 1.97E-09
 1800   1.0841  4.45E-05 8.533E-05 5.909E-03 3.419E-10 2.319E-07 1.306E-02 1.087E-01 6.094E-02 3.103E-01 1.404E+02 1.268E-01 2.05E-09
 1820   1.0850  4.44E-05 8.777E-05 5.916E-03 3.453E-10 2.312E-07 1.325E-02 1.088E-01 6.236E-02 3.073E-01 1.462E+02 1.344E-01 2.07E-09
 1840   1.0859  4.43E-05 9.022E-05 5.977E-03 3.440E-10 2.306E-07 1.343E-02 1.093E-01 6.397E-02 3.103E-01 1.522E+02 1.408E-01 2.06E-09
 1860   1.0868  4.41E-05 9.268E-05 6.026E-03 3.548E-10 2.298E-07 1.361E-02 1.098E-01 6.567E-02 3.035E-01 1.583E+02 1.479E-01 2.13E-09
 1880   1.0877  4.40E-05 9.515E-05 6.040E-03 3.635E-10 2.288E-07 1.379E-02 1.099E-01 6.725E-02 2.904E-01 1.645E+02 1.565E-01 2.18E-09
 1900   1.0886  4.40E-05 9.763E-05 6.121E-03 3.690E-10 2.277E-07 1.397E-02 1.106E-01 6.845E-02 2.942E-01 1.710E+02 1.667E-01 2.21E-09
 1920   1.0894  4.39E-05 1.002E-04 6.209E-03 3.807E-10 2.267E-07 1.415E-02 1.114E-01 6.969E-02 2.931E-01 1.778E+02 1.755E-01 2.28E-09
 1940   1.0903  4.37E-05 1.027E-04 6.301E-03 3.878E-10 2.258E-07 1.433E-02 1.123E-01 7.138E-02 3.022E-01 1.847E+02 1.815E-01 2.33E-09
 1960   1.0912  4.36E-05 1.054E-04 6.406E-03 3.924E-10 2.254E-07 1.452E-02 1.132E-01 7.325E-02 3.013E-01 1.920E+02 1.898E-01 2.35E-09
 1980   1.0921  4.34E-05 1.081E-04 6.467E-03 4.046E-10 2.255E-07 1.470E-02 1.137E-01 7.580E-02 3.063E-01 1.996E+02 2.005E-01 2.43E-09
 2000   1.0929  4.32E-05 1.108E-04 6.538E-03 4.129E-10 2.261E-07 1.488E-02 1.143E-01 7.899E-02 3.041E-01 2.074E+02 2.124E-01 2.48E-09
 2020   1.0938  4.31E-05 1.135E-04 6.568E-03 4.125E-10 2.272E-07 1.507E-02 1.146E-01 8.216E-02 3.063E-01 2.155E+02 2.236E-01 2.48E-09
 2040   1.0946  4.29E-05 1.163E-04 6.652E-03 4.177E-10 2.282E-07 1.525E-02 1.153E-01 8.484E-02 3.085E-01 2.237E+02 2.351E-01 2.51E-09
 2060   1.0955  4.28E-05 1.191E-04 6.728E-03 4.313E-10 2.293E-07 1.543E-02 1.160E-01 8.677E-02 3.140E-01 2.321E+02 2.477E-01 2.59E-09
 2080   1.0964  4.27E-05 1.219E-04 6.814E-03 4.421E-10 2.307E-07 1.561E-02 1.167E-01 8.800E-02 3.153E-01 2.408E+02 2.603E-01 2.65E-09
 2100   1.0972  4.26E-05 1.248E-04 6.920E-03 4.436E-10 2.325E-07 1.580E-02 1.176E-01 8.934E-02 3.178E-01 2.498E+02 2.717E-01 2.66E-09
 2120   1.0981  4.25E-05 1.278E-04 6.984E-03 4.483E-10 2.349E-07 1.599E-02 1.182E-01 9.096E-02 3.206E-01 2.592E+02 2.821E-01 2.69E-09
 2140   1.0989  4.25E-05 1.309E-04 7.088E-03 4.574E-10 2.375E-07 1.618E-02 1.191E-01 9.239E-02 3.391E-01 2.689E+02 2.944E-01 2.74E-09
 2160   1.0998  4.23E-05 1.341E-04 7.149E-03 4.689E-10 2.405E-07 1.637E-02 1.196E-01 9.434E-02 3.433E-01 2.789E+02 3.079E-01 2.81E-09
 2180   1.1006  4.22E-05 1.373E-04 7.192E-03 4.861E-10 2.439E-07 1.656E-02 1.199E-01 9.636E-02 3.432E-01 2.892E+02 3.157E-01 2.92E-09
 2200   1.1015  4.21E-05 1.405E-04 7.185E-03 4.946E-10 2.479E-07 1.676E-02 1.199E-01 9.846E-02 3.430E-01 2.997E+02 3.129E-01 2.97E-09
 2220   1.1023  4.20E-05 1.437E-04 7.178E-03 4.869E-10 2.524E-07 1.695E-02 1.198E-01 1.007E-01 3.429E-01 3.105E+02 3.082E-01 2.92E-09
 2240   1.1031  4.19E-05 1.469E-04 7.171E-03 4.803E-10 2.572E-07 1.713E-02 1.198E-01 1.027E-01 3.425E-01 3.215E+02 3.055E-01 2.88E-09
 2260   1.1040  4.18E-05 1.501E-04 7.164E-03 4.758E-10 2.621E-07 1.732E-02 1.197E-01 1.047E-01 3.423E-01 3.327E+02 3.041E-01 2.85E-09
 2280   1.1048  4.17E-05 1.533E-04 7.157E-03 4.668E-10 2.670E-07 1.751E-02 1.196E-01 1.065E-01 3.420E-01 3.440E+02 3.048E-01 2.80E-09
 2300   1.1056  4.16E-05 1.565E-04 7.150E-03 4.631E-10 2.718E-07 1.769E-02 1.196E-01 1.082E-01 3.418E-01 3.556E+02 3.072E-01 2.78E-09
 2320   1.1065  4.15E-05 1.597E-04 7.143E-03 4.649E-10 2.762E-07 1.787E-02 1.195E-01 1.101E-01 3.414E-01 3.673E+02 3.072E-01 2.79E-09
 2340   1.1073  4.14E-05 1.629E-04 7.136E-03 4.611E-10 2.802E-07 1.805E-02 1.195E-01 1.118E-01 3.409E-01 3.792E+02 3.056E-01 2.77E-09
 2360   1.1081  4.13E-05 1.661E-04 7.129E-03 4.566E-10 2.837E-07 1.822E-02 1.194E-01 1.136E-01 3.404E-01 3.913E+02 3.044E-01 2.74E-09
 2380   1.1090  4.12E-05 1.692E-04 7.122E-03 4.592E-10 2.867E-07 1.839E-02 1.193E-01 1.152E-01 3.398E-01 4.035E+02 3.028E-01 2.76E-09
 2400   1.1098  4.11E-05 1.724E-04 7.115E-03 4.616E-10 2.893E-07 1.856E-02 1.193E-01 1.168E-01 3.391E-01 4.159E+02 3.030E-01 2.77E-09
 2420   1.1106  4.11E-05 1.754E-04 7.108E-03 4.624E-10 2.916E-07 1.873E-02 1.192E-01 1.179E-01 3.382E-01 4.284E+02 3.047E-01 2.77E-09
 2440   1.1114  4.10E-05 1.785E-04 7.101E-03 4.665E-10 2.937E-07 1.889E-02 1.192E-01 1.192E-01 3.371E-01 4.411E+02 3.066E-01 2.80E-09
 2460   1.1122  4.09E-05 1.815E-04 7.094E-03 4.670E-10 2.955E-07 1.905E-02 1.191E-01 1.201E-01 3.360E-01 4.540E+02 3.055E-01 2.80E-09
 2480   1.1131  4.09E-05 1.845E-04 7.088E-03 4.643E-10 2.971E-07 1.920E-02 1.191E-01 1.213E-01 3.347E-01 4.670E+02 3.030E-01 2.79E-09
 2500   1.1139  4.08E-05 1.875E-04 7.081E-03 4.661E-10 2.984E-07 1.936E-02 1.190E-01 1.221E-01 3.334E-01 4.801E+02 3.019E-01 2.80E-09
 2520   1.1147  4.07E-05 1.904E-04 7.074E-03 4.647E-10 2.995E-07 1.951E-02 1.189E-01 1.232E-01 3.319E-01 4.934E+02 3.022E-01 2.79E-09
 2540   1.1155  4.07E-05 1.932E-04 7.068E-03 4.586E-10 3.005E-07 1.965E-02 1.189E-01 1.236E-01 3.304E-01 5.068E+02 3.030E-01 2.75E-09
 2560   1.1163  4.06E-05 1.961E-04 7.061E-03 4.611E-10 3.011E-07 1.980E-02 1.188E-01 1.240E-01 3.290E-01 5.204E+02 3.030E-01 2.77E-09
 2580   1.1171  4.06E-05 1.989E-04 7.054E-03 4.658E-10 3.015E-07 1.994E-02 1.188E-01 1.244E-01 3.286E-01 5.342E+02 3.032E-01 2.79E-09
 2600   1.1179  4.06E-05 2.016E-04 7.048E-03 4.618E-10 3.017E-07 2.007E-02 1.187E-01 1.246E-01 3.287E-01 5.481E+02 3.044E-01 2.77E-09
 2620   1.1187  4.05E-05 2.043E-04 7.041E-03 4.602E-10 3.015E-07 2.021E-02 1.187E-01 1.248E-01 3.289E-01 5.621E+02 3.043E-01 2.76E-09
 2640   1.1196  4.05E-05 2.070E-04 7.035E-03 4.612E-10 3.010E-07 2.034E-02 1.186E-01 1.253E-01 3.291E-01 5.763E+02 3.020E-01 2.77E-09
 2660   1.1204  4.05E-05 2.096E-04 7.029E-03 4.559E-10 3.002E-07 2.047E-02 1.186E-01 1.254E-01 3.292E-01 5.906E+02 2.988E-01 2.74E-09
 2680   1.1212  4.05E-05 2.122E-04 7.022E-03 4.547E-10 2.989E-07 2.059E-02 1.185E-01 1.253E-01 3.292E-01 6.050E+02 2.972E-01 2.73E-09
 2700   1.1220  4.05E-05 2.147E-04 7.016E-03 4.610E-10 2.973E-07 2.072E-02 1.185E-01 1.253E-01 3.291E-01 6.196E+02 2.983E-01 2.77E-09
 2720   1.1228  4.05E-05 2.172E-04 7.010E-03 4.605E-10 2.955E-07 2.084E-02 1.184E-01 1.252E-01 3.290E-01 6.344E+02 2.993E-01 2.76E-09
 2740   1.1236  4.05E-05 2.197E-04 7.004E-03 4.583E-10 2.935E-07 2.095E-02 1.184E-01 1.250E-01 3.291E-01 6.492E+02 2.986E-01 2.75E-09
 2760   1.1244  4.05E-05 2.221E-04 6.997E-03 4.698E-10 2.912E-07 2.107E-02 1.183E-01 1.247E-01 3.291E-01 6.642E+02 2.970E-01 2.82E-09
 2780   1.1252  4.05E-05 2.244E-04 6.991E-03 4.830E-10 2.889E-07 2.118E-02 1.182E-01 1.243E-01 3.290E-01 6.793E+02 2.961E-01 2.90E-09
 2800   1.1260  4.05E-05 2.268E-04 6.985E-03 4.828E-10 2.867E-07 2.129E-02 1.182E-01 1.236E-01 3.289E-01 6.946E+02 2.952E-01 2.90E-09
 2820   1.1268  4.06E-05 2.291E-04 6.979E-03 4.793E-10 2.848E-07 2.140E-02 1.181E-01 1.227E-01 3.288E-01 7.100E+02 2.942E-01 2.88E-09
 2840   1.1277  4.06E-05 2.313E-04 6.973E-03 4.790E-10 2.830E-07 2.150E-02 1.181E-01 1.220E-01 3.289E-01 7.255E+02 2.936E-01 2.87E-09
#--it-----t--------dt-------EEK-------EEM-------EEGW------hrms------urms------brms------umax------bmax------o2m------divu2m----gg2m---
    0   1.1139  4.08E-05 1.875E-04 7.081E-03 4.661E-10 2.984E-07 1.936E-02 1.190E-01 1.221E-01 3.334E-01 4.801E+02 3.019E-01 2.80E-09
   20   1.1147  4.07E-05 1.904E-04 7.074E-03 4.647E-10 2.995E-07 1.951E-02 1.189E-01 1.232E-01 3.319E-01 4.934E+02 3.022E-01 2.79E-09
   40   1.1155  4.07E-05 1.932E-04 7.068E-03 4.586E-10 3.005E-07 1.965E-02 1.189E-01 1.236E-01 3.304E-01 5.068E+02 3.030E-01 2.75E-09
   60   1.1163  4.06E-05 1.961E-04 7.061E-03 4.611E-10 3.011E-07 1.980E-02 1.188E-01 1.240E-01 3.290E-01 5.204E+02 3.030E-01 2.77E-09
   80   1.1171  4.06E-05 1.989E-04 7.054E-03 4.658E-10 3.015E-07 1.994E-02 1.188E-01 1.244E-01 3.286E-01 5.342E+02 3.032E-01 2.79E-09
  100   1.1179  4.06E-05 2.016E-04 7.048E-03 4.618E-10 3.017E-07 2.007E-02 1.187E-01 1.246E-01 3.287E-01 5.481E+02 3.044E-01 2.77E-09
  120   1.1187  4.05E-05 2.043E-04 7.041E-03 4.602E-10 3.015E-07 2.021E-02 1.187E-01 1.248E-01 3.289E-01 5.621E+02 3.043E-01 2.76E-09
  140   1.1196  4.05E-05 2.070E-04 7.035E-03 4.612E-10 3.010E-07 2.034E-02 1.186E-01 1.253E-01 3.291E-01 5.763E+02 3.020E-01 2.77E-09
  160   1.1204  4.05E-05 2.096E-04 7.029E-03 4.559E-10 3.002E-07 2.047E-02 1.186E-01 1.254E-01 3.292E-01 5.906E+02 2.988E-01 2.74E-09
  180   1.1212  4.05E-05 2.122E-04 7.022E-03 4.547E-10 2.989E-07 2.059E-02 1.185E-01 1.253E-01 3.292E-01 6.050E+02 2.972E-01 2.73E-09
  200   1.1220  4.05E-05 2.147E-04 7.016E-03 4.610E-10 2.973E-07 2.072E-02 1.185E-01 1.253E-01 3.291E-01 6.196E+02 2.983E-01 2.77E-09
  220   1.1228  4.05E-05 2.172E-04 7.010E-03 4.605E-10 2.955E-07 2.084E-02 1.184E-01 1.252E-01 3.290E-01 6.344E+02 2.993E-01 2.76E-09
  240   1.1236  4.05E-05 2.197E-04 7.004E-03 4.583E-10 2.935E-07 2.095E-02 1.184E-01 1.250E-01 3.291E-01 6.492E+02 2.986E-01 2.75E-09
  260   1.1244  4.05E-05 2.221E-04 6.997E-03 4.698E-10 2.912E-07 2.107E-02 1.183E-01 1.247E-01 3.291E-01 6.642E+02 2.970E-01 2.82E-09
  280   1.1252  4.05E-05 2.244E-04 6.991E-03 4.830E-10 2.889E-07 2.118E-02 1.182E-01 1.243E-01 3.290E-01 6.793E+02 2.961E-01 2.90E-09
  300   1.1260  4.05E-05 2.268E-04 6.985E-03 4.828E-10 2.867E-07 2.129E-02 1.182E-01 1.236E-01 3.289E-01 6.946E+02 2.952E-01 2.90E-09
  320   1.1268  4.06E-05 2.291E-04 6.979E-03 4.793E-10 2.848E-07 2.140E-02 1.181E-01 1.227E-01 3.288E-01 7.100E+02 2.942E-01 2.88E-09
  340   1.1277  4.06E-05 2.313E-04 6.973E-03 4.790E-10 2.830E-07 2.150E-02 1.181E-01 1.220E-01 3.289E-01 7.255E+02 2.936E-01 2.87E-09
  360   1.1285  4.06E-05 2.335E-04 6.967E-03 4.750E-10 2.814E-07 2.160E-02 1.180E-01 1.212E-01 3.290E-01 7.411E+02 2.933E-01 2.85E-09
  380   1.1293  4.07E-05 2.357E-04 6.961E-03 4.729E-10 2.798E-07 2.170E-02 1.180E-01 1.203E-01 3.291E-01 7.569E+02 2.929E-01 2.84E-09
  400   1.1301  4.07E-05 2.378E-04 6.955E-03 4.760E-10 2.781E-07 2.180E-02 1.179E-01 1.194E-01 3.292E-01 7.728E+02 2.933E-01 2.86E-09
  420   1.1309  4.08E-05 2.399E-04 6.949E-03 4.730E-10 2.762E-07 2.190E-02 1.179E-01 1.182E-01 3.293E-01 7.888E+02 2.940E-01 2.84E-09
  440   1.1317  4.09E-05 2.420E-04 6.944E-03 4.706E-10 2.741E-07 2.199E-02 1.178E-01 1.170E-01 3.295E-01 8.049E+02 2.938E-01 2.82E-09
  460   1.1325  4.09E-05 2.440E-04 6.938E-03 4.791E-10 2.717E-07 2.208E-02 1.178E-01 1.158E-01 3.296E-01 8.212E+02 2.917E-01 2.87E-09
  480   1.1334  4.10E-05 2.460E-04 6.932E-03 4.824E-10 2.696E-07 2.217E-02 1.177E-01 1.143E-01 3.298E-01 8.375E+02 2.895E-01 2.89E-09
  500   1.1342  4.11E-05 2.480E-04 6.926E-03 4.760E-10 2.677E-07 2.226E-02 1.177E-01 1.127E-01 3.299E-01 8.540E+02 2.886E-01 2.86E-09
  520   1.1350  4.11E-05 2.499E-04 6.920E-03 4.784E-10 2.660E-07 2.235E-02 1.176E-01 1.113E-01 3.301E-01 8.706E+02 2.879E-01 2.87E-09
  540   1.1358  4.12E-05 2.518E-04 6.915E-03 4.857E-10 2.647E-07 2.243E-02 1.176E-01 1.100E-01 3.302E-01 8.874E+02 2.870E-01 2.91E-09
  560   1.1367  4.13E-05 2.536E-04 6.909E-03 4.814E-10 2.639E-07 2.251E-02 1.175E-01 1.087E-01 3.303E-01 9.042E+02 2.871E-01 2.89E-09
  580   1.1375  4.13E-05 2.554E-04 6.903E-03 4.727E-10 2.635E-07 2.259E-02 1.175E-01 1.075E-01 3.304E-01 9.211E+02 2.882E-01 2.84E-09
  600   1.1383  4.14E-05 2.572E-04 6.898E-03 4.699E-10 2.634E-07 2.267E-02 1.175E-01 1.061E-01 3.303E-01 9.382E+02 2.892E-01 2.82E-09
  620   1.1391  4.15E-05 2.589E-04 6.892E-03 4.685E-10 2.636E-07 2.275E-02 1.174E-01 1.050E-01 3.303E-01 9.553E+02 2.882E-01 2.81E-09
  640   1.1400  4.16E-05 2.607E-04 6.886E-03 4.651E-10 2.640E-07 2.282E-02 1.174E-01 1.042E-01 3.303E-01 9.725E+02 2.860E-01 2.79E-09
  660   1.1408  4.16E-05 2.623E-04 6.881E-03 4.633E-10 2.646E-07 2.290E-02 1.173E-01 1.049E-01 3.303E-01 9.899E+02 2.867E-01 2.78E-09
  680   1.1416  4.17E-05 2.640E-04 6.875E-03 4.632E-10 2.651E-07 2.297E-02 1.173E-01 1.052E-01 3.302E-01 1.007E+03 2.883E-01 2.78E-09
  700   1.1425  4.18E-05 2.656E-04 6.870E-03 4.621E-10 2.655E-07 2.304E-02 1.172E-01 1.056E-01 3.300E-01 1.025E+03 2.889E-01 2.77E-09
  720   1.1433  4.18E-05 2.672E-04 6.864E-03 4.605E-10 2.657E-07 2.311E-02 1.172E-01 1.057E-01 3.296E-01 1.042E+03 2.898E-01 2.76E-09
  740   1.1441  4.17E-05 2.687E-04 6.858E-03 4.584E-10 2.657E-07 2.317E-02 1.171E-01 1.058E-01 3.292E-01 1.060E+03 2.892E-01 2.75E-09
  760   1.1450  4.16E-05 2.702E-04 6.853E-03 4.535E-10 2.653E-07 2.324E-02 1.171E-01 1.059E-01 3.288E-01 1.077E+03 2.890E-01 2.72E-09
  780   1.1458  4.16E-05 2.717E-04 6.847E-03 4.481E-10 2.647E-07 2.330E-02 1.170E-01 1.066E-01 3.285E-01 1.095E+03 2.905E-01 2.69E-09
  800   1.1466  4.15E-05 2.731E-04 6.842E-03 4.481E-10 2.635E-07 2.336E-02 1.170E-01 1.075E-01 3.282E-01 1.113E+03 2.889E-01 2.69E-09
  820   1.1475  4.14E-05 2.745E-04 6.837E-03 4.535E-10 2.620E-07 2.342E-02 1.169E-01 1.084E-01 3.278E-01 1.130E+03 2.830E-01 2.72E-09
  840   1.1483  4.14E-05 2.759E-04 6.831E-03 4.588E-10 2.602E-07 2.348E-02 1.169E-01 1.091E-01 3.275E-01 1.148E+03 2.799E-01 2.75E-09
  860   1.1491  4.14E-05 2.772E-04 6.826E-03 4.589E-10 2.583E-07 2.354E-02 1.168E-01 1.103E-01 3.272E-01 1.165E+03 2.814E-01 2.75E-09
  880   1.1500  4.13E-05 2.785E-04 6.821E-03 4.567E-10 2.565E-07 2.359E-02 1.168E-01 1.117E-01 3.270E-01 1.183E+03 2.831E-01 2.74E-09
  900   1.1508  4.13E-05 2.798E-04 6.815E-03 4.579E-10 2.546E-07 2.365E-02 1.168E-01 1.133E-01 3.268E-01 1.200E+03 2.829E-01 2.75E-09
  920   1.1516  4.12E-05 2.811E-04 6.810E-03 4.602E-10 2.525E-07 2.370E-02 1.167E-01 1.145E-01 3.265E-01 1.218E+03 2.821E-01 2.76E-09
  940   1.1524  4.12E-05 2.823E-04 6.805E-03 4.600E-10 2.502E-07 2.375E-02 1.167E-01 1.157E-01 3.263E-01 1.235E+03 2.827E-01 2.76E-09
  960   1.1533  4.12E-05 2.835E-04 6.800E-03 4.620E-10 2.477E-07 2.380E-02 1.166E-01 1.169E-01 3.260E-01 1.253E+03 2.832E-01 2.77E-09
  980   1.1541  4.12E-05 2.846E-04 6.794E-03 4.682E-10 2.448E-07 2.385E-02 1.166E-01 1.178E-01 3.257E-01 1.270E+03 2.817E-01 2.81E-09
 1000   1.1549  4.11E-05 2.858E-04 6.789E-03 4.733E-10 2.419E-07 2.390E-02 1.165E-01 1.189E-01 3.254E-01 1.287E+03 2.795E-01 2.84E-09
 1020   1.1557  4.11E-05 2.869E-04 6.784E-03 4.763E-10 2.392E-07 2.394E-02 1.165E-01 1.199E-01 3.252E-01 1.305E+03 2.789E-01 2.86E-09
 1040   1.1565  4.10E-05 2.880E-04 6.779E-03 4.801E-10 2.368E-07 2.399E-02 1.164E-01 1.211E-01 3.250E-01 1.322E+03 2.803E-01 2.88E-09
 1060   1.1574  4.10E-05 2.890E-04 6.774E-03 4.784E-10 2.349E-07 2.403E-02 1.164E-01 1.220E-01 3.248E-01 1.339E+03 2.804E-01 2.87E-09
 1080   1.1582  4.10E-05 2.901E-04 6.769E-03 4.703E-10 2.337E-07 2.408E-02 1.163E-01 1.227E-01 3.246E-01 1.357E+03 2.787E-01 2.82E-09
 1100   1.1590  4.10E-05 2.911E-04 6.763E-03 4.701E-10 2.328E-07 2.412E-02 1.163E-01 1.233E-01 3.243E-01 1.374E+03 2.790E-01 2.82E-09
 1120   1.1598  4.10E-05 2.921E-04 6.758E-03 4.771E-10 2.322E-07 2.416E-02 1.163E-01 1.236E-01 3.240E-01 1.391E+03 2.804E-01 2.86E-09
 1140   1.1606  4.10E-05 2.930E-04 6.753E-03 4.735E-10 2.321E-07 2.420E-02 1.162E-01 1.237E-01 3.237E-01 1.408E+03 2.806E-01 2.84E-09
 1160   1.1615  4.10E-05 2.939E-04 6.748E-03 4.614E-10 2.324E-07 2.424E-02 1.162E-01 1.236E-01 3.234E-01 1.425E+03 2.794E-01 2.77E-09
 1180   1.1623  4.10E-05 2.949E-04 6.743E-03 4.586E-10 2.327E-07 2.427E-02 1.161E-01 1.235E-01 3.233E-01 1.442E+03 2.784E-01 2.75E-09
 1200   1.1631  4.10E-05 2.957E-04 6.738E-03 4.668E-10 2.328E-07 2.431E-02 1.161E-01 1.234E-01 3.232E-01 1.459E+03 2.783E-01 2.80E-09
 1220   1.1639  4.10E-05 2.966E-04 6.733E-03 4.735E-10 2.330E-07 2.435E-02 1.160E-01 1.229E-01 3.230E-01 1.476E+03 2.781E-01 2.84E-09
 1240   1.1647  4.10E-05 2.975E-04 6.728E-03 4.737E-10 2.334E-07 2.438E-02 1.160E-01 1.231E-01 3.228E-01 1.493E+03 2.770E-01 2.84E-09
 1260   1.1656  4.10E-05 2.983E-04 6.723E-03 4.725E-10 2.341E-07 2.441E-02 1.160E-01 1.239E-01 3.226E-01 1.510E+03 2.758E-01 2.84E-09
 1280   1.1664  4.09E-05 2.991E-04 6.718E-03 4.756E-10 2.350E-07 2.445E-02 1.159E-01 1.246E-01 3.222E-01 1.527E+03 2.753E-01 2.85E-09
 1300   1.1672  4.08E-05 2.999E-04 6.713E-03 4.808E-10 2.363E-07 2.448E-02 1.159E-01 1.253E-01 3.217E-01 1.543E+03 2.750E-01 2.88E-09
 1320   1.1680  4.08E-05 3.006E-04 6.708E-03 4.803E-10 2.382E-07 2.451E-02 1.158E-01 1.259E-01 3.212E-01 1.560E+03 2.742E-01 2.88E-09
 1340   1.1688  4.07E-05 3.014E-04 6.703E-03 4.725E-10 2.406E-07 2.454E-02 1.158E-01 1.263E-01 3.207E-01 1.576E+03 2.738E-01 2.83E-09
 1360   1.1696  4.07E-05 3.021E-04 6.698E-03 4.657E-10 2.433E-07 2.457E-02 1.157E-01 1.266E-01 3.202E-01 1.593E+03 2.741E-01 2.79E-09
 1380   1.1704  4.06E-05 3.028E-04 6.693E-03 4.646E-10 2.462E-07 2.460E-02 1.157E-01 1.271E-01 3.198E-01 1.609E+03 2.737E-01 2.79E-09
 1400   1.1713  4.06E-05 3.034E-04 6.688E-03 4.649E-10 2.492E-07 2.462E-02 1.157E-01 1.275E-01 3.196E-01 1.625E+03 2.729E-01 2.79E-09
 1420   1.1721  4.05E-05 3.041E-04 6.683E-03 4.641E-10 2.523E-07 2.465E-02 1.156E-01 1.279E-01 3.193E-01 1.641E+03 2.728E-01 2.78E-09
 1440   1.1729  4.05E-05 3.047E-04 6.678E-03 4.578E-10 2.553E-07 2.468E-02 1.156E-01 1.285E-01 3.189E-01 1.657E+03 2.721E-01 2.75E-09
 1460   1.1737  4.04E-05 3.054E-04 6.673E-03 4.489E-10 2.582E-07 2.470E-02 1.155E-01 1.291E-01 3.183E-01 1.673E+03 2.714E-01 2.69E-09
 1480   1.1745  4.04E-05 3.060E-04 6.669E-03 4.547E-10 2.606E-07 2.473E-02 1.155E-01 1.298E-01 3.177E-01 1.689E+03 2.697E-01 2.73E-09
 1500   1.1753  4.04E-05 3.065E-04 6.664E-03 4.719E-10 2.627E-07 2.475E-02 1.154E-01 1.304E-01 3.171E-01 1.705E+03 2.675E-01 2.83E-09
 1520   1.1761  4.04E-05 3.071E-04 6.659E-03 4.762E-10 2.648E-07 2.477E-02 1.154E-01 1.309E-01 3.165E-01 1.720E+03 2.673E-01 2.86E-09
 1540   1.1769  4.04E-05 3.077E-04 6.654E-03 4.699E-10 2.671E-07 2.479E-02 1.154E-01 1.315E-01 3.161E-01 1.736E+03 2.692E-01 2.82E-09
 1560   1.1777  4.04E-05 3.082E-04 6.649E-03 4.703E-10 2.695E-07 2.482E-02 1.153E-01 1.318E-01 3.156E-01 1.751E+03 2.708E-01 2.82E-09
 1580   1.1785  4.04E-05 3.087E-04 6.644E-03 4.729E-10 2.720E-07 2.484E-02 1.153E-01 1.323E-01 3.157E-01 1.767E+03 2.689E-01 2.84E-09
 1600   1.1793  4.04E-05 3.092E-04 6.639E-03 4.664E-10 2.747E-07 2.486E-02 1.152E-01 1.327E-01 3.160E-01 1.782E+03 2.669E-01 2.80E-09
 1620   1.1801  4.04E-05 3.097E-04 6.634E-03 4.549E-10 2.773E-07 2.488E-02 1.152E-01 1.331E-01 3.162E-01 1.797E+03 2.664E-01 2.73E-09
 1640   1.1810  4.05E-05 3.102E-04 6.630E-03 4.525E-10 2.795E-07 2.490E-02 1.151E-01 1.336E-01 3.164E-01 1.812E+03 2.678E-01 2.71E-09
 1660   1.1818  4.05E-05 3.107E-04 6.625E-03 4.624E-10 2.812E-07 2.491E-02 1.151E-01 1.339E-01 3.165E-01 1.827E+03 2.697E-01 2.77E-09
 1680   1.1826  4.06E-05 3.111E-04 6.620E-03 4.637E-10 2.827E-07 2.493E-02 1.151E-01 1.341E-01 3.165E-01 1.842E+03 2.708E-01 2.78E-09
 1700   1.1834  4.06E-05 3.115E-04 6.615E-03 4.461E-10 2.840E-07 2.495E-02 1.150E-01 1.345E-01 3.166E-01 1.856E+03 2.709E-01 2.68E-09
 1720   1.1842  4.06E-05 3.120E-04 6.610E-03 4.377E-10 2.848E-07 2.497E-02 1.150E-01 1.348E-01 3.166E-01 1.871E+03 2.717E-01 2.63E-09
 1740   1.1850  4.07E-05 3.124E-04 6.605E-03 4.533E-10 2.848E-07 2.498E-02 1.149E-01 1.353E-01 3.165E-01 1.886E+03 2.714E-01 2.72E-09
 1760   1.1858  4.07E-05 3.128E-04 6.600E-03 4.630E-10 2.843E-07 2.500E-02 1.149E-01 1.355E-01 3.163E-01 1.900E+03 2.689E-01 2.78E-09
 1780   1.1866  4.08E-05 3.131E-04 6.595E-03 4.561E-10 2.836E-07 2.501E-02 1.149E-01 1.358E-01 3.160E-01 1.914E+03 2.687E-01 2.74E-09
 1800   1.1875  4.08E-05 3.135E-04 6.591E-03 4.597E-10 2.823E-07 2.503E-02 1.148E-01 1.358E-01 3.155E-01 1.928E+03 2.698E-01 2.76E-09
 1820   1.1883  4.09E-05 3.138E-04 6.586E-03 4.725E-10 2.806E-07 2.504E-02 1.148E-01 1.358E-01 3.148E-01 1.943E+03 2.700E-01 2.83E-09
 1840   1.1891  4.10E-05 3.142E-04 6.581E-03 4.719E-10 2.788E-07 2.505E-02 1.147E-01 1.357E-01 3.141E-01 1.956E+03 2.704E-01 2.83E-09
 1860   1.1899  4.11E-05 3.145E-04 6.576E-03 4.702E-10 2.768E-07 2.507E-02 1.147E-01 1.355E-01 3.135E-01 1.970E+03 2.712E-01 2.82E-09
 1880   1.1907  4.11E-05 3.148E-04 6.571E-03 4.774E-10 2.748E-07 2.508E-02 1.146E-01 1.353E-01 3.128E-01 1.984E+03 2.700E-01 2.86E-09
 1900   1.1916  4.12E-05 3.151E-04 6.566E-03 4.769E-10 2.729E-07 2.509E-02 1.146E-01 1.351E-01 3.123E-01 1.998E+03 2.687E-01 2.86E-09
 1920   1.1924  4.13E-05 3.154E-04 6.561E-03 4.740E-10 2.712E-07 2.510E-02 1.146E-01 1.348E-01 3.120E-01 2.011E+03 2.684E-01 2.84E-09
 1940   1.1932  4.13E-05 3.156E-04 6.556E-03 4.813E-10 2.695E-07 2.511E-02 1.145E-01 1.344E-01 3.117E-01 2.025E+03 2.680E-01 2.89E-09
 1960   1.1940  4.13E-05 3.159E-04 6.551E-03 4.831E-10 2.681E-07 2.512E-02 1.145E-01 1.339E-01 3.115E-01 2.038E+03 2.660E-01 2.90E-09
 1980   1.1949  4.13E-05 3.161E-04 6.547E-03 4.769E-10 2.669E-07 2.513E-02 1.144E-01 1.336E-01 3.112E-01 2.051E+03 2.633E-01 2.86E-09
 2000   1.1957  4.13E-05 3.163E-04 6.542E-03 4.814E-10 2.657E-07 2.514E-02 1.144E-01 1.332E-01 3.110E-01 2.064E+03 2.625E-01 2.89E-09
 2020   1.1965  4.12E-05 3.166E-04 6.537E-03 4.900E-10 2.647E-07 2.515E-02 1.143E-01 1.326E-01 3.107E-01 2.077E+03 2.635E-01 2.94E-09
 2040   1.1973  4.12E-05 3.168E-04 6.532E-03 4.834E-10 2.641E-07 2.516E-02 1.143E-01 1.321E-01 3.105E-01 2.090E+03 2.636E-01 2.90E-09
 2060   1.1982  4.12E-05 3.169E-04 6.527E-03 4.749E-10 2.637E-07 2.517E-02 1.143E-01 1.315E-01 3.103E-01 2.102E+03 2.613E-01 2.85E-09
 2080   1.1990  4.11E-05 3.171E-04 6.522E-03 4.780E-10 2.634E-07 2.517E-02 1.142E-01 1.311E-01 3.102E-01 2.115E+03 2.598E-01 2.87E-09
 2100   1.1998  4.11E-05 3.173E-04 6.517E-03 4.759E-10 2.634E-07 2.518E-02 1.142E-01 1.308E-01 3.100E-01 2.127E+03 2.604E-01 2.86E-09
 2120   1.2006  4.10E-05 3.175E-04 6.512E-03 4.660E-10 2.636E-07 2.519E-02 1.141E-01 1.305E-01 3.098E-01 2.139E+03 2.608E-01 2.80E-09
 2140   1.2015  4.10E-05 3.176E-04 6.508E-03 4.633E-10 2.637E-07 2.519E-02 1.141E-01 1.299E-01 3.096E-01 2.151E+03 2.605E-01 2.78E-09
 2160   1.2023  4.09E-05 3.178E-04 6.503E-03 4.638E-10 2.636E-07 2.520E-02 1.140E-01 1.291E-01 3.094E-01 2.163E+03 2.588E-01 2.78E-09
 2180   1.2031  4.09E-05 3.179E-04 6.498E-03 4.632E-10 2.634E-07 2.520E-02 1.140E-01 1.283E-01 3.092E-01 2.175E+03 2.582E-01 2.78E-09
 2200   1.2039  4.08E-05 3.180E-04 6.493E-03 4.632E-10 2.630E-07 2.521E-02 1.140E-01 1.276E-01 3.090E-01 2.186E+03 2.586E-01 2.78E-09
 2220   1.2047  4.08E-05 3.182E-04 6.488E-03 4.592E-10 2.625E-07 2.521E-02 1.139E-01 1.269E-01 3.088E-01 2.198E+03 2.576E-01 2.76E-09
 2240   1.2055  4.08E-05 3.183E-04 6.483E-03 4.546E-10 2.618E-07 2.522E-02 1.139E-01 1.263E-01 3.086E-01 2.209E+03 2.552E-01 2.73E-09
 2260   1.2064  4.07E-05 3.184E-04 6.479E-03 4.510E-10 2.607E-07 2.522E-02 1.138E-01 1.258E-01 3.084E-01 2.221E+03 2.546E-01 2.71E-09
 2280   1.2072  4.07E-05 3.185E-04 6.474E-03 4.486E-10 2.592E-07 2.523E-02 1.138E-01 1.253E-01 3.080E-01 2.232E+03 2.565E-01 2.69E-09
 2300   1.2080  4.06E-05 3.186E-04 6.469E-03 4.567E-10 2.572E-07 2.523E-02 1.137E-01 1.261E-01 3.076E-01 2.243E+03 2.584E-01 2.74E-09
 2320   1.2088  4.06E-05 3.187E-04 6.464E-03 4.659E-10 2.549E-07 2.523E-02 1.137E-01 1.271E-01 3.072E-01 2.254E+03 2.580E-01 2.80E-09
 2340   1.2096  4.06E-05 3.188E-04 6.459E-03 4.659E-10 2.525E-07 2.524E-02 1.137E-01 1.282E-01 3.068E-01 2.265E+03 2.562E-01 2.80E-09
 2360   1.2104  4.06E-05 3.188E-04 6.454E-03 4.692E-10 2.502E-07 2.524E-02 1.136E-01 1.291E-01 3.065E-01 2.276E+03 2.554E-01 2.82E-09
 2380   1.2112  4.06E-05 3.189E-04 6.450E-03 4.694E-10 2.480E-07 2.524E-02 1.136E-01 1.299E-01 3.061E-01 2.287E+03 2.564E-01 2.82E-09
 2400   1.2120  4.06E-05 3.190E-04 6.445E-03 4.585E-10 2.461E-07 2.525E-02 1.135E-01 1.305E-01 3.057E-01 2.297E+03 2.581E-01 2.75E-09
 2420   1.2129  4.05E-05 3.190E-04 6.440E-03 4.575E-10 2.441E-07 2.525E-02 1.135E-01 1.312E-01 3.054E-01 2.308E+03 2.590E-01 2.74E-09
 2440   1.2137  4.05E-05 3.191E-04 6.435E-03 4.597E-10 2.419E-07 2.525E-02 1.134E-01 1.320E-01 3.052E-01 2.318E+03 2.587E-01 2.76E-09
 2460   1.2145  4.05E-05 3.191E-04 6.430E-03 4.485E-10 2.394E-07 2.525E-02 1.134E-01 1.328E-01 3.048E-01 2.329E+03 2.587E-01 2.69E-09
 2480   1.2153  4.05E-05 3.192E-04 6.426E-03 4.480E-10 2.364E-07 2.526E-02 1.134E-01 1.335E-01 3.045E-01 2.339E+03 2.590E-01 2.69E-09
 2500   1.2161  4.05E-05 3.192E-04 6.421E-03 4.640E-10 2.329E-07 2.526E-02 1.133E-01 1.342E-01 3.040E-01 2.349E+03 2.588E-01 2.78E-09
 2520   1.2169  4.05E-05 3.192E-04 6.416E-03 4.679E-10 2.292E-07 2.526E-02 1.133E-01 1.350E-01 3.037E-01 2.359E+03 2.580E-01 2.81E-09
 2540   1.2177  4.05E-05 3.193E-04 6.411E-03 4.653E-10 2.257E-07 2.526E-02 1.132E-01 1.356E-01 3.038E-01 2.370E+03 2.570E-01 2.79E-09
 2560   1.2185  4.05E-05 3.193E-04 6.406E-03 4.745E-10 2.223E-07 2.526E-02 1.132E-01 1.360E-01 3.040E-01 2.380E+03 2.565E-01 2.85E-09
 2580   1.2193  4.05E-05 3.193E-04 6.401E-03 4.784E-10 2.195E-07 2.526E-02 1.131E-01 1.361E-01 3.042E-01 2.389E+03 2.557E-01 2.87E-09
 2600   1.2201  4.05E-05 3.193E-04 6.397E-03 4.684E-10 2.172E-07 2.526E-02 1.131E-01 1.361E-01 3.044E-01 2.399E+03 2.550E-01 2.81E-09
 2620   1.2210  4.05E-05 3.193E-04 6.392E-03 4.636E-10 2.153E-07 2.526E-02 1.131E-01 1.361E-01 3.045E-01 2.409E+03 2.539E-01 2.78E-09
 2640   1.2218  4.05E-05 3.193E-04 6.387E-03 4.667E-10 2.135E-07 2.526E-02 1.130E-01 1.361E-01 3.045E-01 2.419E+03 2.528E-01 2.80E-09
 2660   1.2226  4.05E-05 3.193E-04 6.382E-03 4.663E-10 2.119E-07 2.526E-02 1.130E-01 1.360E-01 3.046E-01 2.428E+03 2.531E-01 2.80E-09
 2680   1.2234  4.06E-05 3.193E-04 6.377E-03 4.716E-10 2.107E-07 2.526E-02 1.129E-01 1.359E-01 3.046E-01 2.438E+03 2.541E-01 2.83E-09
 2700   1.2242  4.06E-05 3.193E-04 6.372E-03 4.861E-10 2.100E-07 2.526E-02 1.129E-01 1.357E-01 3.046E-01 2.447E+03 2.531E-01 2.92E-09
 2720   1.2250  4.06E-05 3.193E-04 6.367E-03 4.875E-10 2.102E-07 2.526E-02 1.128E-01 1.356E-01 3.046E-01 2.456E+03 2.503E-01 2.92E-09
 2740   1.2258  4.06E-05 3.193E-04 6.362E-03 4.764E-10 2.114E-07 2.526E-02 1.128E-01 1.354E-01 3.045E-01 2.466E+03 2.488E-01 2.86E-09
 2760   1.2266  4.06E-05 3.193E-04 6.358E-03 4.753E-10 2.132E-07 2.526E-02 1.128E-01 1.351E-01 3.045E-01 2.475E+03 2.499E-01 2.85E-09
 2780   1.2274  4.07E-05 3.192E-04 6.353E-03 4.783E-10 2.153E-07 2.526E-02 1.127E-01 1.348E-01 3.044E-01 2.484E+03 2.511E-01 2.87E-09
 2800   1.2283  4.07E-05 3.192E-04 6.348E-03 4.792E-10 2.179E-07 2.526E-02 1.127E-01 1.345E-01 3.044E-01 2.493E+03 2.507E-01 2.88E-09
 2820   1.2291  4.07E-05 3.192E-04 6.343E-03 4.871E-10 2.209E-07 2.525E-02 1.126E-01 1.340E-01 3.044E-01 2.502E+03 2.502E-01 2.92E-09
 2840   1.2299  4.07E-05 3.192E-04 6.338E-03 4.850E-10 2.247E-07 2.525E-02 1.126E-01 1.333E-01 3.048E-01 2.510E+03 2.507E-01 2.91E-09
 2860   1.2307  4.07E-05 3.191E-04 6.333E-03 4.666E-10 2.290E-07 2.525E-02 1.125E-01 1.324E-01 3.051E-01 2.519E+03 2.514E-01 2.80E-09
 2880   1.2315  4.07E-05 3.191E-04 6.328E-03 4.635E-10 2.335E-07 2.525E-02 1.125E-01 1.315E-01 3.052E-01 2.528E+03 2.507E-01 2.78E-09
 2900   1.2323  4.08E-05 3.191E-04 6.323E-03 4.733E-10 2.380E-07 2.525E-02 1.125E-01 1.307E-01 3.053E-01 2.536E+03 2.493E-01 2.84E-09
 2920   1.2331  4.08E-05 3.190E-04 6.318E-03 4.684E-10 2.427E-07 2.525E-02 1.124E-01 1.301E-01 3.053E-01 2.545E+03 2.497E-01 2.81E-09
 2940   1.2340  4.08E-05 3.190E-04 6.313E-03 4.593E-10 2.477E-07 2.525E-02 1.124E-01 1.296E-01 3.052E-01 2.553E+03 2.510E-01 2.76E-09
 2960   1.2348  4.09E-05 3.190E-04 6.308E-03 4.570E-10 2.526E-07 2.524E-02 1.123E-01 1.291E-01 3.051E-01 2.562E+03 2.506E-01 2.74E-09
 2980   1.2356  4.08E-05 3.189E-04 6.303E-03 4.513E-10 2.572E-07 2.524E-02 1.123E-01 1.286E-01 3.051E-01 2.570E+03 2.508E-01 2.71E-09
 3000   1.2364  4.09E-05 3.189E-04 6.298E-03 4.504E-10 2.614E-07 2.524E-02 1.122E-01 1.280E-01 3.049E-01 2.578E+03 2.528E-01 2.70E-09
 3020   1.2372  4.09E-05 3.188E-04 6.293E-03 4.574E-10 2.650E-07 2.524E-02 1.122E-01 1.276E-01 3.046E-01 2.586E+03 2.541E-01 2.74E-09
 3040   1.2380  4.09E-05 3.188E-04 6.288E-03 4.555E-10 2.681E-07 2.524E-02 1.121E-01 1.281E-01 3.043E-01 2.594E+03 2.524E-01 2.73E-09
 3060   1.2389  4.09E-05 3.187E-04 6.283E-03 4.508E-10 2.706E-07 2.523E-02 1.121E-01 1.288E-01 3.041E-01 2.602E+03 2.498E-01 2.70E-09
 3080   1.2397  4.09E-05 3.186E-04 6.278E-03 4.592E-10 2.724E-07 2.523E-02 1.121E-01 1.295E-01 3.040E-01 2.610E+03 2.481E-01 2.76E-09
 3100   1.2405  4.08E-05 3.186E-04 6.273E-03 4.719E-10 2.736E-07 2.523E-02 1.120E-01 1.301E-01 3.038E-01 2.617E+03 2.477E-01 2.83E-09
 3120   1.2413  4.08E-05 3.185E-04 6.268E-03 4.748E-10 2.746E-07 2.523E-02 1.120E-01 1.305E-01 3.037E-01 2.625E+03 2.482E-01 2.85E-09
 3140   1.2421  4.08E-05 3.184E-04 6.263E-03 4.675E-10 2.756E-07 2.522E-02 1.119E-01 1.310E-01 3.035E-01 2.633E+03 2.487E-01 2.80E-09
 3160   1.2429  4.08E-05 3.184E-04 6.258E-03 4.603E-10 2.764E-07 2.522E-02 1.119E-01 1.313E-01 3.033E-01 2.640E+03 2.489E-01 2.76E-09
 3180   1.2438  4.07E-05 3.183E-04 6.253E-03 4.634E-10 2.767E-07 2.522E-02 1.118E-01 1.317E-01 3.032E-01 2.647E+03 2.479E-01 2.78E-09
 3200   1.2446  4.07E-05 3.182E-04 6.248E-03 4.673E-10 2.766E-07 2.522E-02 1.118E-01 1.322E-01 3.030E-01 2.655E+03 2.458E-01 2.80E-09
 3220   1.2454  4.07E-05 3.181E-04 6.243E-03 4.613E-10 2.762E-07 2.521E-02 1.117E-01 1.328E-01 3.028E-01 2.662E+03 2.429E-01 2.77E-09
 3240   1.2462  4.07E-05 3.181E-04 6.238E-03 4.565E-10 2.753E-07 2.521E-02 1.117E-01 1.333E-01 3.033E-01 2.669E+03 2.411E-01 2.74E-09
 3260   1.2470  4.06E-05 3.180E-04 6.233E-03 4.589E-10 2.741E-07 2.521E-02 1.117E-01 1.337E-01 3.039E-01 2.676E+03 2.420E-01 2.75E-09
 3280   1.2478  4.06E-05 3.179E-04 6.228E-03 4.598E-10 2.725E-07 2.520E-02 1.116E-01 1.343E-01 3.043E-01 2.683E+03 2.425E-01 2.76E-09
 3300   1.2486  4.06E-05 3.178E-04 6.223E-03 4.584E-10 2.707E-07 2.520E-02 1.116E-01 1.346E-01 3.047E-01 2.690E+03 2.414E-01 2.75E-09
 3320   1.2495  4.06E-05 3.177E-04 6.218E-03 4.609E-10 2.687E-07 2.520E-02 1.115E-01 1.349E-01 3.051E-01 2.696E+03 2.399E-01 2.77E-09
 3340   1.2503  4.06E-05 3.176E-04 6.213E-03 4.681E-10 2.665E-07 2.519E-02 1.115E-01 1.351E-01 3.054E-01 2.703E+03 2.394E-01 2.81E-09
 3360   1.2511  4.06E-05 3.176E-04 6.208E-03 4.740E-10 2.643E-07 2.519E-02 1.114E-01 1.352E-01 3.058E-01 2.709E+03 2.401E-01 2.84E-09
 3380   1.2519  4.06E-05 3.175E-04 6.203E-03 4.745E-10 2.622E-07 2.519E-02 1.114E-01 1.355E-01 3.063E-01 2.716E+03 2.415E-01 2.85E-09
 3400   1.2527  4.06E-05 3.174E-04 6.198E-03 4.735E-10 2.602E-07 2.518E-02 1.113E-01 1.357E-01 3.069E-01 2.722E+03 2.422E-01 2.84E-09
 3420   1.2535  4.05E-05 3.173E-04 6.193E-03 4.730E-10 2.584E-07 2.518E-02 1.113E-01 1.358E-01 3.076E-01 2.728E+03 2.416E-01 2.84E-09
 3440   1.2543  4.05E-05 3.172E-04 6.188E-03 4.726E-10 2.566E-07 2.518E-02 1.113E-01 1.360E-01 3.081E-01 2.734E+03 2.411E-01 2.84E-09
 3460   1.2551  4.05E-05 3.172E-04 6.183E-03 4.732E-10 2.549E-07 2.517E-02 1.112E-01 1.360E-01 3.087E-01 2.740E+03 2.422E-01 2.84E-09
 3480   1.2559  4.05E-05 3.171E-04 6.178E-03 4.719E-10 2.534E-07 2.517E-02 1.112E-01 1.358E-01 3.091E-01 2.746E+03 2.441E-01 2.83E-09
 3500   1.2568  4.05E-05 3.170E-04 6.173E-03 4.699E-10 2.520E-07 2.517E-02 1.111E-01 1.357E-01 3.095E-01 2.752E+03 2.447E-01 2.82E-09
 3520   1.2576  4.05E-05 3.169E-04 6.168E-03 4.727E-10 2.507E-07 2.516E-02 1.111E-01 1.357E-01 3.099E-01 2.758E+03 2.434E-01 2.84E-09
 3540   1.2584  4.05E-05 3.168E-04 6.163E-03 4.751E-10 2.494E-07 2.516E-02 1.110E-01 1.359E-01 3.103E-01 2.764E+03 2.419E-01 2.85E-09
 3560   1.2592  4.05E-05 3.167E-04 6.158E-03 4.733E-10 2.483E-07 2.516E-02 1.110E-01 1.360E-01 3.107E-01 2.769E+03 2.418E-01 2.84E-09
 3580   1.2600  4.05E-05 3.166E-04 6.153E-03 4.738E-10 2.473E-07 2.515E-02 1.109E-01 1.360E-01 3.112E-01 2.775E+03 2.422E-01 2.84E-09
 3600   1.2608  4.05E-05 3.165E-04 6.148E-03 4.796E-10 2.464E-07 2.515E-02 1.109E-01 1.360E-01 3.117E-01 2.780E+03 2.425E-01 2.88E-09
 3620   1.2616  4.05E-05 3.164E-04 6.143E-03 4.838E-10 2.459E-07 2.514E-02 1.108E-01 1.360E-01 3.122E-01 2.785E+03 2.422E-01 2.90E-09
 3640   1.2624  4.05E-05 3.163E-04 6.138E-03 4.802E-10 2.458E-07 2.514E-02 1.108E-01 1.360E-01 3.127E-01 2.790E+03 2.416E-01 2.88E-09
 3660   1.2632  4.05E-05 3.162E-04 6.133E-03 4.742E-10 2.461E-07 2.514E-02 1.108E-01 1.360E-01 3.132E-01 2.796E+03 2.413E-01 2.84E-09
 3680   1.2640  4.05E-05 3.161E-04 6.128E-03 4.739E-10 2.466E-07 2.513E-02 1.107E-01 1.360E-01 3.136E-01 2.801E+03 2.418E-01 2.84E-09
 3700   1.2649  4.05E-05 3.160E-04 6.123E-03 4.730E-10 2.472E-07 2.513E-02 1.107E-01 1.359E-01 3.140E-01 2.806E+03 2.421E-01 2.84E-09
 3720   1.2657  4.05E-05 3.159E-04 6.118E-03 4.658E-10 2.479E-07 2.512E-02 1.106E-01 1.357E-01 3.143E-01 2.810E+03 2.425E-01 2.79E-09
 3740   1.2665  4.05E-05 3.158E-04 6.113E-03 4.604E-10 2.486E-07 2.512E-02 1.106E-01 1.354E-01 3.146E-01 2.815E+03 2.426E-01 2.76E-09
 3760   1.2673  4.05E-05 3.157E-04 6.108E-03 4.626E-10 2.490E-07 2.512E-02 1.105E-01 1.350E-01 3.151E-01 2.820E+03 2.406E-01 2.78E-09
 3780   1.2681  4.05E-05 3.155E-04 6.103E-03 4.703E-10 2.493E-07 2.511E-02 1.105E-01 1.346E-01 3.154E-01 2.824E+03 2.374E-01 2.82E-09
 3800   1.2689  4.05E-05 3.154E-04 6.098E-03 4.767E-10 2.496E-07 2.511E-02 1.104E-01 1.344E-01 3.157E-01 2.829E+03 2.354E-01 2.86E-09
 3820   1.2697  4.05E-05 3.153E-04 6.093E-03 4.733E-10 2.501E-07 2.510E-02 1.104E-01 1.340E-01 3.159E-01 2.834E+03 2.347E-01 2.84E-09
 3840   1.2705  4.04E-05 3.152E-04 6.088E-03 4.649E-10 2.507E-07 2.510E-02 1.103E-01 1.339E-01 3.161E-01 2.838E+03 2.344E-01 2.79E-09
 3860   1.2713  4.04E-05 3.151E-04 6.083E-03 4.614E-10 2.512E-07 2.509E-02 1.103E-01 1.337E-01 3.161E-01 2.842E+03 2.340E-01 2.77E-09
 3880   1.2721  4.04E-05 3.150E-04 6.078E-03 4.581E-10 2.515E-07 2.509E-02 1.103E-01 1.334E-01 3.161E-01 2.847E+03 2.332E-01 2.75E-09
 3900   1.2729  4.04E-05 3.148E-04 6.073E-03 4.513E-10 2.515E-07 2.508E-02 1.102E-01 1.332E-01 3.162E-01 2.851E+03 2.320E-01 2.71E-09
 3920   1.2738  4.04E-05 3.147E-04 6.068E-03 4.483E-10 2.512E-07 2.508E-02 1.102E-01 1.327E-01 3.163E-01 2.855E+03 2.318E-01 2.69E-09
 3940   1.2746  4.04E-05 3.146E-04 6.063E-03 4.471E-10 2.504E-07 2.507E-02 1.101E-01 1.320E-01 3.164E-01 2.859E+03 2.325E-01 2.68E-09
 3960   1.2754  4.03E-05 3.145E-04 6.058E-03 4.416E-10 2.489E-07 2.507E-02 1.101E-01 1.325E-01 3.166E-01 2.863E+03 2.330E-01 2.65E-09
 3980   1.2762  4.03E-05 3.144E-04 6.052E-03 4.399E-10 2.467E-07 2.506E-02 1.100E-01 1.331E-01 3.166E-01 2.867E+03 2.341E-01 2.64E-09
 4000   1.2770  4.02E-05 3.143E-04 6.047E-03 4.464E-10 2.437E-07 2.506E-02 1.100E-01 1.338E-01 3.166E-01 2.871E+03 2.368E-01 2.68E-09
 4020   1.2778  4.02E-05 3.141E-04 6.042E-03 4.543E-10 2.400E-07 2.505E-02 1.099E-01 1.345E-01 3.166E-01 2.875E+03 2.398E-01 2.73E-09
 4040   1.2786  4.01E-05 3.140E-04 6.037E-03 4.640E-10 2.358E-07 2.505E-02 1.099E-01 1.353E-01 3.166E-01 2.879E+03 2.409E-01 2.78E-09
 4060   1.2794  4.00E-05 3.139E-04 6.032E-03 4.734E-10 2.314E-07 2.504E-02 1.098E-01 1.361E-01 3.166E-01 2.883E+03 2.397E-01 2.84E-09
 4080   1.2802  4.00E-05 3.138E-04 6.027E-03 4.745E-10 2.272E-07 2.504E-02 1.098E-01 1.367E-01 3.165E-01 2.886E+03 2.384E-01 2.85E-09
 4100   1.2810  4.00E-05 3.136E-04 6.022E-03 4.716E-10 2.231E-07 2.503E-02 1.097E-01 1.371E-01 3.165E-01 2.890E+03 2.373E-01 2.83E-09
 4120   1.2818  3.99E-05 3.135E-04 6.017E-03 4.729E-10 2.192E-07 2.503E-02 1.097E-01 1.375E-01 3.164E-01 2.894E+03 2.359E-01 2.84E-09
 4140   1.2826  3.99E-05 3.134E-04 6.012E-03 4.757E-10 2.153E-07 2.502E-02 1.097E-01 1.377E-01 3.162E-01 2.897E+03 2.345E-01 2.85E-09
 4160   1.2834  3.99E-05 3.132E-04 6.007E-03 4.767E-10 2.117E-07 2.502E-02 1.096E-01 1.381E-01 3.159E-01 2.901E+03 2.330E-01 2.86E-09
 4180   1.2842  3.98E-05 3.131E-04 6.002E-03 4.770E-10 2.083E-07 2.501E-02 1.096E-01 1.385E-01 3.156E-01 2.904E+03 2.323E-01 2.86E-09
 4200   1.2850  3.98E-05 3.130E-04 5.997E-03 4.783E-10 2.053E-07 2.501E-02 1.095E-01 1.390E-01 3.153E-01 2.908E+03 2.328E-01 2.87E-09
 4220   1.2858  3.98E-05 3.128E-04 5.992E-03 4.786E-10 2.028E-07 2.500E-02 1.095E-01 1.395E-01 3.151E-01 2.911E+03 2.331E-01 2.87E-09
 4240   1.2866  3.97E-05 3.127E-04 5.987E-03 4.744E-10 2.008E-07 2.500E-02 1.094E-01 1.399E-01 3.149E-01 2.915E+03 2.327E-01 2.85E-09
 4260   1.2874  3.97E-05 3.126E-04 5.983E-03 4.717E-10 1.995E-07 2.499E-02 1.094E-01 1.402E-01 3.147E-01 2.918E+03 2.326E-01 2.83E-09
 4280   1.2882  3.97E-05 3.124E-04 5.978E-03 4.778E-10 1.987E-07 2.499E-02 1.093E-01 1.404E-01 3.145E-01 2.922E+03 2.332E-01 2.87E-09
 4300   1.2889  3.97E-05 3.123E-04 5.973E-03 4.817E-10 1.988E-07 2.498E-02 1.093E-01 1.406E-01 3.142E-01 2.925E+03 2.339E-01 2.89E-09
 4320   1.2897  3.96E-05 3.122E-04 5.968E-03 4.745E-10 1.999E-07 2.497E-02 1.092E-01 1.406E-01 3.140E-01 2.928E+03 2.340E-01 2.85E-09
 4340   1.2905  3.96E-05 3.120E-04 5.963E-03 4.705E-10 2.016E-07 2.497E-02 1.092E-01 1.409E-01 3.137E-01 2.932E+03 2.338E-01 2.82E-09
 4360   1.2913  3.96E-05 3.119E-04 5.958E-03 4.796E-10 2.037E-07 2.496E-02 1.092E-01 1.412E-01 3.134E-01 2.935E+03 2.319E-01 2.88E-09
 4380   1.2921  3.96E-05 3.117E-04 5.953E-03 4.875E-10 2.065E-07 2.496E-02 1.091E-01 1.415E-01 3.131E-01 2.938E+03 2.288E-01 2.92E-09
 4400   1.2929  3.95E-05 3.116E-04 5.948E-03 4.840E-10 2.102E-07 2.495E-02 1.091E-01 1.418E-01 3.128E-01 2.941E+03 2.264E-01 2.90E-09
 4420   1.2937  3.95E-05 3.115E-04 5.943E-03 4.765E-10 2.144E-07 2.495E-02 1.090E-01 1.421E-01 3.126E-01 2.944E+03 2.256E-01 2.86E-09
 4440   1.2945  3.95E-05 3.113E-04 5.938E-03 4.697E-10 2.191E-07 2.494E-02 1.090E-01 1.424E-01 3.123E-01 2.947E+03 2.275E-01 2.82E-09
 4460   1.2953  3.95E-05 3.112E-04 5.933E-03 4.642E-10 2.239E-07 2.494E-02 1.089E-01 1.426E-01 3.119E-01 2.950E+03 2.307E-01 2.79E-09
 4480   1.2961  3.94E-05 3.110E-04 5.928E-03 4.619E-10 2.288E-07 2.493E-02 1.089E-01 1.428E-01 3.116E-01 2.953E+03 2.321E-01 2.77E-09
 4500   1.2969  3.94E-05 3.109E-04 5.923E-03 4.576E-10 2.334E-07 2.492E-02 1.088E-01 1.432E-01 3.114E-01 2.956E+03 2.308E-01 2.75E-09
 4520   1.2976  3.94E-05 3.107E-04 5.918E-03 4.519E-10 2.378E-07 2.492E-02 1.088E-01 1.435E-01 3.111E-01 2.959E+03 2.278E-01 2.71E-09
 4540   1.2984  3.94E-05 3.106E-04 5.913E-03 4.549E-10 2.416E-07 2.491E-02 1.088E-01 1.437E-01 3.107E-01 2.962E+03 2.270E-01 2.73E-09
 4560   1.2992  3.94E-05 3.105E-04 5.909E-03 4.612E-10 2.449E-07 2.491E-02 1.087E-01 1.436E-01 3.103E-01 2.964E+03 2.295E-01 2.77E-09
 4580   1.3000  3.93E-05 3.103E-04 5.904E-03 4.600E-10 2.478E-07 2.490E-02 1.087E-01 1.435E-01 3.098E-01 2.967E+03 2.325E-01 2.76E-09
 4600   1.3008  3.93E-05 3.102E-04 5.899E-03 4.579E-10 2.504E-07 2.489E-02 1.086E-01 1.435E-01 3.092E-01 2.970E+03 2.325E-01 2.75E-09
 4620   1.3016  3.93E-05 3.100E-04 5.894E-03 4.597E-10 2.525E-07 2.489E-02 1.086E-01 1.436E-01 3.086E-01 2.972E+03 2.297E-01 2.76E-09
 4640   1.3024  3.93E-05 3.099E-04 5.889E-03 4.616E-10 2.543E-07 2.488E-02 1.085E-01 1.438E-01 3.081E-01 2.975E+03 2.279E-01 2.77E-09
 4660   1.3031  3.93E-05 3.097E-04 5.884E-03 4.654E-10 2.558E-07 2.488E-02 1.085E-01 1.440E-01 3.077E-01 2.977E+03 2.291E-01 2.79E-09
 4680   1.3039  3.93E-05 3.096E-04 5.879E-03 4.669E-10 2.572E-07 2.487E-02 1.084E-01 1.440E-01 3.073E-01 2.980E+03 2.313E-01 2.80E-09
 4700   1.3047  3.93E-05 3.094E-04 5.874E-03 4.591E-10 2.584E-07 2.486E-02 1.084E-01 1.437E-01 3.069E-01 2.982E+03 2.316E-01 2.75E-09
 4720   1.3055  3.93E-05 3.092E-04 5.869E-03 4.526E-10 2.593E-07 2.486E-02 1.083E-01 1.435E-01 3.064E-01 2.984E+03 2.290E-01 2.72E-09
 4740   1.3063  3.93E-05 3.091E-04 5.865E-03 4.552E-10 2.597E-07 2.485E-02 1.083E-01 1.432E-01 3.060E-01 2.986E+03 2.262E-01 2.73E-09
 4760   1.3071  3.93E-05 3.089E-04 5.860E-03 4.588E-10 2.597E-07 2.485E-02 1.083E-01 1.431E-01 3.055E-01 2.988E+03 2.262E-01 2.75E-09
 4780   1.3079  3.93E-05 3.088E-04 5.855E-03 4.602E-10 2.594E-07 2.484E-02 1.082E-01 1.429E-01 3.051E-01 2.991E+03 2.283E-01 2.76E-09
 4800   1.3086  3.93E-05 3.086E-04 5.850E-03 4.625E-10 2.589E-07 2.483E-02 1.082E-01 1.428E-01 3.047E-01 2.993E+03 2.291E-01 2.77E-09
 4820   1.3094  3.93E-05 3.084E-04 5.845E-03 4.654E-10 2.581E-07 2.483E-02 1.081E-01 1.427E-01 3.044E-01 2.994E+03 2.284E-01 2.79E-09
 4840   1.3102  3.93E-05 3.083E-04 5.840E-03 4.688E-10 2.573E-07 2.482E-02 1.081E-01 1.429E-01 3.044E-01 2.996E+03 2.278E-01 2.81E-09
 4860   1.3110  3.93E-05 3.081E-04 5.835E-03 4.695E-10 2.566E-07 2.481E-02 1.080E-01 1.432E-01 3.043E-01 2.998E+03 2.276E-01 2.82E-09
 4880   1.3118  3.93E-05 3.079E-04 5.830E-03 4.627E-10 2.560E-07 2.481E-02 1.080E-01 1.432E-01 3.041E-01 3.000E+03 2.275E-01 2.78E-09
 4900   1.3126  3.93E-05 3.078E-04 5.826E-03 4.553E-10 2.552E-07 2.480E-02 1.079E-01 1.431E-01 3.040E-01 3.002E+03 2.278E-01 2.73E-09
 4920   1.3134  3.93E-05 3.076E-04 5.821E-03 4.579E-10 2.541E-07 2.479E-02 1.079E-01 1.427E-01 3.039E-01 3.003E+03 2.280E-01 2.75E-09
 4940   1.3141  3.93E-05 3.074E-04 5.816E-03 4.659E-10 2.527E-07 2.478E-02 1.079E-01 1.424E-01 3.039E-01 3.005E+03 2.278E-01 2.80E-09
 4960   1.3149  3.93E-05 3.072E-04 5.811E-03 4.673E-10 2.511E-07 2.478E-02 1.078E-01 1.417E-01 3.039E-01 3.007E+03 2.273E-01 2.80E-09
 4980   1.3157  3.93E-05 3.071E-04 5.806E-03 4.644E-10 2.493E-07 2.477E-02 1.078E-01 1.412E-01 3.037E-01 3.008E+03 2.264E-01 2.79E-09
 5000   1.3165  3.94E-05 3.069E-04 5.801E-03 4.701E-10 2.472E-07 2.476E-02 1.077E-01 1.407E-01 3.035E-01 3.009E+03 2.262E-01 2.82E-09
 5020   1.3173  3.94E-05 3.067E-04 5.796E-03 4.820E-10 2.450E-07 2.476E-02 1.077E-01 1.406E-01 3.033E-01 3.011E+03 2.268E-01 2.89E-09
 5040   1.3181  3.94E-05 3.065E-04 5.792E-03 4.830E-10 2.430E-07 2.475E-02 1.076E-01 1.404E-01 3.031E-01 3.012E+03 2.263E-01 2.90E-09
 5060   1.3189  3.94E-05 3.063E-04 5.787E-03 4.755E-10 2.414E-07 2.474E-02 1.076E-01 1.403E-01 3.029E-01 3.013E+03 2.243E-01 2.85E-09
 5080   1.3197  3.94E-05 3.061E-04 5.782E-03 4.767E-10 2.398E-07 2.473E-02 1.075E-01 1.398E-01 3.027E-01 3.015E+03 2.219E-01 2.86E-09
 5100   1.3204  3.94E-05 3.059E-04 5.777E-03 4.809E-10 2.385E-07 2.473E-02 1.075E-01 1.394E-01 3.025E-01 3.016E+03 2.206E-01 2.89E-09
 5120   1.3212  3.95E-05 3.058E-04 5.772E-03 4.763E-10 2.374E-07 2.472E-02 1.074E-01 1.389E-01 3.023E-01 3.017E+03 2.205E-01 2.86E-09
 5140   1.3220  3.95E-05 3.056E-04 5.767E-03 4.752E-10 2.365E-07 2.471E-02 1.074E-01 1.385E-01 3.021E-01 3.018E+03 2.204E-01 2.85E-09
 5160   1.3228  3.95E-05 3.054E-04 5.762E-03 4.827E-10 2.357E-07 2.470E-02 1.074E-01 1.381E-01 3.019E-01 3.019E+03 2.187E-01 2.90E-09
 5180   1.3236  3.95E-05 3.052E-04 5.757E-03 4.823E-10 2.352E-07 2.469E-02 1.073E-01 1.376E-01 3.017E-01 3.020E+03 2.166E-01 2.89E-09
 5200   1.3244  3.96E-05 3.050E-04 5.753E-03 4.759E-10 2.351E-07 2.469E-02 1.073E-01 1.367E-01 3.014E-01 3.021E+03 2.166E-01 2.86E-09
 5220   1.3252  3.96E-05 3.048E-04 5.748E-03 4.760E-10 2.353E-07 2.468E-02 1.072E-01 1.360E-01 3.011E-01 3.021E+03 2.172E-01 2.86E-09
 5240   1.3260  3.97E-05 3.046E-04 5.743E-03 4.719E-10 2.356E-07 2.467E-02 1.072E-01 1.353E-01 3.009E-01 3.022E+03 2.169E-01 2.83E-09
 5260   1.3268  3.97E-05 3.045E-04 5.738E-03 4.595E-10 2.361E-07 2.466E-02 1.071E-01 1.347E-01 3.006E-01 3.023E+03 2.177E-01 2.76E-09
 5280   1.3276  3.97E-05 3.043E-04 5.733E-03 4.575E-10 2.364E-07 2.466E-02 1.071E-01 1.340E-01 3.004E-01 3.023E+03 2.201E-01 2.75E-09
 5300   1.3284  3.98E-05 3.041E-04 5.728E-03 4.625E-10 2.364E-07 2.465E-02 1.070E-01 1.332E-01 3.002E-01 3.024E+03 2.221E-01 2.78E-09
 5320   1.3292  3.98E-05 3.039E-04 5.723E-03 4.565E-10 2.362E-07 2.464E-02 1.070E-01 1.326E-01 3.000E-01 3.024E+03 2.237E-01 2.74E-09
 5340   1.3300  3.98E-05 3.037E-04 5.718E-03 4.532E-10 2.357E-07 2.463E-02 1.069E-01 1.319E-01 2.998E-01 3.025E+03 2.250E-01 2.72E-09
 5360   1.3308  3.99E-05 3.035E-04 5.714E-03 4.647E-10 2.348E-07 2.463E-02 1.069E-01 1.313E-01 2.996E-01 3.025E+03 2.255E-01 2.79E-09
 5380   1.3315  3.99E-05 3.033E-04 5.709E-03 4.696E-10 2.338E-07 2.462E-02 1.069E-01 1.306E-01 2.993E-01 3.025E+03 2.246E-01 2.82E-09
 5400   1.3323  3.99E-05 3.031E-04 5.704E-03 4.627E-10 2.327E-07 2.461E-02 1.068E-01 1.305E-01 2.990E-01 3.025E+03 2.240E-01 2.78E-09
 5420   1.3331  4.00E-05 3.029E-04 5.699E-03 4.625E-10 2.316E-07 2.460E-02 1.068E-01 1.305E-01 2.986E-01 3.026E+03 2.241E-01 2.78E-09
 5440   1.3339  4.00E-05 3.027E-04 5.694E-03 4.654E-10 2.302E-07 2.459E-02 1.067E-01 1.303E-01 2.982E-01 3.026E+03 2.239E-01 2.79E-09
 5460   1.3347  4.01E-05 3.025E-04 5.689E-03 4.644E-10 2.288E-07 2.459E-02 1.067E-01 1.300E-01 2.978E-01 3.026E+03 2.226E-01 2.79E-09
 5480   1.3355  4.01E-05 3.023E-04 5.684E-03 4.688E-10 2.274E-07 2.458E-02 1.066E-01 1.298E-01 2.975E-01 3.026E+03 2.212E-01 2.81E-09
 5500   1.3364  4.02E-05 3.021E-04 5.679E-03 4.748E-10 2.263E-07 2.457E-02 1.066E-01 1.294E-01 2.971E-01 3.026E+03 2.209E-01 2.85E-09
 5520   1.3372  4.02E-05 3.019E-04 5.675E-03 4.714E-10 2.255E-07 2.456E-02 1.065E-01 1.288E-01 2.968E-01 3.026E+03 2.210E-01 2.83E-09
 5540   1.3380  4.02E-05 3.017E-04 5.670E-03 4.628E-10 2.251E-07 2.455E-02 1.065E-01 1.283E-01 2.964E-01 3.025E+03 2.208E-01 2.78E-09
 5560   1.3388  4.02E-05 3.015E-04 5.665E-03 4.549E-10 2.246E-07 2.454E-02 1.064E-01 1.277E-01 2.960E-01 3.025E+03 2.208E-01 2.73E-09
 5580   1.3396  4.02E-05 3.013E-04 5.660E-03 4.524E-10 2.238E-07 2.454E-02 1.064E-01 1.270E-01 2.956E-01 3.025E+03 2.196E-01 2.71E-09
 5600   1.3404  4.02E-05 3.011E-04 5.655E-03 4.574E-10 2.226E-07 2.453E-02 1.063E-01 1.262E-01 2.952E-01 3.025E+03 2.187E-01 2.74E-09
 5620   1.3412  4.03E-05 3.009E-04 5.650E-03 4.586E-10 2.212E-07 2.452E-02 1.063E-01 1.254E-01 2.948E-01 3.024E+03 2.184E-01 2.75E-09
 5640   1.3420  4.03E-05 3.007E-04 5.645E-03 4.504E-10 2.196E-07 2.451E-02 1.063E-01 1.249E-01 2.945E-01 3.024E+03 2.171E-01 2.70E-09
 5660   1.3428  4.03E-05 3.004E-04 5.640E-03 4.473E-10 2.176E-07 2.450E-02 1.062E-01 1.246E-01 2.940E-01 3.023E+03 2.153E-01 2.68E-09
 5680   1.3436  4.03E-05 3.002E-04 5.636E-03 4.599E-10 2.150E-07 2.449E-02 1.062E-01 1.242E-01 2.936E-01 3.023E+03 2.151E-01 2.76E-09
 5700   1.3444  4.04E-05 3.000E-04 5.631E-03 4.741E-10 2.123E-07 2.448E-02 1.061E-01 1.245E-01 2.931E-01 3.023E+03 2.164E-01 2.84E-09
 5720   1.3452  4.04E-05 2.998E-04 5.626E-03 4.720E-10 2.098E-07 2.447E-02 1.061E-01 1.246E-01 2.926E-01 3.022E+03 2.180E-01 2.83E-09
 5740   1.3460  4.04E-05 2.996E-04 5.621E-03 4.657E-10 2.076E-07 2.447E-02 1.060E-01 1.246E-01 2.921E-01 3.022E+03 2.186E-01 2.79E-09
 5760   1.3468  4.04E-05 2.994E-04 5.616E-03 4.733E-10 2.053E-07 2.446E-02 1.060E-01 1.247E-01 2.915E-01 3.021E+03 2.180E-01 2.84E-09
 5780   1.3476  4.04E-05 2.992E-04 5.611E-03 4.801E-10 2.032E-07 2.445E-02 1.059E-01 1.245E-01 2.909E-01 3.021E+03 2.167E-01 2.88E-09
 5800   1.3484  4.04E-05 2.989E-04 5.606E-03 4.731E-10 2.016E-07 2.444E-02 1.059E-01 1.241E-01 2.904E-01 3.020E+03 2.155E-01 2.84E-09
 5820   1.3493  4.05E-05 2.987E-04 5.601E-03 4.682E-10 2.003E-07 2.443E-02 1.058E-01 1.235E-01 2.900E-01 3.019E+03 2.152E-01 2.81E-09
 5840   1.3501  4.05E-05 2.985E-04 5.597E-03 4.706E-10 1.992E-07 2.442E-02 1.058E-01 1.228E-01 2.897E-01 3.019E+03 2.162E-01 2.82E-09
 5860   1.3509  4.05E-05 2.983E-04 5.592E-03 4.705E-10 1.983E-07 2.441E-02 1.058E-01 1.221E-01 2.893E-01 3.018E+03 2.179E-01 2.82E-09
 5880   1.3517  4.05E-05 2.981E-04 5.587E-03 4.709E-10 1.977E-07 2.440E-02 1.057E-01 1.212E-01 2.888E-01 3.018E+03 2.196E-01 2.83E-09
 5900   1.3525  4.06E-05 2.979E-04 5.582E-03 4.785E-10 1.973E-07 2.440E-02 1.057E-01 1.206E-01 2.884E-01 3.017E+03 2.205E-01 2.87E-09
 5920   1.3533  4.06E-05 2.976E-04 5.577E-03 4.885E-10 1.974E-07 2.439E-02 1.056E-01 1.203E-01 2.878E-01 3.017E+03 2.194E-01 2.93E-09
 5940   1.3541  4.06E-05 2.974E-04 5.572E-03 4.924E-10 1.985E-07 2.438E-02 1.056E-01 1.200E-01 2.876E-01 3.016E+03 2.172E-01 2.95E-09
 5960   1.3549  4.06E-05 2.972E-04 5.567E-03 4.882E-10 2.007E-07 2.437E-02 1.055E-01 1.198E-01 2.874E-01 3.015E+03 2.153E-01 2.93E-09
 5980   1.3557  4.06E-05 2.970E-04 5.563E-03 4.818E-10 2.039E-07 2.436E-02 1.055E-01 1.198E-01 2.873E-01 3.015E+03 2.142E-01 2.89E-09
 6000   1.3565  4.06E-05 2.967E-04 5.558E-03 4.797E-10 2.078E-07 2.435E-02 1.054E-01 1.197E-01 2.872E-01 3.014E+03 2.140E-01 2.88E-09
 6020   1.3574  4.06E-05 2.965E-04 5.553E-03 4.792E-10 2.122E-07 2.434E-02 1.054E-01 1.194E-01 2.871E-01 3.014E+03 2.144E-01 2.88E-09
 6040   1.3582  4.06E-05 2.963E-04 5.548E-03 4.727E-10 2.169E-07 2.433E-02 1.053E-01 1.190E-01 2.870E-01 3.013E+03 2.153E-01 2.84E-09
 6060   1.3590  4.06E-05 2.961E-04 5.543E-03 4.631E-10 2.218E-07 2.432E-02 1.053E-01 1.192E-01 2.868E-01 3.013E+03 2.155E-01 2.78E-09
 6080   1.3598  4.06E-05 2.958E-04 5.538E-03 4.600E-10 2.265E-07 2.431E-02 1.052E-01 1.194E-01 2.866E-01 3.012E+03 2.136E-01 2.76E-09
 6100   1.3606  4.06E-05 2.956E-04 5.533E-03 4.609E-10 2.310E-07 2.430E-02 1.052E-01 1.196E-01 2.864E-01 3.012E+03 2.111E-01 2.77E-09
 6120   1.3614  4.07E-05 2.954E-04 5.529E-03 4.571E-10 2.353E-07 2.430E-02 1.052E-01 1.196E-01 2.861E-01 3.011E+03 2.103E-01 2.74E-09
 6140   1.3622  4.07E-05 2.952E-04 5.524E-03 4.515E-10 2.393E-07 2.429E-02 1.051E-01 1.194E-01 2.859E-01 3.011E+03 2.112E-01 2.71E-09
 6160   1.3630  4.07E-05 2.949E-04 5.519E-03 4.490E-10 2.428E-07 2.428E-02 1.051E-01 1.194E-01 2.857E-01 3.010E+03 2.122E-01 2.69E-09
 6180   1.3639  4.08E-05 2.947E-04 5.514E-03 4.486E-10 2.457E-07 2.427E-02 1.050E-01 1.193E-01 2.856E-01 3.010E+03 2.117E-01 2.69E-09
 6200   1.3647  4.08E-05 2.945E-04 5.509E-03 4.516E-10 2.478E-07 2.426E-02 1.050E-01 1.194E-01 2.854E-01 3.009E+03 2.103E-01 2.71E-09
 6220   1.3655  4.08E-05 2.943E-04 5.504E-03 4.555E-10 2.493E-07 2.425E-02 1.049E-01 1.195E-01 2.853E-01 3.009E+03 2.093E-01 2.73E-09
 6240   1.3663  4.09E-05 2.941E-04 5.500E-03 4.552E-10 2.501E-07 2.424E-02 1.049E-01 1.196E-01 2.851E-01 3.009E+03 2.099E-01 2.73E-09
 6260   1.3671  4.09E-05 2.938E-04 5.495E-03 4.575E-10 2.503E-07 2.423E-02 1.048E-01 1.199E-01 2.849E-01 3.008E+03 2.115E-01 2.75E-09
 6280   1.3679  4.09E-05 2.936E-04 5.490E-03 4.640E-10 2.502E-07 2.422E-02 1.048E-01 1.201E-01 2.846E-01 3.008E+03 2.126E-01 2.78E-09
 6300   1.3688  4.09E-05 2.934E-04 5.485E-03 4.614E-10 2.498E-07 2.421E-02 1.047E-01 1.203E-01 2.844E-01 3.007E+03 2.126E-01 2.77E-09
 6320   1.3696  4.10E-05 2.932E-04 5.480E-03 4.538E-10 2.492E-07 2.420E-02 1.047E-01 1.203E-01 2.842E-01 3.007E+03 2.123E-01 2.72E-09
 6340   1.3704  4.10E-05 2.930E-04 5.475E-03 4.569E-10 2.483E-07 2.420E-02 1.046E-01 1.202E-01 2.841E-01 3.007E+03 2.115E-01 2.74E-09
 6360   1.3712  4.10E-05 2.928E-04 5.471E-03 4.640E-10 2.470E-07 2.419E-02 1.046E-01 1.201E-01 2.840E-01 3.006E+03 2.116E-01 2.78E-09
 6380   1.3720  4.10E-05 2.925E-04 5.466E-03 4.645E-10 2.457E-07 2.418E-02 1.046E-01 1.200E-01 2.839E-01 3.006E+03 2.127E-01 2.79E-09
 6400   1.3729  4.10E-05 2.923E-04 5.461E-03 4.608E-10 2.444E-07 2.417E-02 1.045E-01 1.201E-01 2.838E-01 3.006E+03 2.137E-01 2.76E-09
 6420   1.3737  4.10E-05 2.921E-04 5.456E-03 4.557E-10 2.429E-07 2.416E-02 1.045E-01 1.203E-01 2.837E-01 3.006E+03 2.132E-01 2.73E-09
 6440   1.3745  4.10E-05 2.919E-04 5.451E-03 4.566E-10 2.412E-07 2.415E-02 1.044E-01 1.204E-01 2.836E-01 3.005E+03 2.118E-01 2.74E-09
 6460   1.3753  4.11E-05 2.916E-04 5.446E-03 4.692E-10 2.393E-07 2.414E-02 1.044E-01 1.205E-01 2.836E-01 3.005E+03 2.105E-01 2.82E-09
 6480   1.3761  4.11E-05 2.914E-04 5.442E-03 4.783E-10 2.374E-07 2.413E-02 1.043E-01 1.209E-01 2.836E-01 3.005E+03 2.102E-01 2.87E-09
 6500   1.3770  4.11E-05 2.912E-04 5.437E-03 4.755E-10 2.358E-07 2.412E-02 1.043E-01 1.207E-01 2.835E-01 3.004E+03 2.110E-01 2.85E-09
 6520   1.3778  4.10E-05 2.910E-04 5.432E-03 4.778E-10 2.342E-07 2.411E-02 1.042E-01 1.216E-01 2.835E-01 3.004E+03 2.117E-01 2.87E-09
 6540   1.3786  4.10E-05 2.908E-04 5.427E-03 4.875E-10 2.329E-07 2.410E-02 1.042E-01 1.215E-01 2.835E-01 3.003E+03 2.116E-01 2.93E-09
 6560   1.3794  4.10E-05 2.905E-04 5.422E-03 4.837E-10 2.319E-07 2.409E-02 1.041E-01 1.224E-01 2.835E-01 3.003E+03 2.109E-01 2.90E-09
 6580   1.3803  4.10E-05 2.903E-04 5.417E-03 4.682E-10 2.311E-07 2.408E-02 1.041E-01 1.222E-01 2.834E-01 3.003E+03 2.095E-01 2.81E-09
 6600   1.3811  4.10E-05 2.901E-04 5.413E-03 4.652E-10 2.302E-07 2.407E-02 1.040E-01 1.229E-01 2.834E-01 3.002E+03 2.086E-01 2.79E-09
 6620   1.3819  4.10E-05 2.899E-04 5.408E-03 4.731E-10 2.289E-07 2.406E-02 1.040E-01 1.225E-01 2.834E-01 3.002E+03 2.094E-01 2.84E-09
 6640   1.3827  4.10E-05 2.896E-04 5.403E-03 4.718E-10 2.276E-07 2.406E-02 1.040E-01 1.230E-01 2.834E-01 3.002E+03 2.099E-01 2.83E-09
 6660   1.3835  4.10E-05 2.894E-04 5.398E-03 4.661E-10 2.263E-07 2.405E-02 1.039E-01 1.229E-01 2.834E-01 3.001E+03 2.096E-01 2.80E-09
 6680   1.3844  4.10E-05 2.892E-04 5.393E-03 4.724E-10 2.248E-07 2.404E-02 1.039E-01 1.232E-01 2.835E-01 3.001E+03 2.097E-01 2.83E-09
 6700   1.3852  4.10E-05 2.890E-04 5.389E-03 4.830E-10 2.233E-07 2.403E-02 1.038E-01 1.233E-01 2.834E-01 3.000E+03 2.110E-01 2.90E-09
 6720   1.3860  4.10E-05 2.887E-04 5.384E-03 4.829E-10 2.224E-07 2.402E-02 1.038E-01 1.233E-01 2.834E-01 3.000E+03 2.123E-01 2.90E-09
 6740   1.3868  4.10E-05 2.885E-04 5.379E-03 4.743E-10 2.220E-07 2.401E-02 1.037E-01 1.234E-01 2.834E-01 2.999E+03 2.122E-01 2.85E-09
 6760   1.3876  4.09E-05 2.883E-04 5.374E-03 4.675E-10 2.219E-07 2.400E-02 1.037E-01 1.234E-01 2.835E-01 2.999E+03 2.104E-01 2.80E-09
 6780   1.3884  4.09E-05 2.880E-04 5.369E-03 4.652E-10 2.218E-07 2.399E-02 1.036E-01 1.237E-01 2.836E-01 2.998E+03 2.089E-01 2.79E-09
 6800   1.3893  4.09E-05 2.878E-04 5.365E-03 4.648E-10 2.215E-07 2.398E-02 1.036E-01 1.232E-01 2.838E-01 2.998E+03 2.081E-01 2.79E-09
 6820   1.3901  4.09E-05 2.876E-04 5.360E-03 4.655E-10 2.211E-07 2.397E-02 1.035E-01 1.237E-01 2.840E-01 2.997E+03 2.075E-01 2.79E-09
 6840   1.3909  4.09E-05 2.873E-04 5.355E-03 4.649E-10 2.205E-07 2.396E-02 1.035E-01 1.229E-01 2.841E-01 2.997E+03 2.074E-01 2.79E-09
 6860   1.3917  4.09E-05 2.871E-04 5.350E-03 4.597E-10 2.197E-07 2.395E-02 1.034E-01 1.233E-01 2.843E-01 2.996E+03 2.071E-01 2.76E-09
 6880   1.3925  4.09E-05 2.869E-04 5.346E-03 4.587E-10 2.187E-07 2.394E-02 1.034E-01 1.228E-01 2.843E-01 2.995E+03 2.055E-01 2.75E-09
 6900   1.3934  4.09E-05 2.866E-04 5.341E-03 4.683E-10 2.176E-07 2.393E-02 1.034E-01 1.226E-01 2.843E-01 2.995E+03 2.038E-01 2.81E-09
 6920   1.3942  4.08E-05 2.864E-04 5.336E-03 4.719E-10 2.166E-07 2.392E-02 1.033E-01 1.225E-01 2.843E-01 2.994E+03 2.030E-01 2.83E-09
 6940   1.3950  4.08E-05 2.861E-04 5.331E-03 4.638E-10 2.159E-07 2.391E-02 1.033E-01 1.218E-01 2.843E-01 2.994E+03 2.037E-01 2.78E-09
 6960   1.3958  4.08E-05 2.859E-04 5.327E-03 4.635E-10 2.153E-07 2.390E-02 1.032E-01 1.217E-01 2.843E-01 2.993E+03 2.051E-01 2.78E-09
 6980   1.3966  4.08E-05 2.857E-04 5.322E-03 4.731E-10 2.147E-07 2.389E-02 1.032E-01 1.211E-01 2.844E-01 2.993E+03 2.058E-01 2.84E-09
 7000   1.3974  4.07E-05 2.854E-04 5.317E-03 4.731E-10 2.145E-07 2.388E-02 1.031E-01 1.205E-01 2.844E-01 2.992E+03 2.053E-01 2.84E-09
 7020   1.3982  4.07E-05 2.852E-04 5.312E-03 4.619E-10 2.148E-07 2.387E-02 1.031E-01 1.202E-01 2.845E-01 2.991E+03 2.042E-01 2.77E-09
 7040   1.3991  4.07E-05 2.850E-04 5.308E-03 4.549E-10 2.151E-07 2.386E-02 1.030E-01 1.196E-01 2.845E-01 2.991E+03 2.032E-01 2.73E-09
 7060   1.3999  4.07E-05 2.847E-04 5.303E-03 4.566E-10 2.153E-07 2.385E-02 1.030E-01 1.199E-01 2.846E-01 2.990E+03 2.030E-01 2.74E-09
 7080   1.4007  4.07E-05 2.845E-04 5.298E-03 4.597E-10 2.153E-07 2.384E-02 1.029E-01 1.199E-01 2.848E-01 2.989E+03 2.036E-01 2.76E-09
 7100   1.4015  4.07E-05 2.843E-04 5.294E-03 4.580E-10 2.154E-07 2.383E-02 1.029E-01 1.202E-01 2.849E-01 2.989E+03 2.045E-01 2.75E-09
 7120   1.4023  4.06E-05 2.840E-04 5.289E-03 4.518E-10 2.152E-07 2.382E-02 1.028E-01 1.205E-01 2.851E-01 2.988E+03 2.047E-01 2.71E-09
 7140   1.4031  4.06E-05 2.838E-04 5.284E-03 4.488E-10 2.147E-07 2.381E-02 1.028E-01 1.206E-01 2.852E-01 2.987E+03 2.038E-01 2.69E-09
 7160   1.4039  4.06E-05 2.836E-04 5.280E-03 4.537E-10 2.136E-07 2.380E-02 1.028E-01 1.208E-01 2.853E-01 2.987E+03 2.034E-01 2.72E-09
 7180   1.4048  4.06E-05 2.833E-04 5.275E-03 4.586E-10 2.120E-07 2.379E-02 1.027E-01 1.210E-01 2.854E-01 2.986E+03 2.043E-01 2.75E-09
 7200   1.4056  4.06E-05 2.831E-04 5.270E-03 4.596E-10 2.101E-07 2.378E-02 1.027E-01 1.212E-01 2.855E-01 2.985E+03 2.059E-01 2.76E-09
 7220   1.4064  4.05E-05 2.829E-04 5.266E-03 4.630E-10 2.078E-07 2.377E-02 1.026E-01 1.214E-01 2.855E-01 2.984E+03 2.066E-01 2.78E-09
 7240   1.4072  4.05E-05 2.826E-04 5.261E-03 4.671E-10 2.053E-07 2.376E-02 1.026E-01 1.216E-01 2.856E-01 2.984E+03 2.070E-01 2.80E-09
 7260   1.4080  4.05E-05 2.824E-04 5.256E-03 4.716E-10 2.028E-07 2.375E-02 1.025E-01 1.217E-01 2.856E-01 2.983E+03 2.076E-01 2.83E-09
 7280   1.4088  4.05E-05 2.821E-04 5.252E-03 4.803E-10 2.004E-07 2.374E-02 1.025E-01 1.219E-01 2.856E-01 2.982E+03 2.074E-01 2.88E-09
 7300   1.4096  4.05E-05 2.819E-04 5.247E-03 4.818E-10 1.985E-07 2.373E-02 1.024E-01 1.220E-01 2.857E-01 2.981E+03 2.066E-01 2.89E-09
 7320   1.4104  4.05E-05 2.817E-04 5.243E-03 4.749E-10 1.972E-07 2.372E-02 1.024E-01 1.222E-01 2.858E-01 2.980E+03 2.065E-01 2.85E-09
 7340   1.4112  4.05E-05 2.814E-04 5.238E-03 4.772E-10 1.964E-07 2.371E-02 1.024E-01 1.224E-01 2.859E-01 2.980E+03 2.056E-01 2.86E-09
 7360   1.4120  4.05E-05 2.812E-04 5.233E-03 4.824E-10 1.961E-07 2.370E-02 1.023E-01 1.225E-01 2.861E-01 2.979E+03 2.030E-01 2.89E-09
 7380   1.4129  4.05E-05 2.809E-04 5.229E-03 4.753E-10 1.965E-07 2.369E-02 1.023E-01 1.226E-01 2.863E-01 2.978E+03 2.012E-01 2.85E-09
 7400   1.4137  4.05E-05 2.807E-04 5.224E-03 4.664E-10 1.973E-07 2.368E-02 1.022E-01 1.226E-01 2.865E-01 2.977E+03 2.017E-01 2.80E-09
 7420   1.4145  4.05E-05 2.804E-04 5.219E-03 4.667E-10 1.983E-07 2.367E-02 1.022E-01 1.225E-01 2.865E-01 2.976E+03 2.024E-01 2.80E-09
 7440   1.4153  4.05E-05 2.802E-04 5.215E-03 4.729E-10 1.993E-07 2.366E-02 1.021E-01 1.224E-01 2.866E-01 2.975E+03 2.010E-01 2.84E-09
 7460   1.4161  4.05E-05 2.799E-04 5.210E-03 4.796E-10 2.006E-07 2.365E-02 1.021E-01 1.222E-01 2.867E-01 2.974E+03 1.986E-01 2.88E-09
 7480   1.4169  4.05E-05 2.797E-04 5.206E-03 4.794E-10 2.023E-07 2.364E-02 1.020E-01 1.221E-01 2.868E-01 2.973E+03 1.976E-01 2.88E-09
 7500   1.4177  4.05E-05 2.795E-04 5.201E-03 4.739E-10 2.045E-07 2.363E-02 1.020E-01 1.220E-01 2.869E-01 2.972E+03 1.990E-01 2.84E-09
 7520   1.4185  4.05E-05 2.792E-04 5.197E-03 4.722E-10 2.068E-07 2.362E-02 1.019E-01 1.220E-01 2.871E-01 2.971E+03 2.016E-01 2.83E-09
 7540   1.4193  4.05E-05 2.790E-04 5.192E-03 4.733E-10 2.091E-07 2.361E-02 1.019E-01 1.222E-01 2.873E-01 2.970E+03 2.029E-01 2.84E-09
 7560   1.4201  4.05E-05 2.787E-04 5.187E-03 4.744E-10 2.117E-07 2.360E-02 1.019E-01 1.225E-01 2.875E-01 2.969E+03 2.015E-01 2.85E-09
 7580   1.4210  4.05E-05 2.785E-04 5.183E-03 4.759E-10 2.143E-07 2.359E-02 1.018E-01 1.229E-01 2.877E-01 2.968E+03 1.987E-01 2.86E-09
 7600   1.4218  4.05E-05 2.783E-04 5.178E-03 4.738E-10 2.173E-07 2.358E-02 1.018E-01 1.232E-01 2.879E-01 2.967E+03 1.967E-01 2.84E-09
 7620   1.4226  4.05E-05 2.780E-04 5.174E-03 4.684E-10 2.204E-07 2.357E-02 1.017E-01 1.234E-01 2.880E-01 2.966E+03 1.976E-01 2.81E-09
 7640   1.4234  4.05E-05 2.778E-04 5.169E-03 4.651E-10 2.236E-07 2.356E-02 1.017E-01 1.236E-01 2.880E-01 2.965E+03 2.003E-01 2.79E-09
 7660   1.4242  4.05E-05 2.776E-04 5.164E-03 4.631E-10 2.266E-07 2.355E-02 1.016E-01 1.237E-01 2.880E-01 2.963E+03 2.019E-01 2.78E-09
 7680   1.4250  4.04E-05 2.773E-04 5.160E-03 4.608E-10 2.295E-07 2.354E-02 1.016E-01 1.237E-01 2.879E-01 2.962E+03 2.014E-01 2.77E-09
 7700   1.4258  4.04E-05 2.771E-04 5.155E-03 4.582E-10 2.321E-07 2.353E-02 1.015E-01 1.238E-01 2.879E-01 2.961E+03 2.009E-01 2.75E-09
 7720   1.4266  4.04E-05 2.769E-04 5.151E-03 4.550E-10 2.344E-07 2.352E-02 1.015E-01 1.239E-01 2.880E-01 2.960E+03 2.016E-01 2.73E-09
 7740   1.4274  4.04E-05 2.766E-04 5.146E-03 4.549E-10 2.362E-07 2.351E-02 1.015E-01 1.240E-01 2.881E-01 2.959E+03 2.025E-01 2.73E-09
 7760   1.4282  4.04E-05 2.764E-04 5.142E-03 4.591E-10 2.376E-07 2.350E-02 1.014E-01 1.242E-01 2.882E-01 2.957E+03 2.014E-01 2.75E-09
 7780   1.4290  4.04E-05 2.762E-04 5.137E-03 4.626E-10 2.388E-07 2.349E-02 1.014E-01 1.242E-01 2.884E-01 2.956E+03 1.995E-01 2.78E-09
 7800   1.4299  4.04E-05 2.759E-04 5.133E-03 4.611E-10 2.398E-07 2.348E-02 1.013E-01 1.245E-01 2.885E-01 2.955E+03 1.990E-01 2.77E-09
 7820   1.4307  4.04E-05 2.757E-04 5.128E-03 4.553E-10 2.406E-07 2.347E-02 1.013E-01 1.247E-01 2.884E-01 2.953E+03 2.001E-01 2.73E-09
 7840   1.4315  4.04E-05 2.755E-04 5.124E-03 4.531E-10 2.410E-07 2.346E-02 1.012E-01 1.248E-01 2.884E-01 2.952E+03 2.012E-01 2.72E-09
 7860   1.4323  4.04E-05 2.752E-04 5.119E-03 4.567E-10 2.409E-07 2.345E-02 1.012E-01 1.251E-01 2.884E-01 2.951E+03 2.015E-01 2.74E-09
 7880   1.4331  4.04E-05 2.750E-04 5.115E-03 4.564E-10 2.403E-07 2.344E-02 1.011E-01 1.251E-01 2.883E-01 2.949E+03 2.015E-01 2.74E-09
 7900   1.4339  4.04E-05 2.748E-04 5.110E-03 4.542E-10 2.394E-07 2.343E-02 1.011E-01 1.254E-01 2.883E-01 2.948E+03 2.021E-01 2.73E-09
 7920   1.4347  4.04E-05 2.746E-04 5.106E-03 4.577E-10 2.380E-07 2.342E-02 1.011E-01 1.254E-01 2.882E-01 2.946E+03 2.027E-01 2.75E-09
 7940   1.4355  4.04E-05 2.743E-04 5.101E-03 4.591E-10 2.363E-07 2.341E-02 1.010E-01 1.255E-01 2.882E-01 2.945E+03 2.018E-01 2.75E-09
 7960   1.4363  4.04E-05 2.741E-04 5.097E-03 4.588E-10 2.344E-07 2.340E-02 1.010E-01 1.256E-01 2.881E-01 2.944E+03 1.992E-01 2.75E-09
 7980   1.4371  4.04E-05 2.739E-04 5.092E-03 4.655E-10 2.323E-07 2.339E-02 1.009E-01 1.254E-01 2.880E-01 2.942E+03 1.966E-01 2.79E-09
 8000   1.4379  4.05E-05 2.736E-04 5.088E-03 4.688E-10 2.302E-07 2.338E-02 1.009E-01 1.255E-01 2.879E-01 2.941E+03 1.959E-01 2.81E-09
 8020   1.4387  4.05E-05 2.734E-04 5.083E-03 4.645E-10 2.281E-07 2.337E-02 1.008E-01 1.251E-01 2.878E-01 2.939E+03 1.968E-01 2.79E-09
 8040   1.4396  4.05E-05 2.732E-04 5.079E-03 4.659E-10 2.258E-07 2.336E-02 1.008E-01 1.249E-01 2.876E-01 2.938E+03 1.970E-01 2.80E-09
 8060   1.4404  4.05E-05 2.730E-04 5.074E-03 4.710E-10 2.232E-07 2.335E-02 1.007E-01 1.249E-01 2.875E-01 2.936E+03 1.958E-01 2.83E-09
 8080   1.4412  4.05E-05 2.727E-04 5.070E-03 4.711E-10 2.206E-07 2.334E-02 1.007E-01 1.245E-01 2.874E-01 2.935E+03 1.947E-01 2.83E-09
 8100   1.4420  4.05E-05 2.725E-04 5.065E-03 4.717E-10 2.178E-07 2.333E-02 1.006E-01 1.245E-01 2.873E-01 2.933E+03 1.946E-01 2.83E-09
 8120   1.4428  4.05E-05 2.723E-04 5.061E-03 4.734E-10 2.149E-07 2.333E-02 1.006E-01 1.238E-01 2.870E-01 2.932E+03 1.951E-01 2.84E-09
 8140   1.4436  4.05E-05 2.721E-04 5.056E-03 4.718E-10 2.120E-07 2.332E-02 1.006E-01 1.234E-01 2.868E-01 2.930E+03 1.953E-01 2.83E-09
 8160   1.4444  4.05E-05 2.719E-04 5.052E-03 4.735E-10 2.091E-07 2.331E-02 1.005E-01 1.231E-01 2.865E-01 2.928E+03 1.950E-01 2.84E-09
 8180   1.4452  4.05E-05 2.717E-04 5.047E-03 4.828E-10 2.063E-07 2.330E-02 1.005E-01 1.226E-01 2.862E-01 2.927E+03 1.949E-01 2.90E-09
 8200   1.4460  4.05E-05 2.714E-04 5.043E-03 4.905E-10 2.041E-07 2.329E-02 1.004E-01 1.226E-01 2.859E-01 2.925E+03 1.953E-01 2.94E-09
 8220   1.4469  4.06E-05 2.712E-04 5.038E-03 4.908E-10 2.026E-07 2.328E-02 1.004E-01 1.221E-01 2.856E-01 2.924E+03 1.959E-01 2.94E-09
 8240   1.4477  4.06E-05 2.710E-04 5.034E-03 4.878E-10 2.020E-07 2.327E-02 1.003E-01 1.217E-01 2.853E-01 2.922E+03 1.965E-01 2.93E-09
 8260   1.4485  4.06E-05 2.708E-04 5.029E-03 4.831E-10 2.022E-07 2.326E-02 1.003E-01 1.215E-01 2.850E-01 2.920E+03 1.961E-01 2.90E-09
 8280   1.4493  4.06E-05 2.706E-04 5.025E-03 4.766E-10 2.030E-07 2.325E-02 1.002E-01 1.218E-01 2.846E-01 2.919E+03 1.951E-01 2.86E-09
 8300   1.4501  4.06E-05 2.704E-04 5.020E-03 4.752E-10 2.040E-07 2.324E-02 1.002E-01 1.217E-01 2.843E-01 2.917E+03 1.950E-01 2.85E-09
 8320   1.4509  4.06E-05 2.702E-04 5.016E-03 4.790E-10 2.054E-07 2.323E-02 1.002E-01 1.214E-01 2.838E-01 2.915E+03 1.953E-01 2.87E-09
 8340   1.4517  4.07E-05 2.699E-04 5.012E-03 4.767E-10 2.072E-07 2.322E-02 1.001E-01 1.217E-01 2.834E-01 2.913E+03 1.957E-01 2.86E-09
 8360   1.4525  4.07E-05 2.697E-04 5.007E-03 4.656E-10 2.093E-07 2.321E-02 1.001E-01 1.221E-01 2.830E-01 2.912E+03 1.968E-01 2.79E-09
 8380   1.4533  4.07E-05 2.695E-04 5.003E-03 4.555E-10 2.115E-07 2.321E-02 1.000E-01 1.221E-01 2.827E-01 2.910E+03 1.982E-01 2.73E-09
 8400   1.4542  4.07E-05 2.693E-04 4.998E-03 4.510E-10 2.135E-07 2.320E-02 9.998E-02 1.217E-01 2.824E-01 2.908E+03 1.992E-01 2.71E-09
 8420   1.4550  4.08E-05 2.691E-04 4.994E-03 4.477E-10 2.149E-07 2.319E-02 9.994E-02 1.223E-01 2.821E-01 2.906E+03 1.991E-01 2.69E-09
 8440   1.4558  4.08E-05 2.689E-04 4.989E-03 4.470E-10 2.158E-07 2.318E-02 9.989E-02 1.224E-01 2.818E-01 2.904E+03 1.982E-01 2.68E-09
 8460   1.4566  4.08E-05 2.687E-04 4.985E-03 4.526E-10 2.160E-07 2.317E-02 9.985E-02 1.221E-01 2.814E-01 2.902E+03 1.971E-01 2.72E-09
 8480   1.4574  4.09E-05 2.684E-04 4.981E-03 4.562E-10 2.157E-07 2.316E-02 9.981E-02 1.221E-01 2.809E-01 2.901E+03 1.967E-01 2.74E-09
 8500   1.4582  4.09E-05 2.682E-04 4.976E-03 4.541E-10 2.150E-07 2.315E-02 9.976E-02 1.224E-01 2.803E-01 2.899E+03 1.965E-01 2.72E-09
 8520   1.4591  4.09E-05 2.680E-04 4.972E-03 4.593E-10 2.138E-07 2.314E-02 9.972E-02 1.225E-01 2.798E-01 2.897E+03 1.962E-01 2.76E-09
 8540   1.4599  4.09E-05 2.678E-04 4.967E-03 4.690E-10 2.122E-07 2.313E-02 9.967E-02 1.228E-01 2.793E-01 2.895E+03 1.966E-01 2.81E-09
 8560   1.4607  4.09E-05 2.676E-04 4.963E-03 4.667E-10 2.107E-07 2.312E-02 9.963E-02 1.232E-01 2.789E-01 2.893E+03 1.972E-01 2.80E-09
 8580   1.4615  4.09E-05 2.673E-04 4.959E-03 4.628E-10 2.091E-07 2.311E-02 9.958E-02 1.235E-01 2.785E-01 2.891E+03 1.968E-01 2.78E-09
 8600   1.4623  4.09E-05 2.671E-04 4.954E-03 4.718E-10 2.074E-07 2.310E-02 9.954E-02 1.239E-01 2.781E-01 2.889E+03 1.959E-01 2.83E-09
 8620   1.4632  4.09E-05 2.669E-04 4.950E-03 4.772E-10 2.059E-07 2.309E-02 9.950E-02 1.243E-01 2.778E-01 2.887E+03 1.942E-01 2.86E-09
 8640   1.4640  4.08E-05 2.666E-04 4.945E-03 4.679E-10 2.049E-07 2.308E-02 9.945E-02 1.246E-01 2.774E-01 2.885E+03 1.917E-01 2.81E-09
 8660   1.4648  4.08E-05 2.664E-04 4.941E-03 4.586E-10 2.040E-07 2.307E-02 9.941E-02 1.248E-01 2.770E-01 2.883E+03 1.901E-01 2.75E-09
 8680   1.4656  4.08E-05 2.662E-04 4.937E-03 4.561E-10 2.030E-07 2.306E-02 9.936E-02 1.249E-01 2.766E-01 2.881E+03 1.901E-01 2.74E-09
 8700   1.4664  4.08E-05 2.660E-04 4.932E-03 4.538E-10 2.018E-07 2.305E-02 9.932E-02 1.250E-01 2.762E-01 2.879E+03 1.900E-01 2.72E-09
 8720   1.4672  4.08E-05 2.657E-04 4.928E-03 4.539E-10 2.002E-07 2.304E-02 9.928E-02 1.250E-01 2.758E-01 2.877E+03 1.890E-01 2.72E-09
 8740   1.4680  4.08E-05 2.655E-04 4.924E-03 4.610E-10 1.982E-07 2.303E-02 9.923E-02 1.253E-01 2.755E-01 2.875E+03 1.885E-01 2.77E-09
 8760   1.4689  4.07E-05 2.653E-04 4.919E-03 4.693E-10 1.961E-07 2.302E-02 9.919E-02 1.255E-01 2.751E-01 2.873E+03 1.898E-01 2.82E-09
 8780   1.4697  4.07E-05 2.651E-04 4.915E-03 4.740E-10 1.942E-07 2.301E-02 9.915E-02 1.257E-01 2.747E-01 2.871E+03 1.918E-01 2.84E-09
 8800   1.4705  4.07E-05 2.649E-04 4.911E-03 4.773E-10 1.925E-07 2.300E-02 9.910E-02 1.259E-01 2.742E-01 2.869E+03 1.921E-01 2.86E-09
 8820   1.4713  4.07E-05 2.647E-04 4.906E-03 4.741E-10 1.913E-07 2.299E-02 9.906E-02 1.261E-01 2.738E-01 2.867E+03 1.912E-01 2.84E-09
 8840   1.4721  4.07E-05 2.644E-04 4.902E-03 4.634E-10 1.904E-07 2.299E-02 9.901E-02 1.264E-01 2.733E-01 2.865E+03 1.909E-01 2.78E-09
 8860   1.4729  4.06E-05 2.642E-04 4.898E-03 4.618E-10 1.895E-07 2.298E-02 9.897E-02 1.268E-01 2.728E-01 2.862E+03 1.909E-01 2.77E-09
 8880   1.4737  4.06E-05 2.640E-04 4.893E-03 4.701E-10 1.884E-07 2.297E-02 9.893E-02 1.271E-01 2.723E-01 2.860E+03 1.905E-01 2.82E-09
 8900   1.4746  4.06E-05 2.638E-04 4.889E-03 4.673E-10 1.876E-07 2.296E-02 9.888E-02 1.272E-01 2.717E-01 2.858E+03 1.903E-01 2.80E-09
 8920   1.4754  4.06E-05 2.636E-04 4.885E-03 4.576E-10 1.870E-07 2.295E-02 9.884E-02 1.272E-01 2.712E-01 2.856E+03 1.907E-01 2.75E-09
 8940   1.4762  4.06E-05 2.634E-04 4.880E-03 4.632E-10 1.863E-07 2.294E-02 9.880E-02 1.273E-01 2.707E-01 2.854E+03 1.925E-01 2.78E-09
 8960   1.4770  4.06E-05 2.632E-04 4.876E-03 4.789E-10 1.856E-07 2.293E-02 9.875E-02 1.274E-01 2.702E-01 2.852E+03 1.942E-01 2.87E-09
 8980   1.4778  4.06E-05 2.629E-04 4.872E-03 4.862E-10 1.856E-07 2.292E-02 9.871E-02 1.276E-01 2.701E-01 2.850E+03 1.933E-01 2.92E-09
 9000   1.4786  4.06E-05 2.627E-04 4.868E-03 4.840E-10 1.865E-07 2.291E-02 9.867E-02 1.282E-01 2.701E-01 2.847E+03 1.915E-01 2.90E-09
 9020   1.4794  4.05E-05 2.625E-04 4.863E-03 4.817E-10 1.881E-07 2.290E-02 9.862E-02 1.288E-01 2.701E-01 2.845E+03 1.907E-01 2.89E-09
 9040   1.4802  4.05E-05 2.623E-04 4.859E-03 4.819E-10 1.903E-07 2.289E-02 9.858E-02 1.294E-01 2.702E-01 2.843E+03 1.910E-01 2.89E-09
 9060   1.4810  4.05E-05 2.621E-04 4.855E-03 4.794E-10 1.930E-07 2.288E-02 9.854E-02 1.300E-01 2.702E-01 2.841E+03 1.915E-01 2.88E-09
 9080   1.4819  4.04E-05 2.619E-04 4.851E-03 4.714E-10 1.961E-07 2.287E-02 9.850E-02 1.305E-01 2.701E-01 2.839E+03 1.918E-01 2.83E-09
 9100   1.4827  4.04E-05 2.617E-04 4.846E-03 4.666E-10 1.994E-07 2.286E-02 9.845E-02 1.309E-01 2.701E-01 2.836E+03 1.921E-01 2.80E-09
 9120   1.4835  4.04E-05 2.614E-04 4.842E-03 4.706E-10 2.026E-07 2.285E-02 9.841E-02 1.312E-01 2.700E-01 2.834E+03 1.919E-01 2.82E-09
 9140   1.4843  4.04E-05 2.612E-04 4.838E-03 4.728E-10 2.061E-07 2.284E-02 9.837E-02 1.316E-01 2.699E-01 2.832E+03 1.909E-01 2.84E-09
 9160   1.4851  4.04E-05 2.610E-04 4.834E-03 4.672E-10 2.098E-07 2.283E-02 9.832E-02 1.320E-01 2.698E-01 2.830E+03 1.894E-01 2.80E-09
 9180   1.4859  4.03E-05 2.608E-04 4.830E-03 4.634E-10 2.135E-07 2.282E-02 9.828E-02 1.323E-01 2.697E-01 2.827E+03 1.885E-01 2.78E-09
 9200   1.4867  4.03E-05 2.606E-04 4.825E-03 4.647E-10 2.172E-07 2.282E-02 9.824E-02 1.326E-01 2.697E-01 2.825E+03 1.890E-01 2.79E-09
 9220   1.4875  4.03E-05 2.604E-04 4.821E-03 4.651E-10 2.208E-07 2.281E-02 9.820E-02 1.329E-01 2.697E-01 2.823E+03 1.899E-01 2.79E-09
 9240   1.4883  4.03E-05 2.601E-04 4.817E-03 4.655E-10 2.243E-07 2.280E-02 9.815E-02 1.331E-01 2.695E-01 2.820E+03 1.902E-01 2.79E-09
 9260   1.4891  4.03E-05 2.599E-04 4.813E-03 4.643E-10 2.276E-07 2.279E-02 9.811E-02 1.334E-01 2.694E-01 2.818E+03 1.898E-01 2.79E-09
 9280   1.4899  4.02E-05 2.597E-04 4.809E-03 4.599E-10 2.306E-07 2.278E-02 9.807E-02 1.337E-01 2.693E-01 2.816E+03 1.884E-01 2.76E-09
 9300   1.4907  4.02E-05 2.595E-04 4.805E-03 4.597E-10 2.332E-07 2.277E-02 9.803E-02 1.341E-01 2.691E-01 2.813E+03 1.863E-01 2.76E-09
 9320   1.4915  4.02E-05 2.593E-04 4.801E-03 4.633E-10 2.353E-07 2.276E-02 9.799E-02 1.343E-01 2.691E-01 2.811E+03 1.850E-01 2.78E-09
 9340   1.4923  4.02E-05 2.591E-04 4.796E-03 4.621E-10 2.370E-07 2.275E-02 9.794E-02 1.345E-01 2.690E-01 2.809E+03 1.855E-01 2.77E-09
 9360   1.4931  4.02E-05 2.589E-04 4.792E-03 4.575E-10 2.384E-07 2.274E-02 9.790E-02 1.346E-01 2.688E-01 2.806E+03 1.876E-01 2.75E-09
 9380   1.4939  4.02E-05 2.587E-04 4.788E-03 4.527E-10 2.392E-07 2.273E-02 9.786E-02 1.347E-01 2.687E-01 2.804E+03 1.893E-01 2.72E-09
 9400   1.4947  4.02E-05 2.584E-04 4.784E-03 4.466E-10 2.395E-07 2.272E-02 9.782E-02 1.349E-01 2.686E-01 2.802E+03 1.888E-01 2.68E-09
 9420   1.4956  4.02E-05 2.582E-04 4.780E-03 4.447E-10 2.390E-07 2.271E-02 9.778E-02 1.353E-01 2.684E-01 2.799E+03 1.872E-01 2.67E-09
