#---it-------t--------ee2m------aa2m------emag------EEGW------hrms------brms------erms------EEEM------bmax---
      0     -0.900 1.459E-47 1.327E-51 0.000E+00 0.000E+00 0.000E+00 0.000E+00 0.000E+00 0.000E+00 0.000E+00
      5     -0.875 1.723E-43 5.692E-48 4.767E-42 9.752E-87 9.054E-46 1.961E-22 4.987E-22 1.436E-43 7.126E-22
     10     -0.850 3.077E-40 1.490E-44 1.265E-38 3.120E-80 1.847E-42 1.010E-20 2.109E-20 2.734E-40 3.729E-20
     15     -0.825 1.509E-37 1.041E-41 8.389E-36 7.842E-75 1.061E-39 2.601E-19 4.704E-19 1.445E-37 9.843E-19
     20     -0.800 2.767E-35 2.626E-39 1.912E-33 2.732E-70 2.262E-37 3.927E-18 6.429E-18 2.837E-35 1.510E-17
     25     -0.775 2.440E-33 3.058E-37 1.941E-31 2.130E-66 2.259E-35 3.956E-17 6.081E-17 2.632E-33 1.491E-16
     30     -0.750 1.249E-31 1.989E-35 1.083E-29 5.408E-63 1.271E-33 2.955E-16 4.372E-16 1.393E-31 1.104E-15
     35     -0.725 4.202E-30 8.269E-34 3.868E-28 5.784E-60 4.590E-32 1.766E-15 2.545E-15 4.798E-30 6.727E-15
     40     -0.700 1.006E-28 2.400E-32 9.732E-27 3.091E-57 1.162E-30 8.858E-15 1.249E-14 1.173E-28 3.340E-14
     45     -0.675 1.815E-27 5.169E-31 1.836E-25 9.323E-55 2.195E-29 3.848E-14 5.323E-14 2.157E-27 1.384E-13
     50     -0.650 2.578E-26 8.651E-30 2.716E-24 1.740E-52 3.241E-28 1.480E-13 2.012E-13 3.119E-26 5.259E-13
     55     -0.625 2.981E-25 1.166E-28 3.262E-23 2.157E-50 3.882E-27 5.128E-13 6.862E-13 3.669E-25 1.829E-12
     60     -0.600 2.888E-24 1.304E-27 3.271E-22 1.879E-48 3.880E-26 1.624E-12 2.142E-12 3.612E-24 5.811E-12
     65     -0.575 2.397E-23 1.239E-26 2.802E-21 1.203E-46 3.313E-25 4.753E-12 6.185E-12 3.042E-23 1.760E-11
     70     -0.550 1.736E-22 1.019E-25 2.090E-20 5.885E-45 2.464E-24 1.298E-11 1.668E-11 2.234E-22 4.871E-11
     75     -0.525 1.115E-21 7.380E-25 1.378E-19 2.266E-43 1.621E-23 3.334E-11 4.237E-11 1.453E-21 1.240E-10
     80     -0.500 6.432E-21 4.772E-24 8.152E-19 7.056E-42 9.561E-23 8.107E-11 1.020E-10 8.486E-21 2.996E-10
     85     -0.475 3.370E-20 2.787E-23 4.370E-18 1.816E-40 5.115E-22 1.877E-10 2.339E-10 4.497E-20 6.824E-10
     90     -0.450 1.619E-19 1.485E-22 2.145E-17 3.940E-39 2.506E-21 4.159E-10 5.136E-10 2.184E-19 1.465E-09
     95     -0.425 7.195E-19 7.281E-22 9.723E-17 7.319E-38 1.134E-20 8.854E-10 1.085E-09 9.801E-19 3.139E-09
    100     -0.400 2.977E-18 3.311E-21 4.099E-16 1.181E-36 4.772E-20 1.818E-09 2.210E-09 4.094E-18 6.309E-09
    105     -0.375 1.154E-17 1.405E-20 1.618E-15 1.676E-35 1.880E-19 3.612E-09 4.359E-09 1.602E-17 1.258E-08
    110     -0.350 4.217E-17 5.598E-20 6.010E-15 2.115E-34 6.971E-19 6.961E-09 8.343E-09 5.903E-17 2.470E-08
    115     -0.325 1.459E-16 2.105E-19 2.112E-14 2.396E-33 2.445E-18 1.305E-08 1.554E-08 2.059E-16 4.869E-08
    120     -0.300 4.797E-16 7.500E-19 7.047E-14 2.456E-32 8.149E-18 2.384E-08 2.822E-08 6.822E-16 9.220E-08
    125     -0.275 1.506E-15 2.544E-18 2.243E-13 2.297E-31 2.590E-17 4.252E-08 5.005E-08 2.156E-15 1.674E-07
    130     -0.250 4.526E-15 8.239E-18 6.829E-13 1.972E-30 7.877E-17 7.421E-08 8.686E-08 6.525E-15 2.924E-07
    135     -0.225 1.307E-14 2.557E-17 1.996E-12 1.565E-29 2.300E-16 1.269E-07 1.477E-07 1.896E-14 4.931E-07
    140     -0.200 3.634E-14 7.624E-17 5.615E-12 1.153E-28 6.465E-16 2.128E-07 2.466E-07 5.305E-14 8.047E-07
    145     -0.175 9.758E-14 2.191E-16 1.524E-11 7.932E-28 1.754E-15 3.506E-07 4.045E-07 1.433E-13 1.287E-06
    150     -0.150 2.535E-13 6.077E-16 4.003E-11 5.117E-27 4.602E-15 5.681E-07 6.527E-07 3.744E-13 2.006E-06
    155     -0.125 6.388E-13 1.632E-15 1.019E-10 3.108E-26 1.171E-14 9.063E-07 1.037E-06 9.486E-13 3.069E-06
    160     -0.100 1.563E-12 4.249E-15 2.519E-10 1.784E-25 2.893E-14 1.425E-06 1.624E-06 2.335E-12 4.828E-06
    165     -0.075 3.723E-12 1.075E-14 6.057E-10 9.707E-25 6.953E-14 2.210E-06 2.510E-06 5.591E-12 7.419E-06
    170     -0.050 8.643E-12 2.644E-14 1.419E-09 5.021E-24 1.628E-13 3.383E-06 3.828E-06 1.305E-11 1.137E-05
    175     -0.025 1.958E-11 6.341E-14 3.246E-09 2.477E-23 3.721E-13 5.116E-06 5.768E-06 2.972E-11 1.762E-05
    180     -0.000 4.335E-11 1.484E-13 7.251E-09 1.167E-22 8.306E-13 7.646E-06 8.591E-06 6.613E-11 2.667E-05
    185      0.025 9.391E-11 3.393E-13 1.584E-08 5.271E-22 1.814E-12 1.130E-05 1.266E-05 1.440E-10 3.951E-05
    190      0.050 1.993E-10 7.589E-13 3.390E-08 2.285E-21 3.878E-12 1.653E-05 1.845E-05 3.069E-10 5.760E-05
    195      0.075 4.147E-10 1.663E-12 7.111E-08 9.531E-21 8.128E-12 2.394E-05 2.664E-05 6.415E-10 8.389E-05
    200      0.100 8.470E-10 3.570E-12 1.463E-07 3.832E-20 1.672E-11 3.435E-05 3.810E-05 1.316E-09 1.218E-04
    205      0.125 1.700E-09 7.524E-12 2.957E-07 1.488E-19 3.376E-11 4.883E-05 5.401E-05 2.651E-09 1.741E-04
    210      0.150 3.354E-09 1.557E-11 5.875E-07 5.588E-19 6.703E-11 6.882E-05 7.592E-05 5.250E-09 2.460E-04
    215      0.175 6.513E-09 3.168E-11 1.148E-06 2.034E-18 1.309E-10 9.621E-05 1.059E-04 1.023E-08 3.421E-04
    220      0.200 1.246E-08 6.342E-11 2.208E-06 7.179E-18 2.517E-10 1.334E-04 1.465E-04 1.963E-08 4.685E-04
    225      0.225 2.347E-08 1.250E-10 4.185E-06 2.462E-17 4.768E-10 1.837E-04 2.012E-04 3.711E-08 6.334E-04
    230      0.250 4.363E-08 2.426E-10 7.820E-06 8.217E-17 8.905E-10 2.511E-04 2.744E-04 6.916E-08 8.553E-04
    235      0.275 8.000E-08 4.643E-10 1.441E-05 2.670E-16 1.640E-09 3.409E-04 3.717E-04 1.272E-07 1.144E-03
    240      0.300 1.448E-07 8.764E-10 2.622E-05 8.463E-16 2.982E-09 4.598E-04 5.003E-04 2.309E-07 1.549E-03
    245      0.325 2.590E-07 1.633E-09 4.711E-05 2.618E-15 5.355E-09 6.163E-04 6.694E-04 4.139E-07 2.082E-03
    250      0.350 4.578E-07 3.004E-09 8.364E-05 7.914E-15 9.501E-09 8.212E-04 8.902E-04 7.334E-07 2.769E-03
    255      0.375 7.998E-07 5.460E-09 1.468E-04 2.340E-14 1.666E-08 1.088E-03 1.177E-03 1.285E-06 3.662E-03
    260      0.400 1.382E-06 9.809E-09 2.548E-04 6.771E-14 2.891E-08 1.433E-03 1.548E-03 2.225E-06 4.794E-03
    265      0.425 2.364E-06 1.742E-08 4.375E-04 1.920E-13 4.961E-08 1.878E-03 2.025E-03 3.815E-06 6.380E-03
    270      0.450 4.002E-06 3.062E-08 7.436E-04 5.336E-13 8.427E-08 2.449E-03 2.636E-03 6.473E-06 8.443E-03
    275      0.475 6.709E-06 5.325E-08 1.252E-03 1.455E-12 1.418E-07 3.177E-03 3.415E-03 1.088E-05 1.106E-02
    280      0.500 1.114E-05 9.168E-08 2.087E-03 3.897E-12 2.362E-07 4.102E-03 4.403E-03 1.810E-05 1.437E-02
    285      0.525 1.834E-05 1.563E-07 3.447E-03 1.025E-11 3.900E-07 5.272E-03 5.650E-03 2.986E-05 1.848E-02
    290      0.550 2.992E-05 2.640E-07 5.644E-03 2.652E-11 6.383E-07 6.746E-03 7.220E-03 4.882E-05 2.356E-02
    295      0.575 4.840E-05 4.420E-07 9.162E-03 6.749E-11 1.036E-06 8.595E-03 9.187E-03 7.914E-05 2.981E-02
    300      0.600 7.767E-05 7.334E-07 1.475E-02 1.690E-10 1.667E-06 1.091E-02 1.164E-02 1.272E-04 3.771E-02
    305      0.625 1.237E-04 1.207E-06 2.356E-02 4.169E-10 2.662E-06 1.378E-02 1.470E-02 2.030E-04 4.736E-02
    310      0.650 1.954E-04 1.970E-06 3.734E-02 1.013E-09 4.217E-06 1.735E-02 1.848E-02 3.213E-04 5.909E-02
    315      0.675 3.065E-04 3.190E-06 5.875E-02 2.427E-09 6.633E-06 2.176E-02 2.316E-02 5.049E-04 7.328E-02
    320      0.700 4.775E-04 5.126E-06 9.176E-02 5.735E-09 1.036E-05 2.720E-02 2.891E-02 7.878E-04 9.038E-02
    325      0.725 7.386E-04 8.177E-06 1.423E-01 1.337E-08 1.606E-05 3.388E-02 3.597E-02 1.221E-03 1.109E-01
    330      0.750 1.135E-03 1.295E-05 2.193E-01 3.077E-08 2.474E-05 4.205E-02 4.460E-02 1.879E-03 1.395E-01
    335      0.775 1.733E-03 2.037E-05 3.357E-01 6.991E-08 3.785E-05 5.202E-02 5.513E-02 2.873E-03 1.745E-01
    340      0.800 2.629E-03 3.183E-05 5.106E-01 1.569E-07 5.756E-05 6.416E-02 6.792E-02 4.365E-03 2.170E-01
    345      0.825 3.963E-03 4.941E-05 7.718E-01 3.482E-07 8.699E-05 7.889E-02 8.343E-02 6.592E-03 2.688E-01
    350      0.850 5.941E-03 7.621E-05 1.160E+00 7.635E-07 1.307E-04 9.670E-02 1.022E-01 9.896E-03 3.315E-01
    355      0.875 8.852E-03 1.168E-04 1.733E+00 1.656E-06 1.952E-04 1.182E-01 1.248E-01 1.477E-02 4.070E-01
    360      0.900 1.312E-02 1.780E-04 2.574E+00 3.553E-06 2.899E-04 1.441E-01 1.519E-01 2.192E-02 4.974E-01
    365      0.925 1.933E-02 2.697E-04 3.803E+00 7.543E-06 4.282E-04 1.751E-01 1.845E-01 3.235E-02 6.053E-01
    370      0.950 2.833E-02 4.062E-04 5.588E+00 1.585E-05 6.292E-04 2.123E-01 2.235E-01 4.749E-02 7.336E-01
    375      0.975 4.130E-02 6.085E-04 8.168E+00 3.298E-05 9.197E-04 2.566E-01 2.699E-01 6.936E-02 8.857E-01
    380      1.000 5.990E-02 9.065E-04 1.188E+01 6.794E-05 1.338E-03 3.095E-01 3.252E-01 1.008E-01 1.066E+00
    385      1.025 8.646E-02 1.343E-03 1.719E+01 2.995E-05 1.757E-03 3.723E-01 3.909E-01 1.457E-01 1.278E+00
    390      1.050 1.242E-01 1.981E-03 2.476E+01 5.468E-05 1.854E-03 4.468E-01 4.687E-01 2.097E-01 1.527E+00
    395      1.075 1.775E-01 2.905E-03 3.548E+01 1.166E-04 1.762E-03 5.349E-01 5.607E-01 3.002E-01 1.820E+00
    400      1.100 2.526E-01 4.241E-03 5.063E+01 1.323E-04 1.704E-03 6.389E-01 6.692E-01 4.280E-01 2.161E+00
    405      1.125 3.579E-01 6.160E-03 7.191E+01 1.032E-04 1.754E-03 7.614E-01 7.969E-01 6.074E-01 2.560E+00
    410      1.150 5.048E-01 8.908E-03 1.017E+02 8.566E-05 1.807E-03 9.054E-01 9.470E-01 8.583E-01 3.023E+00
    415      1.175 7.090E-01 1.282E-02 1.432E+02 9.819E-05 1.797E-03 1.074E+00 1.123E+00 1.208E+00 3.560E+00
    420      1.200 9.917E-01 1.837E-02 2.008E+02 1.120E-04 1.766E-03 1.272E+00 1.329E+00 1.692E+00 4.182E+00
    425      1.225 1.382E+00 2.621E-02 2.803E+02 1.085E-04 1.763E-03 1.503E+00 1.569E+00 2.362E+00 4.899E+00
    430      1.250 1.917E+00 3.724E-02 3.900E+02 9.993E-05 1.781E-03 1.773E+00 1.850E+00 3.283E+00 5.730E+00
    435      1.275 2.651E+00 5.269E-02 5.403E+02 9.988E-05 1.786E-03 2.087E+00 2.176E+00 4.546E+00 6.684E+00
    440      1.300 3.651E+00 7.426E-02 7.459E+02 1.043E-04 1.779E-03 2.452E+00 2.555E+00 6.272E+00 7.777E+00
    445      1.325 5.011E+00 1.042E-01 1.026E+03 1.053E-04 1.774E-03 2.876E+00 2.995E+00 8.621E+00 9.026E+00
    450      1.350 6.853E+00 1.458E-01 1.406E+03 1.034E-04 1.777E-03 3.367E+00 3.505E+00 1.181E+01 1.045E+01
    455      1.375 9.339E+00 2.031E-01 1.920E+03 1.027E-04 1.779E-03 3.934E+00 4.094E+00 1.612E+01 1.206E+01
    460      1.400 1.268E+01 2.819E-01 2.613E+03 1.032E-04 1.779E-03 4.590E+00 4.774E+00 2.193E+01 1.388E+01
    465      1.425 1.717E+01 3.899E-01 3.544E+03 1.036E-04 1.778E-03 5.345E+00 5.558E+00 2.973E+01 1.596E+01
    470      1.450 2.317E+01 5.374E-01 4.791E+03 1.035E-04 1.777E-03 6.215E+00 6.460E+00 4.018E+01 1.839E+01
    475      1.475 3.116E+01 7.383E-01 6.457E+03 1.036E-04 1.777E-03 7.215E+00 7.496E+00 5.412E+01 2.133E+01
    480      1.500 4.178E+01 1.011E+00 8.674E+03 1.035E-04 1.778E-03 8.363E+00 8.685E+00 7.269E+01 2.471E+01
    485      1.525 5.584E+01 1.379E+00 1.162E+04 1.032E-04 1.778E-03 9.679E+00 1.005E+01 9.732E+01 2.857E+01
    490      1.550 7.441E+01 1.876E+00 1.552E+04 1.030E-04 1.778E-03 1.118E+01 1.161E+01 1.299E+02 3.323E+01
    495      1.575 9.887E+01 2.544E+00 2.066E+04 1.032E-04 1.777E-03 1.291E+01 1.339E+01 1.729E+02 3.853E+01
    500      1.600 1.310E+02 3.439E+00 2.743E+04 1.034E-04 1.774E-03 1.487E+01 1.542E+01 2.295E+02 4.454E+01
    505      1.625 1.730E+02 4.635E+00 3.632E+04 1.035E-04 1.772E-03 1.711E+01 1.774E+01 3.038E+02 5.135E+01
    510      1.650 2.280E+02 6.228E+00 4.796E+04 1.036E-04 1.769E-03 1.966E+01 2.038E+01 4.010E+02 5.909E+01
    515      1.675 2.995E+02 8.345E+00 6.315E+04 1.037E-04 1.768E-03 2.257E+01 2.338E+01 5.279E+02 6.785E+01
    520      1.700 3.924E+02 1.115E+01 8.294E+04 1.036E-04 1.767E-03 2.586E+01 2.678E+01 6.930E+02 7.771E+01
    525      1.725 5.128E+02 1.485E+01 1.087E+05 1.033E-04 1.767E-03 2.960E+01 3.064E+01 9.075E+02 8.876E+01
    530      1.750 6.684E+02 1.973E+01 1.420E+05 1.031E-04 1.766E-03 3.384E+01 3.501E+01 1.185E+03 1.011E+02
    535      1.775 8.690E+02 2.615E+01 1.851E+05 1.034E-04 1.764E-03 3.863E+01 3.996E+01 1.544E+03 1.149E+02
    540      1.800 1.127E+03 3.455E+01 2.406E+05 1.038E-04 1.762E-03 4.405E+01 4.554E+01 2.007E+03 1.303E+02
    545      1.825 1.458E+03 4.554E+01 3.122E+05 1.038E-04 1.761E-03 5.017E+01 5.184E+01 2.602E+03 1.474E+02
    550      1.850 1.882E+03 5.987E+01 4.040E+05 1.034E-04 1.762E-03 5.707E+01 5.895E+01 3.366E+03 1.670E+02
    555      1.875 2.423E+03 7.851E+01 5.215E+05 1.031E-04 1.762E-03 6.485E+01 6.694E+01 4.343E+03 1.901E+02
    560      1.900 3.113E+03 1.027E+02 6.718E+05 1.034E-04 1.761E-03 7.360E+01 7.594E+01 5.591E+03 2.160E+02
    565      1.925 3.990E+03 1.340E+02 8.634E+05 1.038E-04 1.761E-03 8.344E+01 8.604E+01 7.182E+03 2.448E+02
    570      1.950 5.104E+03 1.745E+02 1.107E+06 1.039E-04 1.761E-03 9.448E+01 9.737E+01 9.204E+03 2.769E+02
    575      1.975 6.513E+03 2.266E+02 1.417E+06 1.036E-04 1.763E-03 1.069E+02 1.101E+02 1.177E+04 3.126E+02
    580      2.000 8.294E+03 2.936E+02 1.809E+06 1.032E-04 1.766E-03 1.208E+02 1.243E+02 1.502E+04 3.523E+02
    585      2.025 1.054E+04 3.797E+02 2.305E+06 1.031E-04 1.768E-03 1.363E+02 1.402E+02 1.912E+04 3.962E+02
    590      2.050 1.337E+04 4.898E+02 2.930E+06 1.031E-04 1.768E-03 1.537E+02 1.579E+02 2.429E+04 4.446E+02
    595      2.075 1.692E+04 6.305E+02 3.717E+06 1.033E-04 1.767E-03 1.731E+02 1.778E+02 3.079E+04 4.978E+02
    600      2.100 2.137E+04 8.098E+02 4.707E+06 1.036E-04 1.766E-03 1.948E+02 1.999E+02 3.895E+04 5.564E+02
    605      2.125 2.693E+04 1.038E+03 5.947E+06 1.037E-04 1.765E-03 2.190E+02 2.245E+02 4.917E+04 6.209E+02
    610      2.150 3.388E+04 1.328E+03 7.500E+06 1.036E-04 1.765E-03 2.459E+02 2.518E+02 6.194E+04 6.922E+02
    615      2.175 4.254E+04 1.695E+03 9.438E+06 1.034E-04 1.766E-03 2.759E+02 2.822E+02 7.788E+04 7.704E+02
    620      2.200 5.332E+04 2.159E+03 1.185E+07 1.031E-04 1.766E-03 3.092E+02 3.160E+02 9.772E+04 8.558E+02
    625      2.225 6.670E+04 2.746E+03 1.486E+07 1.032E-04 1.765E-03 3.462E+02 3.535E+02 1.224E+05 9.488E+02
    630      2.250 8.329E+04 3.484E+03 1.859E+07 1.036E-04 1.762E-03 3.872E+02 3.950E+02 1.530E+05 1.061E+03
    635      2.275 1.038E+05 4.413E+03 2.322E+07 1.038E-04 1.761E-03 4.327E+02 4.409E+02 1.908E+05 1.194E+03
    640      2.300 1.292E+05 5.579E+03 2.894E+07 1.036E-04 1.761E-03 4.831E+02 4.917E+02 2.376E+05 1.340E+03
    645      2.325 1.604E+05 7.039E+03 3.600E+07 1.031E-04 1.761E-03 5.388E+02 5.479E+02 2.952E+05 1.503E+03
    650      2.350 1.989E+05 8.866E+03 4.471E+07 1.030E-04 1.759E-03 6.004E+02 6.099E+02 3.662E+05 1.683E+03
    655      2.375 2.461E+05 1.115E+04 5.541E+07 1.036E-04 1.756E-03 6.684E+02 6.783E+02 4.535E+05 1.880E+03
    660      2.400 3.041E+05 1.399E+04 6.856E+07 1.042E-04 1.754E-03 7.435E+02 7.537E+02 5.604E+05 2.095E+03
    665      2.425 3.751E+05 1.752E+04 8.467E+07 1.042E-04 1.755E-03 8.263E+02 8.368E+02 6.914E+05 2.330E+03
    670      2.450 4.620E+05 2.191E+04 1.044E+08 1.036E-04 1.759E-03 9.174E+02 9.281E+02 8.516E+05 2.591E+03
    675      2.475 5.680E+05 2.736E+04 1.285E+08 1.032E-04 1.763E-03 1.018E+03 1.029E+03 1.047E+06 2.882E+03
    680      2.500 6.972E+05 3.410E+04 1.578E+08 1.033E-04 1.766E-03 1.128E+03 1.139E+03 1.285E+06 3.199E+03
    685      2.525 8.545E+05 4.243E+04 1.936E+08 1.035E-04 1.769E-03 1.249E+03 1.260E+03 1.574E+06 3.544E+03
    690      2.550 1.046E+06 5.270E+04 2.370E+08 1.034E-04 1.772E-03 1.382E+03 1.393E+03 1.926E+06 3.920E+03
    695      2.575 1.278E+06 6.536E+04 2.897E+08 1.031E-04 1.774E-03 1.528E+03 1.539E+03 2.352E+06 4.327E+03
    700      2.600 1.558E+06 8.092E+04 3.536E+08 1.029E-04 1.775E-03 1.688E+03 1.699E+03 2.868E+06 4.776E+03
    705      2.625 1.898E+06 1.000E+05 4.308E+08 1.030E-04 1.774E-03 1.864E+03 1.874E+03 3.492E+06 5.300E+03
    710      2.650 2.309E+06 1.235E+05 5.241E+08 1.034E-04 1.771E-03 2.056E+03 2.065E+03 4.245E+06 5.879E+03
    715      2.675 2.805E+06 1.522E+05 6.366E+08 1.038E-04 1.767E-03 2.266E+03 2.274E+03 5.152E+06 6.513E+03
    720      2.700 3.402E+06 1.872E+05 7.720E+08 1.040E-04 1.764E-03 2.495E+03 2.503E+03 6.244E+06 7.206E+03
    725      2.725 4.120E+06 2.301E+05 9.349E+08 1.037E-04 1.764E-03 2.746E+03 2.752E+03 7.557E+06 7.962E+03
    730      2.750 4.983E+06 2.822E+05 1.130E+09 1.030E-04 1.764E-03 3.019E+03 3.025E+03 9.133E+06 8.784E+03
    735      2.775 6.018E+06 3.458E+05 1.365E+09 1.026E-04 1.762E-03 3.317E+03 3.322E+03 1.102E+07 9.682E+03
    740      2.800 7.259E+06 4.230E+05 1.646E+09 1.032E-04 1.757E-03 3.643E+03 3.646E+03 1.328E+07 1.066E+04
    745      2.825 8.745E+06 5.167E+05 1.982E+09 1.043E-04 1.751E-03 3.997E+03 4.000E+03 1.599E+07 1.173E+04
    750      2.850 1.052E+07 6.303E+05 2.383E+09 1.046E-04 1.748E-03 4.383E+03 4.384E+03 1.922E+07 1.289E+04
    755      2.875 1.264E+07 7.678E+05 2.861E+09 1.037E-04 1.749E-03 4.803E+03 4.803E+03 2.307E+07 1.414E+04
    760      2.900 1.517E+07 9.340E+05 3.431E+09 1.027E-04 1.751E-03 5.260E+03 5.258E+03 2.766E+07 1.549E+04
    765      2.925 1.818E+07 1.135E+06 4.110E+09 1.029E-04 1.751E-03 5.757E+03 5.754E+03 3.312E+07 1.695E+04
    770      2.950 2.176E+07 1.377E+06 4.917E+09 1.039E-04 1.749E-03 6.296E+03 6.292E+03 3.962E+07 1.853E+04
    775      2.975 2.602E+07 1.668E+06 5.874E+09 1.044E-04 1.749E-03 6.882E+03 6.877E+03 4.733E+07 2.024E+04
    780      3.000 3.107E+07 2.018E+06 7.010E+09 1.037E-04 1.752E-03 7.518E+03 7.512E+03 5.647E+07 2.207E+04
    785      3.025 3.705E+07 2.439E+06 8.356E+09 1.027E-04 1.755E-03 8.208E+03 8.201E+03 6.731E+07 2.404E+04
    790      3.050 4.414E+07 2.944E+06 9.948E+09 1.027E-04 1.756E-03 8.956E+03 8.948E+03 8.014E+07 2.616E+04
    795      3.075 5.253E+07 3.550E+06 1.183E+10 1.034E-04 1.754E-03 9.767E+03 9.759E+03 9.532E+07 2.844E+04
    800      3.100 6.244E+07 4.274E+06 1.406E+10 1.040E-04 1.751E-03 1.065E+04 1.064E+04 1.132E+08 3.087E+04
    805      3.125 7.414E+07 5.140E+06 1.668E+10 1.039E-04 1.750E-03 1.160E+04 1.159E+04 1.344E+08 3.348E+04
    810      3.150 8.793E+07 6.174E+06 1.977E+10 1.034E-04 1.750E-03 1.263E+04 1.262E+04 1.593E+08 3.627E+04
    815      3.175 1.042E+08 7.408E+06 2.341E+10 1.032E-04 1.751E-03 1.374E+04 1.373E+04 1.887E+08 3.924E+04
    820      3.200 1.233E+08 8.878E+06 2.770E+10 1.036E-04 1.750E-03 1.494E+04 1.494E+04 2.233E+08 4.240E+04
    825      3.225 1.457E+08 1.063E+07 3.273E+10 1.041E-04 1.750E-03 1.625E+04 1.625E+04 2.639E+08 4.576E+04
    830      3.250 1.721E+08 1.271E+07 3.865E+10 1.039E-04 1.752E-03 1.765E+04 1.766E+04 3.117E+08 4.934E+04
    835      3.275 2.031E+08 1.518E+07 4.559E+10 1.032E-04 1.755E-03 1.917E+04 1.918E+04 3.677E+08 5.313E+04
    840      3.300 2.393E+08 1.811E+07 5.372E+10 1.027E-04 1.758E-03 2.081E+04 2.083E+04 4.335E+08 5.727E+04
    845      3.325 2.818E+08 2.158E+07 6.325E+10 1.029E-04 1.757E-03 2.258E+04 2.260E+04 5.105E+08 6.255E+04
    850      3.350 3.315E+08 2.569E+07 7.439E+10 1.035E-04 1.755E-03 2.449E+04 2.452E+04 6.006E+08 6.824E+04
    855      3.375 3.895E+08 3.055E+07 8.743E+10 1.038E-04 1.752E-03 2.655E+04 2.659E+04 7.060E+08 7.437E+04
    860      3.400 4.573E+08 3.630E+07 1.026E+11 1.036E-04 1.750E-03 2.877E+04 2.882E+04 8.292E+08 8.095E+04
    865      3.425 5.364E+08 4.307E+07 1.204E+11 1.032E-04 1.749E-03 3.116E+04 3.123E+04 9.730E+08 8.802E+04
    870      3.450 6.286E+08 5.107E+07 1.411E+11 1.031E-04 1.746E-03 3.373E+04 3.382E+04 1.141E+09 9.560E+04
    875      3.475 7.360E+08 6.049E+07 1.653E+11 1.034E-04 1.742E-03 3.651E+04 3.661E+04 1.336E+09 1.037E+05
    880      3.500 8.610E+08 7.157E+07 1.934E+11 1.037E-04 1.738E-03 3.949E+04 3.961E+04 1.564E+09 1.124E+05
    885      3.525 1.006E+09 8.460E+07 2.261E+11 1.037E-04 1.735E-03 4.270E+04 4.285E+04 1.829E+09 1.217E+05
    890      3.550 1.175E+09 9.992E+07 2.641E+11 1.035E-04 1.732E-03 4.615E+04 4.633E+04 2.138E+09 1.317E+05
    895      3.575 1.371E+09 1.179E+08 3.083E+11 1.036E-04 1.730E-03 4.986E+04 5.007E+04 2.496E+09 1.423E+05
    900      3.600 1.598E+09 1.390E+08 3.596E+11 1.039E-04 1.729E-03 5.384E+04 5.409E+04 2.912E+09 1.537E+05
    905      3.625 1.862E+09 1.637E+08 4.190E+11 1.038E-04 1.729E-03 5.812E+04 5.841E+04 3.395E+09 1.658E+05
    910      3.650 2.167E+09 1.926E+08 4.879E+11 1.034E-04 1.731E-03 6.272E+04 6.306E+04 3.955E+09 1.787E+05
    915      3.675 2.520E+09 2.264E+08 5.677E+11 1.029E-04 1.732E-03 6.766E+04 6.805E+04 4.604E+09 1.923E+05
    920      3.700 2.929E+09 2.659E+08 6.600E+11 1.028E-04 1.730E-03 7.295E+04 7.341E+04 5.355E+09 2.068E+05
    925      3.725 3.401E+09 3.120E+08 7.668E+11 1.032E-04 1.726E-03 7.863E+04 7.916E+04 6.224E+09 2.224E+05
    930      3.750 3.946E+09 3.658E+08 8.901E+11 1.037E-04 1.720E-03 8.472E+04 8.533E+04 7.229E+09 2.392E+05
    935      3.775 4.576E+09 4.286E+08 1.033E+12 1.037E-04 1.715E-03 9.125E+04 9.194E+04 8.390E+09 2.583E+05
    940      3.800 5.301E+09 5.017E+08 1.197E+12 1.034E-04 1.711E-03 9.824E+04 9.904E+04 9.730E+09 2.787E+05
    945      3.825 6.138E+09 5.868E+08 1.387E+12 1.033E-04 1.706E-03 1.057E+05 1.066E+05 1.128E+10 3.008E+05
    950      3.850 7.101E+09 6.858E+08 1.605E+12 1.034E-04 1.701E-03 1.138E+05 1.148E+05 1.306E+10 3.245E+05
    955      3.875 8.210E+09 8.009E+08 1.857E+12 1.037E-04 1.695E-03 1.224E+05 1.235E+05 1.512E+10 3.497E+05
    960      3.900 9.485E+09 9.345E+08 2.146E+12 1.038E-04 1.691E-03 1.315E+05 1.329E+05 1.748E+10 3.769E+05
    965      3.925 1.095E+10 1.090E+09 2.479E+12 1.040E-04 1.687E-03 1.414E+05 1.429E+05 2.021E+10 4.060E+05
    970      3.950 1.264E+10 1.269E+09 2.862E+12 1.040E-04 1.686E-03 1.519E+05 1.536E+05 2.334E+10 4.370E+05
    975      3.975 1.457E+10 1.478E+09 3.302E+12 1.036E-04 1.687E-03 1.632E+05 1.651E+05 2.694E+10 4.704E+05
    980      4.000 1.679E+10 1.719E+09 3.807E+12 1.031E-04 1.689E-03 1.752E+05 1.774E+05 3.108E+10 5.059E+05
    985      4.025 1.933E+10 1.999E+09 4.386E+12 1.036E-04 1.689E-03 1.881E+05 1.905E+05 3.584E+10 5.438E+05
    990      4.050 2.224E+10 2.322E+09 5.051E+12 1.051E-04 1.691E-03 2.018E+05 2.046E+05 4.129E+10 5.844E+05
    995      4.075 2.557E+10 2.695E+09 5.812E+12 1.057E-04 1.699E-03 2.165E+05 2.196E+05 4.754E+10 6.275E+05
   1000      4.100 2.939E+10 3.127E+09 6.685E+12 1.042E-04 1.716E-03 2.322E+05 2.356E+05 5.471E+10 6.736E+05
   1005      4.125 3.375E+10 3.625E+09 7.684E+12 1.018E-04 1.735E-03 2.489E+05 2.528E+05 6.292E+10 7.227E+05
   1010      4.150 3.874E+10 4.199E+09 8.827E+12 1.010E-04 1.748E-03 2.668E+05 2.711E+05 7.233E+10 7.754E+05
   1015      4.175 4.443E+10 4.861E+09 1.013E+13 1.023E-04 1.750E-03 2.858E+05 2.906E+05 8.308E+10 8.312E+05
   1020      4.200 5.093E+10 5.623E+09 1.163E+13 1.039E-04 1.748E-03 3.062E+05 3.115E+05 9.539E+10 8.905E+05
   1025      4.225 5.834E+10 6.501E+09 1.333E+13 1.043E-04 1.747E-03 3.279E+05 3.337E+05 1.094E+11 9.535E+05
   1030      4.250 6.679E+10 7.511E+09 1.528E+13 1.040E-04 1.749E-03 3.510E+05 3.575E+05 1.255E+11 1.020E+06
   1035      4.275 7.641E+10 8.672E+09 1.751E+13 1.035E-04 1.753E-03 3.757E+05 3.828E+05 1.438E+11 1.091E+06
   1040      4.300 8.736E+10 1.001E+10 2.005E+13 1.031E-04 1.758E-03 4.020E+05 4.098E+05 1.648E+11 1.166E+06
   1045      4.325 9.982E+10 1.154E+10 2.294E+13 1.028E-04 1.761E-03 4.301E+05 4.385E+05 1.886E+11 1.244E+06
   1050      4.350 1.140E+11 1.330E+10 2.624E+13 1.029E-04 1.761E-03 4.599E+05 4.692E+05 2.158E+11 1.328E+06
   1055      4.375 1.301E+11 1.531E+10 2.999E+13 1.035E-04 1.759E-03 4.917E+05 5.018E+05 2.468E+11 1.416E+06
   1060      4.400 1.483E+11 1.762E+10 3.427E+13 1.040E-04 1.757E-03 5.256E+05 5.365E+05 2.821E+11 1.510E+06
   1065      4.425 1.691E+11 2.027E+10 3.913E+13 1.039E-04 1.757E-03 5.617E+05 5.735E+05 3.222E+11 1.610E+06
   1070      4.450 1.926E+11 2.330E+10 4.466E+13 1.031E-04 1.759E-03 6.001E+05 6.128E+05 3.678E+11 1.715E+06
   1075      4.475 2.192E+11 2.676E+10 5.094E+13 1.025E-04 1.759E-03 6.409E+05 6.547E+05 4.197E+11 1.827E+06
   1080      4.500 2.494E+11 3.073E+10 5.808E+13 1.027E-04 1.755E-03 6.843E+05 6.992E+05 4.786E+11 1.944E+06
   1085      4.525 2.836E+11 3.525E+10 6.619E+13 1.035E-04 1.748E-03 7.305E+05 7.465E+05 5.454E+11 2.069E+06
   1090      4.550 3.222E+11 4.042E+10 7.539E+13 1.042E-04 1.741E-03 7.796E+05 7.967E+05 6.213E+11 2.202E+06
   1095      4.575 3.659E+11 4.632E+10 8.582E+13 1.041E-04 1.737E-03 8.318E+05 8.501E+05 7.073E+11 2.343E+06
   1100      4.600 4.153E+11 5.305E+10 9.765E+13 1.036E-04 1.735E-03 8.873E+05 9.068E+05 8.048E+11 2.493E+06
   1105      4.625 4.711E+11 6.072E+10 1.110E+14 1.034E-04 1.735E-03 9.462E+05 9.670E+05 9.152E+11 2.652E+06
   1110      4.650 5.340E+11 6.945E+10 1.262E+14 1.035E-04 1.733E-03 1.009E+06 1.031E+06 1.040E+12 2.823E+06
   1115      4.675 6.050E+11 7.939E+10 1.434E+14 1.036E-04 1.732E-03 1.075E+06 1.099E+06 1.181E+12 3.005E+06
   1120      4.700 6.850E+11 9.071E+10 1.628E+14 1.037E-04 1.731E-03 1.146E+06 1.170E+06 1.341E+12 3.197E+06
   1125      4.725 7.752E+11 1.036E+11 1.847E+14 1.038E-04 1.731E-03 1.220E+06 1.247E+06 1.522E+12 3.404E+06
   1130      4.750 8.767E+11 1.182E+11 2.095E+14 1.039E-04 1.732E-03 1.300E+06 1.327E+06 1.726E+12 3.624E+06
   1135      4.775 9.910E+11 1.348E+11 2.375E+14 1.037E-04 1.735E-03 1.384E+06 1.413E+06 1.956E+12 3.858E+06
   1140      4.800 1.120E+12 1.537E+11 2.691E+14 1.031E-04 1.738E-03 1.473E+06 1.504E+06 2.216E+12 4.107E+06
   1145      4.825 1.264E+12 1.750E+11 3.048E+14 1.028E-04 1.740E-03 1.568E+06 1.600E+06 2.508E+12 4.374E+06
   1150      4.850 1.426E+12 1.993E+11 3.449E+14 1.030E-04 1.738E-03 1.668E+06 1.701E+06 2.838E+12 4.657E+06
   1155      4.875 1.609E+12 2.268E+11 3.902E+14 1.036E-04 1.735E-03 1.774E+06 1.809E+06 3.209E+12 4.957E+06
   1160      4.900 1.813E+12 2.579E+11 4.412E+14 1.038E-04 1.732E-03 1.886E+06 1.923E+06 3.627E+12 5.277E+06
   1165      4.925 2.043E+12 2.931E+11 4.985E+14 1.034E-04 1.731E-03 2.005E+06 2.043E+06 4.097E+12 5.617E+06
   1170      4.950 2.301E+12 3.329E+11 5.630E+14 1.030E-04 1.729E-03 2.131E+06 2.171E+06 4.626E+12 5.988E+06
   1175      4.975 2.589E+12 3.780E+11 6.355E+14 1.031E-04 1.725E-03 2.264E+06 2.305E+06 5.220E+12 6.399E+06
   1180      5.000 2.913E+12 4.289E+11 7.170E+14 1.036E-04 1.720E-03 2.404E+06 2.448E+06 5.887E+12 6.833E+06
   1185      5.025 3.275E+12 4.864E+11 8.085E+14 1.039E-04 1.715E-03 2.553E+06 2.598E+06 6.635E+12 7.291E+06
   1190      5.050 3.680E+12 5.513E+11 9.112E+14 1.036E-04 1.711E-03 2.710E+06 2.757E+06 7.474E+12 7.773E+06
   1195      5.075 4.133E+12 6.246E+11 1.026E+15 1.033E-04 1.708E-03 2.877E+06 2.925E+06 8.416E+12 8.280E+06
   1200      5.100 4.640E+12 7.072E+11 1.155E+15 1.035E-04 1.705E-03 3.052E+06 3.102E+06 9.470E+12 8.813E+06
   1205      5.125 5.207E+12 8.003E+11 1.300E+15 1.038E-04 1.701E-03 3.238E+06 3.289E+06 1.065E+13 9.373E+06
   1210      5.150 5.840E+12 9.051E+11 1.462E+15 1.036E-04 1.699E-03 3.433E+06 3.487E+06 1.197E+13 9.960E+06
   1215      5.175 6.546E+12 1.023E+12 1.643E+15 1.030E-04 1.698E-03 3.640E+06 3.695E+06 1.345E+13 1.058E+07
   1220      5.200 7.335E+12 1.156E+12 1.846E+15 1.029E-04 1.694E-03 3.858E+06 3.915E+06 1.511E+13 1.122E+07
   1225      5.225 8.216E+12 1.306E+12 2.073E+15 1.037E-04 1.688E-03 4.088E+06 4.147E+06 1.696E+13 1.190E+07
   1230      5.250 9.197E+12 1.474E+12 2.327E+15 1.045E-04 1.684E-03 4.331E+06 4.391E+06 1.902E+13 1.261E+07
   1235      5.275 1.029E+13 1.663E+12 2.610E+15 1.042E-04 1.683E-03 4.587E+06 4.649E+06 2.133E+13 1.335E+07
   1240      5.300 1.151E+13 1.875E+12 2.926E+15 1.034E-04 1.685E-03 4.857E+06 4.921E+06 2.390E+13 1.412E+07
   1245      5.325 1.287E+13 2.113E+12 3.279E+15 1.041E-04 1.687E-03 5.142E+06 5.207E+06 2.678E+13 1.494E+07
   1250      5.350 1.438E+13 2.380E+12 3.673E+15 1.059E-04 1.692E-03 5.442E+06 5.508E+06 2.998E+13 1.578E+07
   1255      5.375 1.606E+13 2.680E+12 4.112E+15 1.063E-04 1.708E-03 5.758E+06 5.826E+06 3.355E+13 1.667E+07
   1260      5.400 1.794E+13 3.016E+12 4.601E+15 1.037E-04 1.733E-03 6.091E+06 6.160E+06 3.752E+13 1.759E+07
   1265      5.425 2.002E+13 3.393E+12 5.145E+15 1.005E-04 1.760E-03 6.441E+06 6.512E+06 4.195E+13 1.855E+07
   1270      5.450 2.233E+13 3.815E+12 5.752E+15 1.000E-04 1.774E-03 6.810E+06 6.882E+06 4.687E+13 1.956E+07
   1275      5.475 2.491E+13 4.287E+12 6.427E+15 1.022E-04 1.775E-03 7.199E+06 7.272E+06 5.235E+13 2.064E+07
   1280      5.500 2.776E+13 4.816E+12 7.178E+15 1.043E-04 1.770E-03 7.608E+06 7.682E+06 5.845E+13 2.180E+07
   1285      5.525 3.093E+13 5.408E+12 8.013E+15 1.043E-04 1.768E-03 8.038E+06 8.113E+06 6.522E+13 2.302E+07
   1290      5.550 3.445E+13 6.069E+12 8.941E+15 1.035E-04 1.770E-03 8.491E+06 8.567E+06 7.274E+13 2.429E+07
   1295      5.575 3.836E+13 6.809E+12 9.972E+15 1.033E-04 1.771E-03 8.967E+06 9.043E+06 8.109E+13 2.562E+07
   1300      5.600 4.269E+13 7.635E+12 1.112E+16 1.036E-04 1.772E-03 9.468E+06 9.544E+06 9.036E+13 2.701E+07
   1305      5.625 4.749E+13 8.557E+12 1.239E+16 1.036E-04 1.773E-03 9.994E+06 1.007E+07 1.007E+14 2.847E+07
   1310      5.650 5.281E+13 9.588E+12 1.380E+16 1.032E-04 1.774E-03 1.055E+07 1.062E+07 1.121E+14 2.999E+07
   1315      5.675 5.870E+13 1.074E+13 1.536E+16 1.030E-04 1.774E-03 1.113E+07 1.120E+07 1.247E+14 3.158E+07
   1320      5.700 6.523E+13 1.202E+13 1.710E+16 1.031E-04 1.773E-03 1.174E+07 1.181E+07 1.387E+14 3.324E+07
   1325      5.725 7.245E+13 1.345E+13 1.902E+16 1.034E-04 1.770E-03 1.238E+07 1.245E+07 1.542E+14 3.498E+07
   1330      5.750 8.043E+13 1.504E+13 2.115E+16 1.038E-04 1.766E-03 1.306E+07 1.313E+07 1.714E+14 3.679E+07
   1335      5.775 8.927E+13 1.682E+13 2.350E+16 1.041E-04 1.764E-03 1.377E+07 1.383E+07 1.904E+14 3.868E+07
   1340      5.800 9.903E+13 1.879E+13 2.611E+16 1.038E-04 1.764E-03 1.451E+07 1.457E+07 2.114E+14 4.065E+07
   1345      5.825 1.098E+14 2.100E+13 2.900E+16 1.031E-04 1.766E-03 1.529E+07 1.535E+07 2.347E+14 4.270E+07
   1350      5.850 1.217E+14 2.344E+13 3.219E+16 1.026E-04 1.766E-03 1.611E+07 1.616E+07 2.603E+14 4.483E+07
   1355      5.875 1.349E+14 2.617E+13 3.572E+16 1.030E-04 1.762E-03 1.697E+07 1.701E+07 2.887E+14 4.706E+07
   1360      5.900 1.494E+14 2.920E+13 3.962E+16 1.037E-04 1.757E-03 1.787E+07 1.790E+07 3.200E+14 4.938E+07
   1365      5.925 1.654E+14 3.257E+13 4.393E+16 1.042E-04 1.752E-03 1.882E+07 1.884E+07 3.546E+14 5.179E+07
   1370      5.950 1.831E+14 3.631E+13 4.868E+16 1.041E-04 1.750E-03 1.981E+07 1.982E+07 3.927E+14 5.430E+07
   1375      5.975 2.026E+14 4.046E+13 5.393E+16 1.039E-04 1.751E-03 2.085E+07 2.085E+07 4.347E+14 5.691E+07
   1380      6.000 2.240E+14 4.508E+13 5.972E+16 1.036E-04 1.753E-03 2.194E+07 2.192E+07 4.810E+14 5.962E+07
   1385      6.025 2.477E+14 5.019E+13 6.611E+16 1.032E-04 1.756E-03 2.309E+07 2.305E+07 5.321E+14 6.243E+07
   1390      6.050 2.737E+14 5.587E+13 7.314E+16 1.031E-04 1.757E-03 2.428E+07 2.422E+07 5.882E+14 6.536E+07
   1395      6.075 3.024E+14 6.217E+13 8.089E+16 1.034E-04 1.758E-03 2.554E+07 2.545E+07 6.501E+14 6.839E+07
   1400      6.100 3.339E+14 6.915E+13 8.943E+16 1.038E-04 1.758E-03 2.685E+07 2.674E+07 7.181E+14 7.154E+07
   1405      6.125 3.686E+14 7.689E+13 9.883E+16 1.036E-04 1.759E-03 2.823E+07 2.809E+07 7.930E+14 7.481E+07
   1410      6.150 4.067E+14 8.546E+13 1.092E+17 1.029E-04 1.760E-03 2.967E+07 2.950E+07 8.752E+14 7.820E+07
   1415      6.175 4.485E+14 9.495E+13 1.206E+17 1.027E-04 1.759E-03 3.118E+07 3.097E+07 9.656E+14 8.171E+07
   1420      6.200 4.945E+14 1.054E+14 1.331E+17 1.033E-04 1.755E-03 3.275E+07 3.251E+07 1.065E+15 8.537E+07
   1425      6.225 5.451E+14 1.171E+14 1.468E+17 1.041E-04 1.750E-03 3.440E+07 3.412E+07 1.174E+15 8.994E+07
   1430      6.250 6.005E+14 1.299E+14 1.619E+17 1.042E-04 1.748E-03 3.613E+07 3.579E+07 1.293E+15 9.488E+07
   1435      6.275 6.614E+14 1.441E+14 1.785E+17 1.035E-04 1.748E-03 3.793E+07 3.755E+07 1.424E+15 1.001E+08
   1440      6.300 7.281E+14 1.598E+14 1.967E+17 1.031E-04 1.749E-03 3.982E+07 3.938E+07 1.568E+15 1.055E+08
   1445      6.325 8.013E+14 1.772E+14 2.166E+17 1.038E-04 1.747E-03 4.179E+07 4.129E+07 1.726E+15 1.112E+08
   1450      6.350 8.815E+14 1.963E+14 2.385E+17 1.050E-04 1.748E-03 4.385E+07 4.328E+07 1.898E+15 1.172E+08
   1455      6.375 9.695E+14 2.175E+14 2.625E+17 1.052E-04 1.754E-03 4.600E+07 4.536E+07 2.087E+15 1.234E+08
   1460      6.400 1.066E+15 2.408E+14 2.887E+17 1.036E-04 1.767E-03 4.825E+07 4.753E+07 2.294E+15 1.300E+08
   1465      6.425 1.171E+15 2.666E+14 3.175E+17 1.016E-04 1.780E-03 5.060E+07 4.980E+07 2.520E+15 1.369E+08
   1470      6.450 1.287E+15 2.950E+14 3.490E+17 1.013E-04 1.786E-03 5.304E+07 5.216E+07 2.767E+15 1.441E+08
   1475      6.475 1.413E+15 3.263E+14 3.834E+17 1.026E-04 1.783E-03 5.560E+07 5.462E+07 3.037E+15 1.516E+08
   1480      6.500 1.551E+15 3.608E+14 4.211E+17 1.040E-04 1.776E-03 5.827E+07 5.718E+07 3.333E+15 1.594E+08
   1485      6.525 1.703E+15 3.987E+14 4.622E+17 1.041E-04 1.771E-03 6.105E+07 5.986E+07 3.655E+15 1.677E+08
   1490      6.550 1.868E+15 4.406E+14 5.072E+17 1.033E-04 1.767E-03 6.395E+07 6.264E+07 4.007E+15 1.762E+08
   1495      6.575 2.049E+15 4.866E+14 5.563E+17 1.031E-04 1.763E-03 6.698E+07 6.555E+07 4.391E+15 1.852E+08
   1500      6.600 2.246E+15 5.373E+14 6.100E+17 1.036E-04 1.758E-03 7.013E+07 6.857E+07 4.810E+15 1.946E+08
   1505      6.625 2.462E+15 5.931E+14 6.685E+17 1.041E-04 1.753E-03 7.342E+07 7.173E+07 5.267E+15 2.044E+08
   1510      6.650 2.698E+15 6.544E+14 7.323E+17 1.038E-04 1.750E-03 7.684E+07 7.501E+07 5.765E+15 2.147E+08
   1515      6.675 2.956E+15 7.218E+14 8.019E+17 1.034E-04 1.749E-03 8.041E+07 7.843E+07 6.308E+15 2.253E+08
   1520      6.700 3.237E+15 7.958E+14 8.777E+17 1.034E-04 1.747E-03 8.412E+07 8.198E+07 6.899E+15 2.365E+08
   1525      6.725 3.544E+15 8.772E+14 9.603E+17 1.036E-04 1.745E-03 8.799E+07 8.569E+07 7.543E+15 2.481E+08
   1530      6.750 3.879E+15 9.666E+14 1.050E+18 1.036E-04 1.744E-03 9.202E+07 8.955E+07 8.243E+15 2.602E+08
   1535      6.775 4.244E+15 1.065E+15 1.148E+18 1.035E-04 1.742E-03 9.621E+07 9.356E+07 9.006E+15 2.728E+08
   1540      6.800 4.643E+15 1.172E+15 1.255E+18 1.034E-04 1.741E-03 1.006E+08 9.774E+07 9.835E+15 2.860E+08
   1545      6.825 5.078E+15 1.291E+15 1.371E+18 1.035E-04 1.739E-03 1.051E+08 1.021E+08 1.074E+16 2.997E+08
   1550      6.850 5.552E+15 1.420E+15 1.496E+18 1.035E-04 1.738E-03 1.098E+08 1.066E+08 1.172E+16 3.139E+08
   1555      6.875 6.069E+15 1.562E+15 1.633E+18 1.034E-04 1.736E-03 1.148E+08 1.113E+08 1.278E+16 3.287E+08
   1560      6.900 6.632E+15 1.718E+15 1.782E+18 1.035E-04 1.734E-03 1.199E+08 1.162E+08 1.394E+16 3.441E+08
   1565      6.925 7.246E+15 1.889E+15 1.944E+18 1.037E-04 1.732E-03 1.252E+08 1.213E+08 1.519E+16 3.602E+08
   1570      6.950 7.915E+15 2.076E+15 2.119E+18 1.038E-04 1.731E-03 1.307E+08 1.266E+08 1.656E+16 3.768E+08
   1575      6.975 8.644E+15 2.281E+15 2.309E+18 1.037E-04 1.731E-03 1.365E+08 1.321E+08 1.804E+16 3.941E+08
   1580      7.000 9.438E+15 2.506E+15 2.516E+18 1.035E-04 1.732E-03 1.424E+08 1.379E+08 1.965E+16 4.122E+08
   1585      7.025 1.030E+16 2.752E+15 2.740E+18 1.034E-04 1.734E-03 1.486E+08 1.438E+08 2.139E+16 4.309E+08
   1590      7.050 1.124E+16 3.021E+15 2.983E+18 1.036E-04 1.735E-03 1.551E+08 1.500E+08 2.328E+16 4.503E+08
   1595      7.075 1.227E+16 3.315E+15 3.246E+18 1.038E-04 1.736E-03 1.618E+08 1.565E+08 2.533E+16 4.704E+08
   1600      7.100 1.338E+16 3.637E+15 3.531E+18 1.035E-04 1.738E-03 1.687E+08 1.632E+08 2.755E+16 4.913E+08
   1605      7.125 1.460E+16 3.989E+15 3.840E+18 1.029E-04 1.741E-03 1.760E+08 1.702E+08 2.996E+16 5.130E+08
   1610      7.150 1.592E+16 4.375E+15 4.175E+18 1.028E-04 1.741E-03 1.835E+08 1.774E+08 3.257E+16 5.355E+08
   1615      7.175 1.735E+16 4.796E+15 4.537E+18 1.037E-04 1.738E-03 1.913E+08 1.850E+08 3.540E+16 5.588E+08
   1620      7.200 1.891E+16 5.256E+15 4.929E+18 1.051E-04 1.736E-03 1.994E+08 1.928E+08 3.846E+16 5.830E+08
   1625      7.225 2.061E+16 5.759E+15 5.354E+18 1.051E-04 1.740E-03 2.078E+08 2.009E+08 4.177E+16 6.080E+08
   1630      7.250 2.246E+16 6.309E+15 5.813E+18 1.034E-04 1.751E-03 2.165E+08 2.094E+08 4.536E+16 6.340E+08
   1635      7.275 2.447E+16 6.909E+15 6.310E+18 1.017E-04 1.761E-03 2.256E+08 2.182E+08 4.925E+16 6.609E+08
   1640      7.300 2.665E+16 7.564E+15 6.848E+18 1.016E-04 1.765E-03 2.350E+08 2.274E+08 5.345E+16 6.888E+08
   1645      7.325 2.902E+16 8.280E+15 7.429E+18 1.029E-04 1.760E-03 2.447E+08 2.369E+08 5.800E+16 7.175E+08
   1650      7.350 3.159E+16 9.061E+15 8.057E+18 1.039E-04 1.753E-03 2.549E+08 2.467E+08 6.292E+16 7.473E+08
   1655      7.375 3.439E+16 9.913E+15 8.737E+18 1.038E-04 1.748E-03 2.654E+08 2.570E+08 6.825E+16 7.781E+08
   1660      7.400 3.742E+16 1.084E+16 9.471E+18 1.033E-04 1.743E-03 2.763E+08 2.677E+08 7.400E+16 8.100E+08
   1665      7.425 4.072E+16 1.186E+16 1.026E+19 1.031E-04 1.739E-03 2.877E+08 2.788E+08 8.023E+16 8.430E+08
   1670      7.450 4.429E+16 1.296E+16 1.112E+19 1.033E-04 1.732E-03 2.994E+08 2.903E+08 8.696E+16 8.771E+08
   1675      7.475 4.817E+16 1.417E+16 1.205E+19 1.034E-04 1.724E-03 3.116E+08 3.022E+08 9.423E+16 9.123E+08
   1680      7.500 5.238E+16 1.549E+16 1.305E+19 1.034E-04 1.716E-03 3.243E+08 3.147E+08 1.021E+17 9.487E+08
   1685      7.525 5.695E+16 1.692E+16 1.412E+19 1.037E-04 1.708E-03 3.375E+08 3.276E+08 1.106E+17 9.864E+08
   1690      7.550 6.190E+16 1.848E+16 1.529E+19 1.039E-04 1.700E-03 3.511E+08 3.410E+08 1.198E+17 1.025E+09
   1695      7.575 6.727E+16 2.019E+16 1.655E+19 1.037E-04 1.693E-03 3.653E+08 3.549E+08 1.297E+17 1.066E+09
   1700      7.600 7.309E+16 2.204E+16 1.790E+19 1.034E-04 1.688E-03 3.800E+08 3.694E+08 1.404E+17 1.107E+09
   1705      7.625 7.939E+16 2.406E+16 1.937E+19 1.033E-04 1.682E-03 3.952E+08 3.844E+08 1.520E+17 1.150E+09
   1710      7.650 8.622E+16 2.626E+16 2.095E+19 1.038E-04 1.675E-03 4.110E+08 4.000E+08 1.644E+17 1.194E+09
   1715      7.675 9.361E+16 2.865E+16 2.266E+19 1.043E-04 1.670E-03 4.274E+08 4.161E+08 1.779E+17 1.240E+09
   1720      7.700 1.016E+17 3.126E+16 2.450E+19 1.041E-04 1.669E-03 4.444E+08 4.329E+08 1.925E+17 1.288E+09
   1725      7.725 1.103E+17 3.410E+16 2.648E+19 1.031E-04 1.670E-03 4.621E+08 4.504E+08 2.082E+17 1.337E+09
   1730      7.750 1.197E+17 3.718E+16 2.862E+19 1.023E-04 1.669E-03 4.804E+08 4.685E+08 2.251E+17 1.387E+09
   1735      7.775 1.298E+17 4.054E+16 3.093E+19 1.027E-04 1.664E-03 4.994E+08 4.873E+08 2.434E+17 1.440E+09
   1740      7.800 1.408E+17 4.419E+16 3.342E+19 1.040E-04 1.655E-03 5.191E+08 5.068E+08 2.631E+17 1.494E+09
   1745      7.825 1.526E+17 4.816E+16 3.610E+19 1.049E-04 1.648E-03 5.395E+08 5.270E+08 2.844E+17 1.550E+09
   1750      7.850 1.655E+17 5.247E+16 3.899E+19 1.043E-04 1.648E-03 5.607E+08 5.480E+08 3.073E+17 1.607E+09
   1755      7.875 1.793E+17 5.716E+16 4.211E+19 1.031E-04 1.650E-03 5.827E+08 5.697E+08 3.321E+17 1.667E+09
   1760      7.900 1.943E+17 6.225E+16 4.547E+19 1.035E-04 1.651E-03 6.055E+08 5.923E+08 3.587E+17 1.728E+09
   1765      7.925 2.105E+17 6.779E+16 4.908E+19 1.060E-04 1.654E-03 6.291E+08 6.157E+08 3.874E+17 1.792E+09
   1770      7.950 2.279E+17 7.380E+16 5.298E+19 1.074E-04 1.667E-03 6.536E+08 6.400E+08 4.184E+17 1.858E+09
   1775      7.975 2.468E+17 8.033E+16 5.718E+19 1.052E-04 1.696E-03 6.790E+08 6.652E+08 4.518E+17 1.926E+09
   1780      8.000 2.671E+17 8.741E+16 6.170E+19 1.009E-04 1.730E-03 7.053E+08 6.913E+08 4.877E+17 1.997E+09
   1785      8.025 2.890E+17 9.510E+16 6.657E+19 9.893E-05 1.754E-03 7.326E+08 7.184E+08 5.264E+17 2.069E+09
   1790      8.050 3.127E+17 1.034E+17 7.181E+19 1.008E-04 1.760E-03 7.609E+08 7.464E+08 5.681E+17 2.145E+09
   1795      8.075 3.382E+17 1.125E+17 7.745E+19 1.038E-04 1.755E-03 7.902E+08 7.755E+08 6.130E+17 2.223E+09
   1800      8.100 3.656E+17 1.223E+17 8.353E+19 1.046E-04 1.750E-03 8.206E+08 8.057E+08 6.613E+17 2.304E+09
   1805      8.125 3.953E+17 1.330E+17 9.006E+19 1.037E-04 1.749E-03 8.521E+08 8.369E+08 7.133E+17 2.388E+09
   1810      8.150 4.272E+17 1.445E+17 9.709E+19 1.030E-04 1.749E-03 8.848E+08 8.693E+08 7.692E+17 2.475E+09
   1815      8.175 4.615E+17 1.570E+17 1.047E+20 1.034E-04 1.747E-03 9.186E+08 9.028E+08 8.294E+17 2.565E+09
   1820      8.200 4.985E+17 1.706E+17 1.128E+20 1.038E-04 1.745E-03 9.536E+08 9.375E+08 8.942E+17 2.657E+09
   1825      8.225 5.383E+17 1.853E+17 1.215E+20 1.035E-04 1.744E-03 9.899E+08 9.735E+08 9.638E+17 2.754E+09
   1830      8.250 5.812E+17 2.012E+17 1.310E+20 1.031E-04 1.744E-03 1.028E+09 1.011E+09 1.039E+18 2.854E+09
   1835      8.275 6.273E+17 2.184E+17 1.411E+20 1.031E-04 1.741E-03 1.066E+09 1.049E+09 1.119E+18 2.957E+09
   1840      8.300 6.768E+17 2.370E+17 1.519E+20 1.035E-04 1.737E-03 1.107E+09 1.089E+09 1.206E+18 3.065E+09
   1845      8.325 7.301E+17 2.572E+17 1.636E+20 1.038E-04 1.732E-03 1.149E+09 1.131E+09 1.299E+18 3.177E+09
   1850      8.350 7.874E+17 2.790E+17 1.762E+20 1.038E-04 1.729E-03 1.192E+09 1.173E+09 1.399E+18 3.292E+09
   1855      8.375 8.490E+17 3.027E+17 1.897E+20 1.035E-04 1.728E-03 1.237E+09 1.218E+09 1.506E+18 3.413E+09
   1860      8.400 9.151E+17 3.282E+17 2.041E+20 1.030E-04 1.726E-03 1.283E+09 1.264E+09 1.621E+18 3.537E+09
   1865      8.425 9.861E+17 3.558E+17 2.197E+20 1.029E-04 1.722E-03 1.331E+09 1.311E+09 1.745E+18 3.666E+09
   1870      8.450 1.062E+18 3.856E+17 2.364E+20 1.033E-04 1.716E-03 1.381E+09 1.360E+09 1.878E+18 3.800E+09
   1875      8.475 1.144E+18 4.179E+17 2.543E+20 1.041E-04 1.709E-03 1.432E+09 1.411E+09 2.021E+18 3.939E+09
   1880      8.500 1.232E+18 4.527E+17 2.735E+20 1.045E-04 1.705E-03 1.485E+09 1.464E+09 2.174E+18 4.083E+09
   1885      8.525 1.326E+18 4.904E+17 2.942E+20 1.039E-04 1.704E-03 1.540E+09 1.518E+09 2.339E+18 4.232E+09
   1890      8.550 1.428E+18 5.310E+17 3.163E+20 1.033E-04 1.706E-03 1.597E+09 1.575E+09 2.515E+18 4.387E+09
   1895      8.575 1.536E+18 5.748E+17 3.401E+20 1.041E-04 1.707E-03 1.656E+09 1.633E+09 2.704E+18 4.547E+09
   1900      8.600 1.652E+18 6.222E+17 3.656E+20 1.060E-04 1.711E-03 1.717E+09 1.693E+09 2.907E+18 4.713E+09
   1905      8.625 1.777E+18 6.733E+17 3.929E+20 1.066E-04 1.726E-03 1.780E+09 1.755E+09 3.125E+18 4.885E+09
   1910      8.650 1.911E+18 7.284E+17 4.221E+20 1.043E-04 1.753E-03 1.845E+09 1.820E+09 3.358E+18 5.062E+09
   1915      8.675 2.054E+18 7.878E+17 4.535E+20 1.008E-04 1.782E-03 1.912E+09 1.887E+09 3.608E+18 5.245E+09
   1920      8.700 2.207E+18 8.518E+17 4.872E+20 9.973E-05 1.801E-03 1.982E+09 1.956E+09 3.876E+18 5.435E+09
   1925      8.725 2.371E+18 9.209E+17 5.232E+20 1.017E-04 1.804E-03 2.054E+09 2.027E+09 4.163E+18 5.631E+09
   1930      8.750 2.547E+18 9.953E+17 5.618E+20 1.039E-04 1.801E-03 2.128E+09 2.101E+09 4.471E+18 5.833E+09
   1935      8.775 2.736E+18 1.075E+18 6.031E+20 1.040E-04 1.798E-03 2.205E+09 2.177E+09 4.800E+18 6.042E+09
   1940      8.800 2.937E+18 1.162E+18 6.474E+20 1.030E-04 1.797E-03 2.285E+09 2.255E+09 5.153E+18 6.258E+09
   1945      8.825 3.153E+18 1.255E+18 6.948E+20 1.029E-04 1.794E-03 2.367E+09 2.337E+09 5.531E+18 6.480E+09
   1950      8.850 3.384E+18 1.355E+18 7.455E+20 1.039E-04 1.789E-03 2.452E+09 2.421E+09 5.936E+18 6.709E+09
   1955      8.875 3.630E+18 1.463E+18 7.998E+20 1.044E-04 1.785E-03 2.539E+09 2.508E+09 6.369E+18 6.945E+09
   1960      8.900 3.894E+18 1.579E+18 8.579E+20 1.038E-04 1.784E-03 2.630E+09 2.598E+09 6.833E+18 7.189E+09
   1965      8.925 4.177E+18 1.704E+18 9.200E+20 1.032E-04 1.785E-03 2.724E+09 2.691E+09 7.329E+18 7.440E+09
   1970      8.950 4.478E+18 1.838E+18 9.865E+20 1.035E-04 1.784E-03 2.820E+09 2.787E+09 7.860E+18 7.699E+09
   1975      8.975 4.801E+18 1.982E+18 1.058E+21 1.041E-04 1.783E-03 2.920E+09 2.886E+09 8.428E+18 7.965E+09
   1980      9.000 5.146E+18 2.137E+18 1.134E+21 1.040E-04 1.785E-03 3.023E+09 2.988E+09 9.035E+18 8.239E+09
   1985      9.025 5.514E+18 2.304E+18 1.215E+21 1.032E-04 1.788E-03 3.130E+09 3.094E+09 9.685E+18 8.522E+09
   1990      9.050 5.907E+18 2.483E+18 1.302E+21 1.029E-04 1.790E-03 3.240E+09 3.203E+09 1.038E+19 8.813E+09
   1995      9.075 6.328E+18 2.676E+18 1.395E+21 1.035E-04 1.790E-03 3.353E+09 3.316E+09 1.112E+19 9.112E+09
   2000      9.100 6.777E+18 2.883E+18 1.494E+21 1.041E-04 1.790E-03 3.471E+09 3.433E+09 1.192E+19 9.419E+09
   2005      9.125 7.256E+18 3.105E+18 1.600E+21 1.038E-04 1.791E-03 3.592E+09 3.554E+09 1.276E+19 9.736E+09
   2010      9.150 7.768E+18 3.343E+18 1.713E+21 1.029E-04 1.794E-03 3.717E+09 3.678E+09 1.367E+19 1.006E+10
   2015      9.175 8.314E+18 3.599E+18 1.834E+21 1.026E-04 1.794E-03 3.846E+09 3.807E+09 1.464E+19 1.040E+10
   2020      9.200 8.897E+18 3.874E+18 1.964E+21 1.032E-04 1.790E-03 3.979E+09 3.939E+09 1.568E+19 1.074E+10
   2025      9.225 9.519E+18 4.169E+18 2.102E+21 1.040E-04 1.786E-03 4.116E+09 4.077E+09 1.678E+19 1.110E+10
   2030      9.250 1.018E+19 4.485E+18 2.249E+21 1.040E-04 1.783E-03 4.258E+09 4.218E+09 1.796E+19 1.146E+10
   2035      9.275 1.089E+19 4.824E+18 2.406E+21 1.033E-04 1.781E-03 4.405E+09 4.364E+09 1.922E+19 1.183E+10
   2040      9.300 1.165E+19 5.188E+18 2.574E+21 1.029E-04 1.780E-03 4.556E+09 4.515E+09 2.057E+19 1.222E+10
   2045      9.325 1.245E+19 5.578E+18 2.753E+21 1.032E-04 1.775E-03 4.712E+09 4.671E+09 2.201E+19 1.261E+10
   2050      9.350 1.331E+19 5.996E+18 2.944E+21 1.038E-04 1.770E-03 4.872E+09 4.832E+09 2.354E+19 1.302E+10
   2055      9.375 1.423E+19 6.444E+18 3.148E+21 1.040E-04 1.766E-03 5.038E+09 4.998E+09 2.518E+19 1.344E+10
   2060      9.400 1.521E+19 6.924E+18 3.366E+21 1.040E-04 1.763E-03 5.210E+09 5.170E+09 2.693E+19 1.387E+10
   2065      9.425 1.625E+19 7.438E+18 3.598E+21 1.037E-04 1.763E-03 5.386E+09 5.346E+09 2.880E+19 1.431E+10
   2070      9.450 1.736E+19 7.989E+18 3.846E+21 1.035E-04 1.764E-03 5.568E+09 5.529E+09 3.079E+19 1.476E+10
   2075      9.475 1.854E+19 8.579E+18 4.110E+21 1.031E-04 1.764E-03 5.756E+09 5.718E+09 3.291E+19 1.523E+10
   2080      9.500 1.980E+19 9.211E+18 4.391E+21 1.027E-04 1.763E-03 5.950E+09 5.912E+09 3.518E+19 1.571E+10
   2085      9.525 2.115E+19 9.887E+18 4.691E+21 1.027E-04 1.758E-03 6.150E+09 6.113E+09 3.760E+19 1.620E+10
   2090      9.550 2.258E+19 1.061E+19 5.011E+21 1.034E-04 1.751E-03 6.356E+09 6.320E+09 4.017E+19 1.671E+10
   2095      9.575 2.410E+19 1.139E+19 5.352E+21 1.041E-04 1.742E-03 6.569E+09 6.534E+09 4.292E+19 1.723E+10
   2100      9.600 2.573E+19 1.221E+19 5.715E+21 1.043E-04 1.737E-03 6.788E+09 6.754E+09 4.585E+19 1.776E+10
   2105      9.625 2.746E+19 1.310E+19 6.103E+21 1.036E-04 1.734E-03 7.015E+09 6.982E+09 4.898E+19 1.831E+10
   2110      9.650 2.930E+19 1.405E+19 6.515E+21 1.030E-04 1.731E-03 7.248E+09 7.217E+09 5.231E+19 1.887E+10
   2115      9.675 3.126E+19 1.506E+19 6.954E+21 1.033E-04 1.727E-03 7.488E+09 7.459E+09 5.585E+19 1.945E+10
   2120      9.700 3.335E+19 1.615E+19 7.423E+21 1.041E-04 1.723E-03 7.736E+09 7.709E+09 5.964E+19 2.004E+10
   2125      9.725 3.558E+19 1.731E+19 7.921E+21 1.043E-04 1.720E-03 7.992E+09 7.967E+09 6.367E+19 2.065E+10
   2130      9.750 3.795E+19 1.855E+19 8.452E+21 1.036E-04 1.721E-03 8.255E+09 8.232E+09 6.796E+19 2.128E+10
   2135      9.775 4.047E+19 1.987E+19 9.018E+21 1.033E-04 1.722E-03 8.527E+09 8.507E+09 7.254E+19 2.193E+10
   2140      9.800 4.315E+19 2.129E+19 9.620E+21 1.041E-04 1.723E-03 8.807E+09 8.789E+09 7.741E+19 2.259E+10
   2145      9.825 4.601E+19 2.280E+19 1.026E+22 1.046E-04 1.726E-03 9.096E+09 9.081E+09 8.260E+19 2.327E+10
   2150      9.850 4.905E+19 2.442E+19 1.094E+22 1.035E-04 1.733E-03 9.393E+09 9.382E+09 8.812E+19 2.396E+10
   2155      9.875 5.229E+19 2.614E+19 1.167E+22 1.018E-04 1.740E-03 9.700E+09 9.692E+09 9.401E+19 2.468E+10
   2160      9.900 5.573E+19 2.799E+19 1.244E+22 1.018E-04 1.741E-03 1.002E+10 1.001E+10 1.003E+20 2.542E+10
   2165      9.925 5.939E+19 2.996E+19 1.326E+22 1.034E-04 1.735E-03 1.034E+10 1.034E+10 1.069E+20 2.618E+10
   2170      9.950 6.329E+19 3.206E+19 1.414E+22 1.044E-04 1.728E-03 1.068E+10 1.068E+10 1.140E+20 2.696E+10
   2175      9.975 6.744E+19 3.431E+19 1.507E+22 1.036E-04 1.725E-03 1.102E+10 1.103E+10 1.216E+20 2.776E+10
   2180     10.000 7.185E+19 3.670E+19 1.606E+22 1.026E-04 1.722E-03 1.138E+10 1.139E+10 1.297E+20 2.858E+10
   2185     10.025 7.655E+19 3.926E+19 1.711E+22 1.029E-04 1.716E-03 1.175E+10 1.177E+10 1.382E+20 2.942E+10
   2190     10.050 8.154E+19 4.199E+19 1.823E+22 1.043E-04 1.707E-03 1.212E+10 1.215E+10 1.473E+20 3.028E+10
