#--it-----t--------dt-------EEK-------EEM-------EEGW------hrms------urms------brms------umax------bmax------o2m------divu2m----gg2m---
    0   1.0000  5.50E-05 0.000E+00 0.000E+00 0.000E+00 0.000E+00 0.000E+00 0.000E+00 0.000E+00 0.000E+00 0.000E+00 0.000E+00 0.00E+00
   20   1.0011  5.49E-05 2.961E-09 2.751E-04 9.844E-14 2.562E-10 7.695E-05 2.346E-02 4.023E-04 6.640E-02 1.463E-03 5.687E-03 5.91E-13
   40   1.0022  5.47E-05 4.176E-08 5.226E-04 1.017E-12 1.868E-09 2.890E-04 3.233E-02 1.536E-03 1.012E-01 2.385E-02 6.762E-02 6.10E-12
   60   1.0033  5.44E-05 1.664E-07 7.674E-04 2.981E-12 4.994E-09 5.770E-04 3.918E-02 3.227E-03 1.176E-01 1.136E-01 2.222E-01 1.79E-11
   80   1.0044  5.44E-05 4.204E-07 1.044E-03 5.959E-12 9.165E-09 9.169E-04 4.570E-02 4.892E-03 1.311E-01 3.486E-01 4.481E-01 3.58E-11
  100   1.0055  5.42E-05 8.748E-07 1.323E-03 1.032E-11 1.414E-08 1.323E-03 5.143E-02 5.956E-03 1.429E-01 8.451E-01 7.636E-01 6.19E-11
  120   1.0065  5.39E-05 1.594E-06 1.572E-03 1.549E-11 1.982E-08 1.785E-03 5.608E-02 9.241E-03 1.497E-01 1.742E+00 1.159E+00 9.29E-11
  140   1.0076  5.35E-05 2.643E-06 1.790E-03 2.214E-11 2.601E-08 2.299E-03 5.983E-02 1.164E-02 1.615E-01 3.197E+00 1.554E+00 1.33E-10
  160   1.0087  5.34E-05 4.116E-06 2.008E-03 3.004E-11 3.274E-08 2.869E-03 6.338E-02 1.300E-02 1.765E-01 5.357E+00 1.954E+00 1.80E-10
  180   1.0097  5.31E-05 6.156E-06 2.251E-03 3.902E-11 4.023E-08 3.509E-03 6.710E-02 1.615E-02 2.009E-01 8.382E+00 2.511E+00 2.34E-10
  200   1.0108  5.28E-05 8.831E-06 2.457E-03 4.773E-11 4.862E-08 4.203E-03 7.010E-02 1.933E-02 1.863E-01 1.243E+01 3.125E+00 2.86E-10
  220   1.0119  5.27E-05 1.221E-05 2.706E-03 5.675E-11 5.758E-08 4.942E-03 7.356E-02 2.094E-02 1.925E-01 1.767E+01 3.662E+00 3.41E-10
  240   1.0129  5.25E-05 1.646E-05 2.873E-03 6.732E-11 6.684E-08 5.737E-03 7.580E-02 2.449E-02 2.018E-01 2.430E+01 4.308E+00 4.04E-10
  260   1.0140  5.22E-05 2.164E-05 3.086E-03 7.831E-11 7.623E-08 6.579E-03 7.856E-02 2.798E-02 2.109E-01 3.250E+01 5.015E+00 4.70E-10
  280   1.0150  5.17E-05 2.790E-05 3.355E-03 9.230E-11 8.590E-08 7.471E-03 8.192E-02 3.336E-02 2.194E-01 4.253E+01 5.648E+00 5.54E-10
  300   1.0160  5.13E-05 3.526E-05 3.510E-03 1.025E-10 9.612E-08 8.398E-03 8.378E-02 3.858E-02 2.294E-01 5.440E+01 6.277E+00 6.15E-10
  320   1.0171  5.10E-05 4.387E-05 3.752E-03 1.140E-10 1.064E-07 9.368E-03 8.663E-02 4.355E-02 2.421E-01 6.818E+01 7.177E+00 6.84E-10
  340   1.0181  5.06E-05 5.386E-05 3.978E-03 1.282E-10 1.164E-07 1.038E-02 8.920E-02 4.854E-02 2.424E-01 8.406E+01 8.232E+00 7.69E-10
  360   1.0191  5.03E-05 6.523E-05 4.190E-03 1.448E-10 1.262E-07 1.142E-02 9.155E-02 5.276E-02 2.477E-01 1.023E+02 9.039E+00 8.69E-10
  380   1.0201  4.97E-05 7.803E-05 4.399E-03 1.634E-10 1.359E-07 1.249E-02 9.379E-02 5.467E-02 2.704E-01 1.229E+02 9.849E+00 9.81E-10
  400   1.0211  4.90E-05 9.235E-05 4.626E-03 1.808E-10 1.454E-07 1.359E-02 9.618E-02 5.967E-02 2.924E-01 1.459E+02 1.091E+01 1.08E-09
  420   1.0220  4.86E-05 1.082E-04 4.878E-03 2.022E-10 1.549E-07 1.471E-02 9.877E-02 6.961E-02 2.813E-01 1.713E+02 1.225E+01 1.21E-09
  440   1.0230  4.86E-05 1.255E-04 4.971E-03 2.209E-10 1.644E-07 1.584E-02 9.971E-02 7.415E-02 2.604E-01 1.993E+02 1.338E+01 1.33E-09
  460   1.0240  4.85E-05 1.442E-04 5.233E-03 2.473E-10 1.738E-07 1.698E-02 1.023E-01 7.418E-02 2.580E-01 2.301E+02 1.386E+01 1.48E-09
  480   1.0250  4.86E-05 1.648E-04 5.416E-03 2.736E-10 1.834E-07 1.816E-02 1.041E-01 7.124E-02 2.731E-01 2.638E+02 1.488E+01 1.64E-09
  500   1.0259  4.86E-05 1.875E-04 5.633E-03 2.965E-10 1.936E-07 1.936E-02 1.061E-01 7.446E-02 2.757E-01 3.005E+02 1.648E+01 1.78E-09
  520   1.0269  4.88E-05 2.116E-04 5.789E-03 3.156E-10 2.042E-07 2.057E-02 1.076E-01 7.922E-02 2.876E-01 3.397E+02 1.783E+01 1.89E-09
  540   1.0279  4.85E-05 2.376E-04 6.023E-03 3.348E-10 2.149E-07 2.180E-02 1.098E-01 8.336E-02 2.890E-01 3.823E+02 1.872E+01 2.01E-09
  560   1.0288  4.83E-05 2.662E-04 6.232E-03 3.603E-10 2.255E-07 2.308E-02 1.116E-01 8.638E-02 3.091E-01 4.290E+02 2.030E+01 2.16E-09
  580   1.0298  4.81E-05 2.968E-04 6.457E-03 3.801E-10 2.362E-07 2.436E-02 1.136E-01 9.270E-02 3.189E-01 4.790E+02 2.220E+01 2.28E-09
  600   1.0308  4.77E-05 3.287E-04 6.625E-03 4.030E-10 2.468E-07 2.564E-02 1.151E-01 9.697E-02 3.012E-01 5.320E+02 2.361E+01 2.42E-09
  620   1.0317  4.71E-05 3.619E-04 6.772E-03 4.317E-10 2.573E-07 2.690E-02 1.164E-01 9.965E-02 3.050E-01 5.878E+02 2.476E+01 2.59E-09
  640   1.0327  4.66E-05 3.962E-04 6.921E-03 4.540E-10 2.679E-07 2.814E-02 1.177E-01 1.012E-01 3.120E-01 6.462E+02 2.582E+01 2.72E-09
  660   1.0336  4.64E-05 4.318E-04 7.092E-03 4.794E-10 2.784E-07 2.938E-02 1.191E-01 1.030E-01 3.352E-01 7.073E+02 2.749E+01 2.88E-09
  680   1.0345  4.63E-05 4.687E-04 7.254E-03 5.053E-10 2.891E-07 3.061E-02 1.205E-01 1.051E-01 3.351E-01 7.710E+02 2.960E+01 3.03E-09
  700   1.0354  4.63E-05 5.067E-04 7.463E-03 5.349E-10 3.003E-07 3.183E-02 1.222E-01 1.105E-01 3.649E-01 8.377E+02 3.134E+01 3.21E-09
  720   1.0364  4.63E-05 5.458E-04 7.552E-03 5.593E-10 3.122E-07 3.303E-02 1.229E-01 1.153E-01 3.617E-01 9.077E+02 3.257E+01 3.36E-09
  740   1.0373  4.59E-05 5.854E-04 7.662E-03 5.886E-10 3.243E-07 3.421E-02 1.238E-01 1.191E-01 3.604E-01 9.796E+02 3.397E+01 3.53E-09
  760   1.0382  4.57E-05 6.263E-04 7.867E-03 6.385E-10 3.367E-07 3.538E-02 1.254E-01 1.233E-01 3.565E-01 1.055E+03 3.536E+01 3.83E-09
  780   1.0391  4.55E-05 6.681E-04 8.021E-03 6.755E-10 3.497E-07 3.654E-02 1.267E-01 1.288E-01 3.599E-01 1.134E+03 3.705E+01 4.05E-09
  800   1.0400  4.52E-05 7.105E-04 8.159E-03 7.083E-10 3.634E-07 3.768E-02 1.277E-01 1.334E-01 3.506E-01 1.215E+03 3.883E+01 4.25E-09
  820   1.0409  4.50E-05 7.540E-04 8.249E-03 7.435E-10 3.776E-07 3.882E-02 1.284E-01 1.396E-01 3.372E-01 1.301E+03 4.064E+01 4.46E-09
  840   1.0418  4.48E-05 7.984E-04 8.444E-03 7.747E-10 3.921E-07 3.994E-02 1.300E-01 1.457E-01 3.500E-01 1.391E+03 4.239E+01 4.65E-09
  860   1.0427  4.45E-05 8.435E-04 8.548E-03 7.999E-10 4.068E-07 4.105E-02 1.308E-01 1.510E-01 3.579E-01 1.485E+03 4.415E+01 4.80E-09
  880   1.0436  4.40E-05 8.890E-04 8.596E-03 8.143E-10 4.214E-07 4.215E-02 1.311E-01 1.582E-01 3.417E-01 1.583E+03 4.585E+01 4.89E-09
  900   1.0445  4.36E-05 9.345E-04 8.785E-03 8.336E-10 4.353E-07 4.321E-02 1.325E-01 1.660E-01 3.405E-01 1.684E+03 4.735E+01 5.00E-09
  920   1.0453  4.34E-05 9.798E-04 8.863E-03 8.737E-10 4.487E-07 4.425E-02 1.331E-01 1.723E-01 3.548E-01 1.788E+03 4.893E+01 5.24E-09
  940   1.0462  4.31E-05 1.026E-03 9.114E-03 8.956E-10 4.618E-07 4.528E-02 1.350E-01 1.764E-01 3.722E-01 1.896E+03 5.119E+01 5.37E-09
  960   1.0471  4.30E-05 1.073E-03 9.259E-03 9.004E-10 4.747E-07 4.630E-02 1.361E-01 1.795E-01 3.729E-01 2.009E+03 5.405E+01 5.40E-09
  980   1.0479  4.28E-05 1.120E-03 9.317E-03 9.139E-10 4.869E-07 4.730E-02 1.365E-01 1.813E-01 3.782E-01 2.126E+03 5.647E+01 5.48E-09
 1000   1.0488  4.26E-05 1.166E-03 9.429E-03 9.356E-10 4.978E-07 4.827E-02 1.373E-01 1.807E-01 3.871E-01 2.248E+03 5.789E+01 5.61E-09
 1020   1.0496  4.23E-05 1.213E-03 9.598E-03 9.677E-10 5.074E-07 4.922E-02 1.386E-01 1.782E-01 4.001E-01 2.375E+03 5.849E+01 5.81E-09
 1040   1.0505  4.20E-05 1.260E-03 9.780E-03 1.007E-09 5.158E-07 5.016E-02 1.399E-01 1.831E-01 4.040E-01 2.507E+03 6.014E+01 6.04E-09
 1060   1.0513  4.18E-05 1.308E-03 9.953E-03 1.051E-09 5.232E-07 5.111E-02 1.411E-01 1.841E-01 4.202E-01 2.644E+03 6.368E+01 6.30E-09
 1080   1.0522  4.17E-05 1.356E-03 1.005E-02 1.080E-09 5.299E-07 5.204E-02 1.418E-01 1.818E-01 4.302E-01 2.787E+03 6.751E+01 6.48E-09
 1100   1.0530  4.18E-05 1.403E-03 1.018E-02 1.099E-09 5.360E-07 5.293E-02 1.427E-01 1.839E-01 4.279E-01 2.936E+03 6.967E+01 6.59E-09
 1120   1.0538  4.18E-05 1.450E-03 1.026E-02 1.129E-09 5.414E-07 5.381E-02 1.432E-01 1.885E-01 4.098E-01 3.092E+03 7.036E+01 6.77E-09
 1140   1.0547  4.19E-05 1.496E-03 1.034E-02 1.171E-09 5.460E-07 5.466E-02 1.438E-01 1.939E-01 4.056E-01 3.255E+03 7.138E+01 7.02E-09
 1160   1.0555  4.16E-05 1.543E-03 1.051E-02 1.204E-09 5.496E-07 5.551E-02 1.450E-01 1.986E-01 4.128E-01 3.426E+03 7.370E+01 7.23E-09
 1180   1.0563  4.12E-05 1.589E-03 1.055E-02 1.236E-09 5.524E-07 5.633E-02 1.453E-01 1.985E-01 4.294E-01 3.601E+03 7.731E+01 7.42E-09
 1200   1.0571  4.10E-05 1.634E-03 1.064E-02 1.284E-09 5.543E-07 5.712E-02 1.459E-01 2.008E-01 4.240E-01 3.782E+03 8.109E+01 7.70E-09
 1220   1.0580  4.09E-05 1.679E-03 1.079E-02 1.343E-09 5.553E-07 5.790E-02 1.469E-01 2.055E-01 4.585E-01 3.970E+03 8.385E+01 8.06E-09
 1240   1.0588  4.06E-05 1.722E-03 1.090E-02 1.405E-09 5.561E-07 5.864E-02 1.476E-01 2.102E-01 4.656E-01 4.166E+03 8.545E+01 8.43E-09
 1260   1.0596  4.01E-05 1.765E-03 1.112E-02 1.468E-09 5.573E-07 5.936E-02 1.491E-01 2.151E-01 4.813E-01 4.370E+03 8.669E+01 8.81E-09
 1280   1.0604  3.95E-05 1.806E-03 1.121E-02 1.517E-09 5.594E-07 6.005E-02 1.497E-01 2.236E-01 4.953E-01 4.578E+03 8.915E+01 9.10E-09
 1300   1.0612  3.91E-05 1.846E-03 1.131E-02 1.548E-09 5.625E-07 6.071E-02 1.504E-01 2.331E-01 5.010E-01 4.792E+03 9.190E+01 9.29E-09
 1320   1.0619  3.87E-05 1.885E-03 1.137E-02 1.576E-09 5.665E-07 6.133E-02 1.508E-01 2.407E-01 4.884E-01 5.012E+03 9.422E+01 9.46E-09
 1340   1.0627  3.86E-05 1.923E-03 1.156E-02 1.613E-09 5.712E-07 6.194E-02 1.521E-01 2.457E-01 4.893E-01 5.240E+03 9.690E+01 9.68E-09
 1360   1.0635  3.84E-05 1.960E-03 1.162E-02 1.644E-09 5.767E-07 6.255E-02 1.524E-01 2.506E-01 4.909E-01 5.478E+03 1.001E+02 9.87E-09
 1380   1.0643  3.82E-05 1.997E-03 1.173E-02 1.659E-09 5.827E-07 6.313E-02 1.532E-01 2.556E-01 4.960E-01 5.725E+03 1.034E+02 9.96E-09
 1400   1.0650  3.80E-05 2.033E-03 1.179E-02 1.670E-09 5.890E-07 6.370E-02 1.536E-01 2.607E-01 4.858E-01 5.981E+03 1.060E+02 1.00E-08
 1420   1.0658  3.79E-05 2.069E-03 1.194E-02 1.672E-09 5.953E-07 6.426E-02 1.545E-01 2.660E-01 4.952E-01 6.248E+03 1.076E+02 1.00E-08
 1440   1.0665  3.77E-05 2.105E-03 1.214E-02 1.674E-09 6.014E-07 6.482E-02 1.558E-01 2.710E-01 5.004E-01 6.527E+03 1.092E+02 1.00E-08
 1460   1.0673  3.75E-05 2.141E-03 1.219E-02 1.695E-09 6.073E-07 6.536E-02 1.561E-01 2.752E-01 5.010E-01 6.814E+03 1.123E+02 1.02E-08
 1480   1.0680  3.75E-05 2.176E-03 1.240E-02 1.713E-09 6.128E-07 6.590E-02 1.575E-01 2.782E-01 5.063E-01 7.114E+03 1.164E+02 1.03E-08
 1500   1.0688  3.73E-05 2.212E-03 1.249E-02 1.721E-09 6.177E-07 6.643E-02 1.580E-01 2.808E-01 4.965E-01 7.426E+03 1.206E+02 1.03E-08
 1520   1.0695  3.72E-05 2.246E-03 1.252E-02 1.748E-09 6.217E-07 6.694E-02 1.583E-01 2.831E-01 4.998E-01 7.749E+03 1.233E+02 1.05E-08
 1540   1.0703  3.71E-05 2.279E-03 1.271E-02 1.800E-09 6.247E-07 6.744E-02 1.594E-01 2.845E-01 4.971E-01 8.084E+03 1.251E+02 1.08E-08
 1560   1.0710  3.72E-05 2.313E-03 1.279E-02 1.867E-09 6.270E-07 6.793E-02 1.600E-01 2.848E-01 4.886E-01 8.432E+03 1.276E+02 1.12E-08
 1580   1.0718  3.73E-05 2.346E-03 1.286E-02 1.926E-09 6.288E-07 6.841E-02 1.604E-01 2.833E-01 4.874E-01 8.791E+03 1.311E+02 1.16E-08
 1600   1.0725  3.75E-05 2.380E-03 1.293E-02 1.979E-09 6.307E-07 6.889E-02 1.608E-01 2.802E-01 4.941E-01 9.164E+03 1.358E+02 1.19E-08
 1620   1.0733  3.76E-05 2.412E-03 1.300E-02 2.020E-09 6.327E-07 6.937E-02 1.612E-01 2.793E-01 5.081E-01 9.551E+03 1.408E+02 1.21E-08
 1640   1.0740  3.75E-05 2.445E-03 1.308E-02 2.056E-09 6.351E-07 6.983E-02 1.617E-01 2.817E-01 5.154E-01 9.956E+03 1.438E+02 1.23E-08
 1660   1.0748  3.75E-05 2.477E-03 1.318E-02 2.089E-09 6.381E-07 7.028E-02 1.624E-01 2.830E-01 5.272E-01 1.037E+04 1.456E+02 1.25E-08
 1680   1.0755  3.73E-05 2.509E-03 1.325E-02 2.115E-09 6.416E-07 7.074E-02 1.628E-01 2.889E-01 5.410E-01 1.081E+04 1.484E+02 1.27E-08
 1700   1.0762  3.68E-05 2.542E-03 1.344E-02 2.118E-09 6.456E-07 7.119E-02 1.639E-01 3.009E-01 5.421E-01 1.125E+04 1.525E+02 1.27E-08
 1720   1.0770  3.64E-05 2.574E-03 1.349E-02 2.119E-09 6.499E-07 7.164E-02 1.642E-01 3.122E-01 5.461E-01 1.171E+04 1.573E+02 1.27E-08
 1740   1.0777  3.61E-05 2.605E-03 1.352E-02 2.145E-09 6.540E-07 7.207E-02 1.645E-01 3.203E-01 5.564E-01 1.218E+04 1.612E+02 1.29E-08
 1760   1.0784  3.60E-05 2.635E-03 1.370E-02 2.183E-09 6.577E-07 7.248E-02 1.656E-01 3.248E-01 5.711E-01 1.266E+04 1.639E+02 1.31E-08
 1780   1.0791  3.58E-05 2.665E-03 1.378E-02 2.226E-09 6.611E-07 7.289E-02 1.660E-01 3.259E-01 5.788E-01 1.315E+04 1.664E+02 1.34E-08
 1800   1.0799  3.58E-05 2.695E-03 1.390E-02 2.271E-09 6.643E-07 7.329E-02 1.667E-01 3.258E-01 5.648E-01 1.366E+04 1.704E+02 1.36E-08
 1820   1.0806  3.58E-05 2.724E-03 1.391E-02 2.310E-09 6.674E-07 7.369E-02 1.668E-01 3.293E-01 5.791E-01 1.417E+04 1.755E+02 1.39E-08
 1840   1.0813  3.57E-05 2.753E-03 1.399E-02 2.339E-09 6.703E-07 7.408E-02 1.673E-01 3.341E-01 5.790E-01 1.469E+04 1.804E+02 1.40E-08
 1860   1.0820  3.59E-05 2.782E-03 1.409E-02 2.381E-09 6.733E-07 7.447E-02 1.679E-01 3.360E-01 5.764E-01 1.524E+04 1.854E+02 1.43E-08
 1880   1.0827  3.60E-05 2.811E-03 1.415E-02 2.421E-09 6.764E-07 7.485E-02 1.682E-01 3.354E-01 5.605E-01 1.579E+04 1.899E+02 1.45E-08
 1900   1.0834  3.60E-05 2.838E-03 1.430E-02 2.443E-09 6.795E-07 7.522E-02 1.691E-01 3.367E-01 5.746E-01 1.637E+04 1.948E+02 1.47E-08
 1920   1.0842  3.57E-05 2.866E-03 1.443E-02 2.465E-09 6.828E-07 7.559E-02 1.699E-01 3.445E-01 5.849E-01 1.695E+04 1.991E+02 1.48E-08
 1940   1.0849  3.54E-05 2.893E-03 1.457E-02 2.480E-09 6.859E-07 7.595E-02 1.707E-01 3.509E-01 5.890E-01 1.756E+04 2.028E+02 1.49E-08
 1960   1.0856  3.52E-05 2.921E-03 1.474E-02 2.479E-09 6.888E-07 7.630E-02 1.717E-01 3.544E-01 5.953E-01 1.817E+04 2.067E+02 1.49E-08
 1980   1.0863  3.50E-05 2.949E-03 1.482E-02 2.492E-09 6.911E-07 7.667E-02 1.722E-01 3.572E-01 5.722E-01 1.880E+04 2.117E+02 1.50E-08
 2000   1.0870  3.51E-05 2.976E-03 1.493E-02 2.553E-09 6.928E-07 7.703E-02 1.728E-01 3.566E-01 5.851E-01 1.944E+04 2.176E+02 1.53E-08
 2020   1.0877  3.52E-05 3.004E-03 1.496E-02 2.618E-09 6.939E-07 7.738E-02 1.730E-01 3.541E-01 5.841E-01 2.009E+04 2.234E+02 1.57E-08
 2040   1.0884  3.55E-05 3.032E-03 1.508E-02 2.668E-09 6.946E-07 7.774E-02 1.737E-01 3.548E-01 5.733E-01 2.076E+04 2.284E+02 1.60E-08
 2060   1.0891  3.57E-05 3.059E-03 1.517E-02 2.734E-09 6.952E-07 7.809E-02 1.742E-01 3.574E-01 5.630E-01 2.144E+04 2.332E+02 1.64E-08
 2080   1.0898  3.54E-05 3.086E-03 1.531E-02 2.793E-09 6.960E-07 7.843E-02 1.750E-01 3.612E-01 5.672E-01 2.213E+04 2.377E+02 1.68E-08
 2100   1.0905  3.55E-05 3.112E-03 1.547E-02 2.817E-09 6.973E-07 7.876E-02 1.759E-01 3.610E-01 5.761E-01 2.282E+04 2.420E+02 1.69E-08
 2120   1.0912  3.57E-05 3.140E-03 1.560E-02 2.836E-09 6.990E-07 7.911E-02 1.767E-01 3.535E-01 5.635E-01 2.353E+04 2.478E+02 1.70E-08
 2140   1.0920  3.58E-05 3.167E-03 1.578E-02 2.872E-09 7.009E-07 7.945E-02 1.777E-01 3.490E-01 5.667E-01 2.426E+04 2.549E+02 1.72E-08
 2160   1.0927  3.58E-05 3.194E-03 1.591E-02 2.909E-09 7.030E-07 7.979E-02 1.784E-01 3.502E-01 5.614E-01 2.501E+04 2.605E+02 1.75E-08
 2180   1.0934  3.58E-05 3.220E-03 1.610E-02 2.954E-09 7.051E-07 8.011E-02 1.794E-01 3.465E-01 5.602E-01 2.576E+04 2.654E+02 1.77E-08
 2200   1.0941  3.58E-05 3.245E-03 1.614E-02 3.024E-09 7.073E-07 8.042E-02 1.797E-01 3.412E-01 5.593E-01 2.653E+04 2.700E+02 1.81E-08
 2220   1.0948  3.58E-05 3.269E-03 1.624E-02 3.081E-09 7.099E-07 8.072E-02 1.802E-01 3.415E-01 5.687E-01 2.731E+04 2.746E+02 1.85E-08
 2240   1.0955  3.59E-05 3.293E-03 1.645E-02 3.107E-09 7.131E-07 8.101E-02 1.814E-01 3.365E-01 5.716E-01 2.809E+04 2.794E+02 1.86E-08
 2260   1.0963  3.61E-05 3.317E-03 1.658E-02 3.130E-09 7.169E-07 8.131E-02 1.821E-01 3.302E-01 5.677E-01 2.891E+04 2.850E+02 1.88E-08
 2280   1.0970  3.60E-05 3.342E-03 1.661E-02 3.157E-09 7.210E-07 8.161E-02 1.823E-01 3.229E-01 5.825E-01 2.973E+04 2.930E+02 1.89E-08
 2300   1.0977  3.60E-05 3.366E-03 1.675E-02 3.197E-09 7.249E-07 8.189E-02 1.830E-01 3.157E-01 5.784E-01 3.057E+04 3.013E+02 1.92E-08
 2320   1.0984  3.61E-05 3.388E-03 1.676E-02 3.230E-09 7.284E-07 8.216E-02 1.831E-01 3.251E-01 5.844E-01 3.142E+04 3.072E+02 1.94E-08
 2340   1.0991  3.61E-05 3.410E-03 1.688E-02 3.250E-09 7.316E-07 8.242E-02 1.838E-01 3.302E-01 5.899E-01 3.228E+04 3.116E+02 1.95E-08
 2360   1.0999  3.58E-05 3.431E-03 1.706E-02 3.275E-09 7.342E-07 8.267E-02 1.847E-01 3.378E-01 5.824E-01 3.314E+04 3.163E+02 1.97E-08
 2380   1.1006  3.52E-05 3.452E-03 1.702E-02 3.313E-09 7.362E-07 8.292E-02 1.845E-01 3.444E-01 5.885E-01 3.399E+04 3.187E+02 1.99E-08
 2400   1.1013  3.48E-05 3.471E-03 1.695E-02 3.325E-09 7.377E-07 8.316E-02 1.841E-01 3.495E-01 5.928E-01 3.481E+04 3.175E+02 1.99E-08
 2420   1.1020  3.45E-05 3.489E-03 1.689E-02 3.318E-09 7.387E-07 8.338E-02 1.838E-01 3.532E-01 5.942E-01 3.560E+04 3.169E+02 1.99E-08
 2440   1.1026  3.43E-05 3.506E-03 1.683E-02 3.333E-09 7.389E-07 8.358E-02 1.835E-01 3.465E-01 5.880E-01 3.638E+04 3.174E+02 2.00E-08
 2460   1.1033  3.42E-05 3.522E-03 1.678E-02 3.366E-09 7.385E-07 8.376E-02 1.832E-01 3.445E-01 5.877E-01 3.715E+04 3.178E+02 2.02E-08
 2480   1.1040  3.42E-05 3.535E-03 1.672E-02 3.378E-09 7.378E-07 8.392E-02 1.829E-01 3.478E-01 5.941E-01 3.792E+04 3.171E+02 2.03E-08
 2500   1.1047  3.42E-05 3.546E-03 1.667E-02 3.366E-09 7.370E-07 8.405E-02 1.826E-01 3.473E-01 5.978E-01 3.869E+04 3.144E+02 2.02E-08
 2520   1.1054  3.43E-05 3.556E-03 1.661E-02 3.363E-09 7.359E-07 8.416E-02 1.823E-01 3.482E-01 5.987E-01 3.947E+04 3.113E+02 2.02E-08
 2540   1.1061  3.39E-05 3.566E-03 1.656E-02 3.380E-09 7.346E-07 8.427E-02 1.820E-01 3.584E-01 5.990E-01 4.025E+04 3.099E+02 2.03E-08
 2560   1.1067  3.37E-05 3.574E-03 1.651E-02 3.404E-09 7.331E-07 8.436E-02 1.817E-01 3.570E-01 5.980E-01 4.101E+04 3.109E+02 2.04E-08
 2580   1.1074  3.41E-05 3.581E-03 1.646E-02 3.438E-09 7.314E-07 8.445E-02 1.814E-01 3.547E-01 5.984E-01 4.178E+04 3.133E+02 2.06E-08
 2600   1.1081  3.40E-05 3.586E-03 1.640E-02 3.485E-09 7.298E-07 8.450E-02 1.811E-01 3.561E-01 5.993E-01 4.254E+04 3.133E+02 2.09E-08
 2620   1.1088  3.38E-05 3.589E-03 1.636E-02 3.524E-09 7.284E-07 8.454E-02 1.809E-01 3.611E-01 6.016E-01 4.329E+04 3.115E+02 2.11E-08
 2640   1.1095  3.38E-05 3.590E-03 1.631E-02 3.535E-09 7.276E-07 8.455E-02 1.806E-01 3.607E-01 6.043E-01 4.403E+04 3.100E+02 2.12E-08
 2660   1.1101  3.38E-05 3.589E-03 1.626E-02 3.522E-09 7.276E-07 8.454E-02 1.803E-01 3.619E-01 6.065E-01 4.476E+04 3.075E+02 2.11E-08
 2680   1.1108  3.39E-05 3.588E-03 1.622E-02 3.504E-09 7.283E-07 8.453E-02 1.801E-01 3.574E-01 6.037E-01 4.548E+04 3.054E+02 2.10E-08
 2700   1.1115  3.41E-05 3.586E-03 1.617E-02 3.497E-09 7.295E-07 8.451E-02 1.798E-01 3.532E-01 6.007E-01 4.619E+04 3.063E+02 2.10E-08
 2720   1.1122  3.45E-05 3.583E-03 1.613E-02 3.500E-09 7.311E-07 8.447E-02 1.796E-01 3.476E-01 6.020E-01 4.689E+04 3.084E+02 2.10E-08
 2740   1.1129  3.47E-05 3.578E-03 1.608E-02 3.492E-09 7.332E-07 8.441E-02 1.793E-01 3.440E-01 6.059E-01 4.757E+04 3.087E+02 2.10E-08
 2760   1.1136  3.47E-05 3.570E-03 1.604E-02 3.461E-09 7.354E-07 8.432E-02 1.791E-01 3.451E-01 6.111E-01 4.824E+04 3.068E+02 2.08E-08
 2780   1.1142  3.45E-05 3.561E-03 1.600E-02 3.436E-09 7.376E-07 8.420E-02 1.789E-01 3.506E-01 6.150E-01 4.889E+04 3.045E+02 2.06E-08
 2800   1.1149  3.43E-05 3.550E-03 1.596E-02 3.447E-09 7.394E-07 8.407E-02 1.787E-01 3.560E-01 6.162E-01 4.950E+04 3.028E+02 2.07E-08
 2820   1.1156  3.44E-05 3.539E-03 1.592E-02 3.463E-09 7.411E-07 8.393E-02 1.784E-01 3.561E-01 6.168E-01 5.009E+04 3.020E+02 2.08E-08
 2840   1.1163  3.45E-05 3.527E-03 1.588E-02 3.447E-09 7.425E-07 8.379E-02 1.782E-01 3.600E-01 6.208E-01 5.066E+04 3.021E+02 2.07E-08
 2860   1.1170  3.46E-05 3.514E-03 1.584E-02 3.415E-09 7.436E-07 8.363E-02 1.780E-01 3.644E-01 6.244E-01 5.121E+04 3.034E+02 2.05E-08
 2880   1.1177  3.50E-05 3.500E-03 1.581E-02 3.396E-09 7.441E-07 8.346E-02 1.778E-01 3.610E-01 6.268E-01 5.174E+04 3.041E+02 2.04E-08
 2900   1.1184  3.54E-05 3.484E-03 1.577E-02 3.380E-09 7.437E-07 8.327E-02 1.776E-01 3.642E-01 6.286E-01 5.225E+04 3.032E+02 2.03E-08
 2920   1.1191  3.52E-05 3.466E-03 1.573E-02 3.361E-09 7.423E-07 8.306E-02 1.774E-01 3.655E-01 6.346E-01 5.274E+04 3.008E+02 2.02E-08
 2940   1.1198  3.50E-05 3.448E-03 1.570E-02 3.354E-09 7.398E-07 8.284E-02 1.772E-01 3.623E-01 6.370E-01 5.320E+04 2.982E+02 2.01E-08
 2960   1.1205  3.51E-05 3.429E-03 1.566E-02 3.372E-09 7.362E-07 8.262E-02 1.770E-01 3.670E-01 6.382E-01 5.364E+04 2.965E+02 2.02E-08
 2980   1.1212  3.50E-05 3.410E-03 1.563E-02 3.419E-09 7.315E-07 8.240E-02 1.768E-01 3.679E-01 6.351E-01 5.406E+04 2.965E+02 2.05E-08
 3000   1.1219  3.49E-05 3.391E-03 1.559E-02 3.475E-09 7.263E-07 8.217E-02 1.766E-01 3.631E-01 6.277E-01 5.445E+04 2.976E+02 2.08E-08
 3020   1.1226  3.40E-05 3.372E-03 1.556E-02 3.501E-09 7.210E-07 8.193E-02 1.764E-01 3.585E-01 6.231E-01 5.482E+04 2.981E+02 2.10E-08
 3040   1.1233  3.37E-05 3.352E-03 1.553E-02 3.503E-09 7.158E-07 8.169E-02 1.762E-01 3.722E-01 6.189E-01 5.515E+04 2.975E+02 2.10E-08
 3060   1.1240  3.39E-05 3.331E-03 1.550E-02 3.518E-09 7.106E-07 8.143E-02 1.760E-01 3.695E-01 6.149E-01 5.547E+04 2.952E+02 2.11E-08
 3080   1.1246  3.44E-05 3.309E-03 1.546E-02 3.560E-09 7.054E-07 8.116E-02 1.759E-01 3.586E-01 6.129E-01 5.577E+04 2.936E+02 2.14E-08
 3100   1.1253  3.48E-05 3.287E-03 1.543E-02 3.609E-09 7.005E-07 8.089E-02 1.757E-01 3.582E-01 6.119E-01 5.606E+04 2.936E+02 2.17E-08
 3120   1.1260  3.50E-05 3.264E-03 1.540E-02 3.648E-09 6.963E-07 8.061E-02 1.755E-01 3.598E-01 6.121E-01 5.632E+04 2.932E+02 2.19E-08
 3140   1.1267  3.52E-05 3.241E-03 1.536E-02 3.670E-09 6.932E-07 8.033E-02 1.753E-01 3.592E-01 6.148E-01 5.657E+04 2.933E+02 2.20E-08
 3160   1.1274  3.52E-05 3.218E-03 1.533E-02 3.666E-09 6.914E-07 8.004E-02 1.751E-01 3.668E-01 6.132E-01 5.680E+04 2.934E+02 2.20E-08
 3180   1.1281  3.51E-05 3.195E-03 1.530E-02 3.642E-09 6.908E-07 7.975E-02 1.749E-01 3.674E-01 6.066E-01 5.701E+04 2.927E+02 2.19E-08
 3200   1.1288  3.52E-05 3.171E-03 1.526E-02 3.626E-09 6.912E-07 7.946E-02 1.747E-01 3.670E-01 6.052E-01 5.720E+04 2.908E+02 2.18E-08
 3220   1.1295  3.54E-05 3.147E-03 1.523E-02 3.633E-09 6.925E-07 7.916E-02 1.745E-01 3.610E-01 6.110E-01 5.736E+04 2.888E+02 2.18E-08
 3240   1.1303  3.57E-05 3.123E-03 1.519E-02 3.648E-09 6.946E-07 7.886E-02 1.743E-01 3.515E-01 6.151E-01 5.751E+04 2.889E+02 2.19E-08
 3260   1.1310  3.57E-05 3.100E-03 1.516E-02 3.652E-09 6.976E-07 7.857E-02 1.741E-01 3.544E-01 6.124E-01 5.763E+04 2.900E+02 2.19E-08
 3280   1.1317  3.55E-05 3.076E-03 1.512E-02 3.638E-09 7.015E-07 7.826E-02 1.739E-01 3.570E-01 6.049E-01 5.773E+04 2.907E+02 2.18E-08
 3300   1.1324  3.53E-05 3.052E-03 1.509E-02 3.605E-09 7.061E-07 7.795E-02 1.737E-01 3.562E-01 5.949E-01 5.780E+04 2.896E+02 2.16E-08
 3320   1.1331  3.49E-05 3.028E-03 1.505E-02 3.559E-09 7.111E-07 7.764E-02 1.735E-01 3.483E-01 5.850E-01 5.786E+04 2.868E+02 2.14E-08
 3340   1.1338  3.46E-05 3.004E-03 1.502E-02 3.528E-09 7.162E-07 7.733E-02 1.733E-01 3.376E-01 5.787E-01 5.790E+04 2.841E+02 2.12E-08
 3360   1.1345  3.43E-05 2.981E-03 1.498E-02 3.517E-09 7.213E-07 7.703E-02 1.731E-01 3.356E-01 5.815E-01 5.791E+04 2.843E+02 2.11E-08
 3380   1.1352  3.42E-05 2.959E-03 1.495E-02 3.498E-09 7.263E-07 7.675E-02 1.729E-01 3.416E-01 5.847E-01 5.792E+04 2.860E+02 2.10E-08
 3400   1.1358  3.41E-05 2.937E-03 1.491E-02 3.458E-09 7.313E-07 7.647E-02 1.727E-01 3.428E-01 5.911E-01 5.790E+04 2.871E+02 2.07E-08
 3420   1.1365  3.41E-05 2.915E-03 1.488E-02 3.421E-09 7.360E-07 7.618E-02 1.725E-01 3.461E-01 5.999E-01 5.787E+04 2.862E+02 2.05E-08
 3440   1.1372  3.41E-05 2.892E-03 1.484E-02 3.403E-09 7.402E-07 7.588E-02 1.723E-01 3.479E-01 6.101E-01 5.783E+04 2.839E+02 2.04E-08
 3460   1.1379  3.41E-05 2.870E-03 1.481E-02 3.388E-09 7.439E-07 7.559E-02 1.721E-01 3.490E-01 6.128E-01 5.777E+04 2.815E+02 2.03E-08
 3480   1.1386  3.42E-05 2.848E-03 1.477E-02 3.360E-09 7.471E-07 7.531E-02 1.719E-01 3.486E-01 6.153E-01 5.770E+04 2.806E+02 2.02E-08
 3500   1.1393  3.42E-05 2.827E-03 1.473E-02 3.321E-09 7.494E-07 7.504E-02 1.717E-01 3.445E-01 6.137E-01 5.762E+04 2.814E+02 1.99E-08
 3520   1.1399  3.42E-05 2.807E-03 1.470E-02 3.288E-09 7.508E-07 7.477E-02 1.715E-01 3.362E-01 6.119E-01 5.753E+04 2.839E+02 1.97E-08
 3540   1.1406  3.42E-05 2.787E-03 1.466E-02 3.262E-09 7.510E-07 7.450E-02 1.712E-01 3.283E-01 6.080E-01 5.742E+04 2.842E+02 1.96E-08
 3560   1.1413  3.44E-05 2.766E-03 1.463E-02 3.236E-09 7.498E-07 7.421E-02 1.710E-01 3.271E-01 6.021E-01 5.730E+04 2.826E+02 1.94E-08
 3580   1.1420  3.45E-05 2.744E-03 1.459E-02 3.222E-09 7.469E-07 7.392E-02 1.708E-01 3.265E-01 5.967E-01 5.717E+04 2.809E+02 1.93E-08
 3600   1.1427  3.49E-05 2.723E-03 1.455E-02 3.244E-09 7.424E-07 7.363E-02 1.706E-01 3.211E-01 5.924E-01 5.702E+04 2.787E+02 1.95E-08
 3620   1.1434  3.52E-05 2.701E-03 1.452E-02 3.301E-09 7.363E-07 7.334E-02 1.704E-01 3.223E-01 5.909E-01 5.686E+04 2.777E+02 1.98E-08
 3640   1.1441  3.54E-05 2.680E-03 1.448E-02 3.352E-09 7.288E-07 7.305E-02 1.702E-01 3.295E-01 5.893E-01 5.669E+04 2.781E+02 2.01E-08
 3660   1.1448  3.51E-05 2.660E-03 1.444E-02 3.373E-09 7.205E-07 7.277E-02 1.699E-01 3.315E-01 5.888E-01 5.651E+04 2.781E+02 2.02E-08
 3680   1.1455  3.48E-05 2.640E-03 1.440E-02 3.389E-09 7.115E-07 7.250E-02 1.697E-01 3.333E-01 5.895E-01 5.631E+04 2.780E+02 2.03E-08
 3700   1.1462  3.47E-05 2.620E-03 1.437E-02 3.424E-09 7.019E-07 7.223E-02 1.695E-01 3.352E-01 5.897E-01 5.611E+04 2.777E+02 2.05E-08
 3720   1.1469  3.47E-05 2.600E-03 1.433E-02 3.472E-09 6.917E-07 7.196E-02 1.693E-01 3.346E-01 5.914E-01 5.589E+04 2.765E+02 2.08E-08
 3740   1.1476  3.49E-05 2.581E-03 1.429E-02 3.514E-09 6.813E-07 7.169E-02 1.691E-01 3.300E-01 5.964E-01 5.567E+04 2.760E+02 2.11E-08
 3760   1.1483  3.51E-05 2.562E-03 1.425E-02 3.555E-09 6.710E-07 7.143E-02 1.688E-01 3.246E-01 6.050E-01 5.543E+04 2.758E+02 2.13E-08
 3780   1.1490  3.53E-05 2.543E-03 1.422E-02 3.587E-09 6.609E-07 7.116E-02 1.686E-01 3.219E-01 6.158E-01 5.518E+04 2.765E+02 2.15E-08
 3800   1.1497  3.54E-05 2.525E-03 1.418E-02 3.596E-09 6.515E-07 7.090E-02 1.684E-01 3.140E-01 6.239E-01 5.492E+04 2.775E+02 2.16E-08
 3820   1.1504  3.56E-05 2.505E-03 1.414E-02 3.597E-09 6.429E-07 7.062E-02 1.682E-01 3.023E-01 6.230E-01 5.466E+04 2.757E+02 2.16E-08
 3840   1.1511  3.57E-05 2.485E-03 1.410E-02 3.606E-09 6.353E-07 7.034E-02 1.679E-01 3.039E-01 6.208E-01 5.438E+04 2.726E+02 2.16E-08
 3860   1.1518  3.57E-05 2.466E-03 1.406E-02 3.615E-09 6.289E-07 7.007E-02 1.677E-01 3.036E-01 6.145E-01 5.410E+04 2.710E+02 2.17E-08
 3880   1.1526  3.57E-05 2.448E-03 1.402E-02 3.627E-09 6.238E-07 6.981E-02 1.675E-01 3.036E-01 6.077E-01 5.381E+04 2.709E+02 2.18E-08
 3900   1.1533  3.58E-05 2.430E-03 1.398E-02 3.651E-09 6.202E-07 6.956E-02 1.672E-01 3.051E-01 6.000E-01 5.351E+04 2.727E+02 2.19E-08
 3920   1.1540  3.60E-05 2.413E-03 1.394E-02 3.664E-09 6.182E-07 6.931E-02 1.670E-01 3.042E-01 5.928E-01 5.321E+04 2.739E+02 2.20E-08
 3940   1.1547  3.60E-05 2.395E-03 1.390E-02 3.650E-09 6.181E-07 6.906E-02 1.668E-01 3.073E-01 5.907E-01 5.290E+04 2.727E+02 2.19E-08
 3960   1.1554  3.60E-05 2.377E-03 1.386E-02 3.642E-09 6.197E-07 6.879E-02 1.665E-01 3.068E-01 5.880E-01 5.258E+04 2.712E+02 2.19E-08
 3980   1.1561  3.63E-05 2.359E-03 1.383E-02 3.648E-09 6.229E-07 6.853E-02 1.663E-01 3.005E-01 5.850E-01 5.225E+04 2.700E+02 2.19E-08
 4000   1.1569  3.65E-05 2.342E-03 1.379E-02 3.640E-09 6.279E-07 6.828E-02 1.661E-01 2.981E-01 5.839E-01 5.192E+04 2.694E+02 2.18E-08
 4020   1.1576  3.63E-05 2.325E-03 1.375E-02 3.607E-09 6.345E-07 6.803E-02 1.658E-01 2.961E-01 5.841E-01 5.158E+04 2.689E+02 2.16E-08
 4040   1.1583  3.62E-05 2.308E-03 1.371E-02 3.572E-09 6.421E-07 6.779E-02 1.656E-01 2.969E-01 5.878E-01 5.124E+04 2.692E+02 2.14E-08
 4060   1.1591  3.63E-05 2.292E-03 1.367E-02 3.542E-09 6.504E-07 6.755E-02 1.654E-01 2.976E-01 5.953E-01 5.090E+04 2.700E+02 2.13E-08
 4080   1.1598  3.64E-05 2.276E-03 1.363E-02 3.501E-09 6.590E-07 6.731E-02 1.651E-01 2.990E-01 6.020E-01 5.055E+04 2.710E+02 2.10E-08
 4100   1.1605  3.67E-05 2.259E-03 1.360E-02 3.435E-09 6.676E-07 6.706E-02 1.649E-01 2.976E-01 6.021E-01 5.020E+04 2.709E+02 2.06E-08
 4120   1.1612  3.68E-05 2.241E-03 1.356E-02 3.366E-09 6.756E-07 6.680E-02 1.647E-01 2.931E-01 5.993E-01 4.985E+04 2.687E+02 2.02E-08
 4140   1.1620  3.67E-05 2.223E-03 1.352E-02 3.342E-09 6.825E-07 6.653E-02 1.644E-01 2.946E-01 5.951E-01 4.949E+04 2.654E+02 2.01E-08
 4160   1.1627  3.66E-05 2.206E-03 1.348E-02 3.357E-09 6.880E-07 6.628E-02 1.642E-01 2.955E-01 5.896E-01 4.914E+04 2.636E+02 2.01E-08
 4180   1.1635  3.65E-05 2.191E-03 1.344E-02 3.359E-09 6.923E-07 6.605E-02 1.640E-01 2.946E-01 5.833E-01 4.879E+04 2.648E+02 2.02E-08
 4200   1.1642  3.65E-05 2.176E-03 1.341E-02 3.351E-09 6.956E-07 6.584E-02 1.638E-01 2.951E-01 5.775E-01 4.843E+04 2.668E+02 2.01E-08
 4220   1.1649  3.67E-05 2.161E-03 1.337E-02 3.393E-09 6.977E-07 6.562E-02 1.635E-01 2.954E-01 5.720E-01 4.808E+04 2.676E+02 2.04E-08
 4240   1.1656  3.69E-05 2.146E-03 1.333E-02 3.476E-09 6.991E-07 6.538E-02 1.633E-01 2.918E-01 5.731E-01 4.773E+04 2.670E+02 2.09E-08
 4260   1.1664  3.71E-05 2.130E-03 1.330E-02 3.518E-09 7.003E-07 6.514E-02 1.631E-01 2.881E-01 5.732E-01 4.737E+04 2.650E+02 2.11E-08
 4280   1.1671  3.74E-05 2.115E-03 1.326E-02 3.493E-09 7.017E-07 6.490E-02 1.628E-01 2.903E-01 5.703E-01 4.701E+04 2.634E+02 2.10E-08
 4300   1.1679  3.75E-05 2.100E-03 1.322E-02 3.463E-09 7.031E-07 6.467E-02 1.626E-01 2.948E-01 5.732E-01 4.665E+04 2.636E+02 2.08E-08
 4320   1.1686  3.76E-05 2.085E-03 1.318E-02 3.462E-09 7.041E-07 6.444E-02 1.624E-01 2.950E-01 5.773E-01 4.628E+04 2.652E+02 2.08E-08
 4340   1.1694  3.76E-05 2.070E-03 1.315E-02 3.456E-09 7.047E-07 6.421E-02 1.622E-01 2.900E-01 5.797E-01 4.592E+04 2.665E+02 2.07E-08
 4360   1.1701  3.77E-05 2.055E-03 1.311E-02 3.424E-09 7.050E-07 6.396E-02 1.619E-01 2.866E-01 5.794E-01 4.556E+04 2.647E+02 2.05E-08
 4380   1.1709  3.77E-05 2.038E-03 1.307E-02 3.396E-09 7.044E-07 6.371E-02 1.617E-01 2.771E-01 5.791E-01 4.520E+04 2.619E+02 2.04E-08
 4400   1.1716  3.78E-05 2.023E-03 1.304E-02 3.400E-09 7.029E-07 6.347E-02 1.615E-01 2.709E-01 5.780E-01 4.483E+04 2.597E+02 2.04E-08
 4420   1.1724  3.79E-05 2.008E-03 1.300E-02 3.435E-09 7.004E-07 6.324E-02 1.612E-01 2.764E-01 5.741E-01 4.447E+04 2.596E+02 2.06E-08
 4440   1.1732  3.80E-05 1.995E-03 1.296E-02 3.496E-09 6.972E-07 6.303E-02 1.610E-01 2.804E-01 5.723E-01 4.410E+04 2.613E+02 2.10E-08
 4460   1.1739  3.80E-05 1.982E-03 1.293E-02 3.561E-09 6.939E-07 6.282E-02 1.608E-01 2.789E-01 5.678E-01 4.373E+04 2.623E+02 2.14E-08
 4480   1.1747  3.81E-05 1.968E-03 1.289E-02 3.591E-09 6.911E-07 6.261E-02 1.606E-01 2.861E-01 5.638E-01 4.336E+04 2.614E+02 2.15E-08
 4500   1.1754  3.79E-05 1.955E-03 1.286E-02 3.592E-09 6.892E-07 6.240E-02 1.604E-01 2.907E-01 5.622E-01 4.300E+04 2.616E+02 2.16E-08
 4520   1.1762  3.78E-05 1.941E-03 1.283E-02 3.581E-09 6.884E-07 6.218E-02 1.602E-01 2.934E-01 5.640E-01 4.264E+04 2.624E+02 2.15E-08
 4540   1.1770  3.78E-05 1.927E-03 1.279E-02 3.558E-09 6.885E-07 6.195E-02 1.599E-01 2.942E-01 5.659E-01 4.228E+04 2.611E+02 2.14E-08
 4560   1.1777  3.79E-05 1.913E-03 1.276E-02 3.556E-09 6.895E-07 6.172E-02 1.597E-01 2.910E-01 5.710E-01 4.192E+04 2.602E+02 2.13E-08
 4580   1.1785  3.77E-05 1.898E-03 1.272E-02 3.564E-09 6.912E-07 6.148E-02 1.595E-01 2.869E-01 5.767E-01 4.156E+04 2.595E+02 2.14E-08
 4600   1.1792  3.76E-05 1.884E-03 1.269E-02 3.531E-09 6.938E-07 6.125E-02 1.593E-01 2.841E-01 5.779E-01 4.120E+04 2.581E+02 2.12E-08
 4620   1.1800  3.75E-05 1.870E-03 1.266E-02 3.476E-09 6.969E-07 6.103E-02 1.591E-01 2.831E-01 5.806E-01 4.085E+04 2.576E+02 2.09E-08
 4640   1.1807  3.75E-05 1.857E-03 1.262E-02 3.447E-09 7.001E-07 6.082E-02 1.589E-01 2.822E-01 5.793E-01 4.050E+04 2.583E+02 2.07E-08
 4660   1.1815  3.76E-05 1.845E-03 1.259E-02 3.422E-09 7.032E-07 6.061E-02 1.587E-01 2.812E-01 5.762E-01 4.015E+04 2.588E+02 2.05E-08
 4680   1.1822  3.78E-05 1.832E-03 1.256E-02 3.383E-09 7.058E-07 6.040E-02 1.585E-01 2.748E-01 5.741E-01 3.980E+04 2.576E+02 2.03E-08
 4700   1.1830  3.80E-05 1.819E-03 1.253E-02 3.377E-09 7.076E-07 6.019E-02 1.583E-01 2.657E-01 5.706E-01 3.945E+04 2.572E+02 2.03E-08
 4720   1.1838  3.82E-05 1.807E-03 1.249E-02 3.420E-09 7.084E-07 5.998E-02 1.581E-01 2.534E-01 5.690E-01 3.910E+04 2.570E+02 2.05E-08
 4740   1.1845  3.82E-05 1.795E-03 1.246E-02 3.442E-09 7.085E-07 5.978E-02 1.579E-01 2.471E-01 5.653E-01 3.875E+04 2.572E+02 2.07E-08
 4760   1.1853  3.81E-05 1.782E-03 1.243E-02 3.409E-09 7.080E-07 5.957E-02 1.577E-01 2.533E-01 5.574E-01 3.840E+04 2.569E+02 2.05E-08
 4780   1.1860  3.81E-05 1.770E-03 1.240E-02 3.403E-09 7.066E-07 5.936E-02 1.575E-01 2.518E-01 5.508E-01 3.806E+04 2.563E+02 2.04E-08
 4800   1.1868  3.80E-05 1.758E-03 1.236E-02 3.467E-09 7.043E-07 5.916E-02 1.573E-01 2.487E-01 5.447E-01 3.772E+04 2.548E+02 2.08E-08
 4820   1.1876  3.79E-05 1.746E-03 1.233E-02 3.516E-09 7.016E-07 5.897E-02 1.571E-01 2.492E-01 5.417E-01 3.738E+04 2.545E+02 2.11E-08
 4840   1.1883  3.78E-05 1.735E-03 1.230E-02 3.508E-09 6.989E-07 5.878E-02 1.569E-01 2.574E-01 5.416E-01 3.705E+04 2.549E+02 2.10E-08
 4860   1.1891  3.79E-05 1.725E-03 1.227E-02 3.493E-09 6.963E-07 5.861E-02 1.567E-01 2.636E-01 5.429E-01 3.672E+04 2.567E+02 2.10E-08
 4880   1.1898  3.80E-05 1.714E-03 1.224E-02 3.498E-09 6.936E-07 5.842E-02 1.565E-01 2.647E-01 5.418E-01 3.639E+04 2.572E+02 2.10E-08
 4900   1.1906  3.82E-05 1.702E-03 1.221E-02 3.519E-09 6.909E-07 5.822E-02 1.563E-01 2.661E-01 5.390E-01 3.607E+04 2.546E+02 2.11E-08
 4920   1.1914  3.85E-05 1.690E-03 1.218E-02 3.548E-09 6.881E-07 5.801E-02 1.561E-01 2.692E-01 5.345E-01 3.575E+04 2.525E+02 2.13E-08
 4940   1.1921  3.90E-05 1.679E-03 1.215E-02 3.557E-09 6.856E-07 5.782E-02 1.559E-01 2.730E-01 5.286E-01 3.543E+04 2.528E+02 2.13E-08
 4960   1.1929  3.90E-05 1.668E-03 1.212E-02 3.529E-09 6.832E-07 5.764E-02 1.557E-01 2.762E-01 5.181E-01 3.510E+04 2.545E+02 2.12E-08
 4980   1.1937  3.87E-05 1.658E-03 1.209E-02 3.511E-09 6.808E-07 5.746E-02 1.555E-01 2.746E-01 5.085E-01 3.479E+04 2.540E+02 2.11E-08
 5000   1.1945  3.86E-05 1.647E-03 1.206E-02 3.542E-09 6.781E-07 5.728E-02 1.553E-01 2.721E-01 5.005E-01 3.447E+04 2.525E+02 2.13E-08
 5020   1.1952  3.89E-05 1.637E-03 1.203E-02 3.600E-09 6.755E-07 5.710E-02 1.551E-01 2.666E-01 4.953E-01 3.416E+04 2.521E+02 2.16E-08
 5040   1.1960  3.92E-05 1.627E-03 1.200E-02 3.644E-09 6.736E-07 5.692E-02 1.549E-01 2.600E-01 4.905E-01 3.385E+04 2.518E+02 2.19E-08
 5060   1.1968  3.94E-05 1.617E-03 1.197E-02 3.650E-09 6.731E-07 5.675E-02 1.547E-01 2.567E-01 4.882E-01 3.354E+04 2.535E+02 2.19E-08
 5080   1.1976  3.93E-05 1.607E-03 1.194E-02 3.640E-09 6.741E-07 5.658E-02 1.545E-01 2.571E-01 4.894E-01 3.324E+04 2.546E+02 2.18E-08
 5100   1.1984  3.92E-05 1.596E-03 1.191E-02 3.635E-09 6.764E-07 5.638E-02 1.543E-01 2.611E-01 4.917E-01 3.294E+04 2.526E+02 2.18E-08
 5120   1.1992  3.91E-05 1.585E-03 1.188E-02 3.618E-09 6.800E-07 5.619E-02 1.541E-01 2.597E-01 4.944E-01 3.264E+04 2.499E+02 2.17E-08
 5140   1.1999  3.92E-05 1.575E-03 1.185E-02 3.588E-09 6.846E-07 5.600E-02 1.540E-01 2.514E-01 4.922E-01 3.234E+04 2.500E+02 2.15E-08
 5160   1.2007  3.93E-05 1.565E-03 1.182E-02 3.560E-09 6.898E-07 5.583E-02 1.538E-01 2.486E-01 4.925E-01 3.205E+04 2.519E+02 2.14E-08
 5180   1.2015  3.95E-05 1.555E-03 1.179E-02 3.512E-09 6.954E-07 5.565E-02 1.536E-01 2.507E-01 4.884E-01 3.175E+04 2.523E+02 2.11E-08
 5200   1.2023  3.95E-05 1.545E-03 1.177E-02 3.456E-09 7.007E-07 5.547E-02 1.534E-01 2.548E-01 4.860E-01 3.147E+04 2.506E+02 2.07E-08
 5220   1.2031  3.93E-05 1.535E-03 1.174E-02 3.449E-09 7.052E-07 5.529E-02 1.532E-01 2.588E-01 4.869E-01 3.118E+04 2.483E+02 2.07E-08
 5240   1.2039  3.90E-05 1.526E-03 1.171E-02 3.451E-09 7.090E-07 5.512E-02 1.530E-01 2.575E-01 4.910E-01 3.090E+04 2.492E+02 2.07E-08
 5260   1.2047  3.87E-05 1.517E-03 1.168E-02 3.408E-09 7.120E-07 5.497E-02 1.529E-01 2.520E-01 4.950E-01 3.062E+04 2.513E+02 2.04E-08
 5280   1.2054  3.86E-05 1.509E-03 1.166E-02 3.373E-09 7.139E-07 5.481E-02 1.527E-01 2.437E-01 4.954E-01 3.035E+04 2.520E+02 2.02E-08
 5300   1.2062  3.86E-05 1.499E-03 1.163E-02 3.391E-09 7.144E-07 5.465E-02 1.525E-01 2.361E-01 4.922E-01 3.009E+04 2.511E+02 2.03E-08
 5320   1.2070  3.91E-05 1.489E-03 1.160E-02 3.402E-09 7.136E-07 5.446E-02 1.523E-01 2.341E-01 4.891E-01 2.982E+04 2.497E+02 2.04E-08
 5340   1.2078  3.99E-05 1.479E-03 1.158E-02 3.379E-09 7.117E-07 5.428E-02 1.522E-01 2.341E-01 4.887E-01 2.956E+04 2.480E+02 2.03E-08
 5360   1.2086  4.01E-05 1.470E-03 1.155E-02 3.371E-09 7.083E-07 5.410E-02 1.520E-01 2.367E-01 4.892E-01 2.929E+04 2.466E+02 2.02E-08
 5380   1.2094  4.00E-05 1.461E-03 1.152E-02 3.388E-09 7.036E-07 5.394E-02 1.518E-01 2.420E-01 4.925E-01 2.903E+04 2.467E+02 2.03E-08
 5400   1.2102  3.99E-05 1.453E-03 1.150E-02 3.396E-09 6.975E-07 5.379E-02 1.516E-01 2.498E-01 4.960E-01 2.877E+04 2.487E+02 2.04E-08
 5420   1.2110  3.99E-05 1.445E-03 1.147E-02 3.394E-09 6.900E-07 5.365E-02 1.515E-01 2.530E-01 4.990E-01 2.851E+04 2.497E+02 2.04E-08
 5440   1.2118  3.97E-05 1.437E-03 1.144E-02 3.406E-09 6.809E-07 5.349E-02 1.513E-01 2.486E-01 4.991E-01 2.825E+04 2.494E+02 2.04E-08
 5460   1.2126  3.96E-05 1.428E-03 1.142E-02 3.440E-09 6.702E-07 5.332E-02 1.511E-01 2.382E-01 4.971E-01 2.801E+04 2.480E+02 2.06E-08
 5480   1.2134  3.96E-05 1.419E-03 1.139E-02 3.468E-09 6.582E-07 5.315E-02 1.510E-01 2.369E-01 4.923E-01 2.776E+04 2.457E+02 2.08E-08
 5500   1.2141  3.97E-05 1.410E-03 1.137E-02 3.484E-09 6.452E-07 5.299E-02 1.508E-01 2.459E-01 4.962E-01 2.752E+04 2.458E+02 2.09E-08
 5520   1.2149  3.95E-05 1.403E-03 1.134E-02 3.536E-09 6.313E-07 5.284E-02 1.506E-01 2.518E-01 4.967E-01 2.729E+04 2.481E+02 2.12E-08
 5540   1.2157  3.89E-05 1.394E-03 1.132E-02 3.625E-09 6.173E-07 5.269E-02 1.504E-01 2.512E-01 4.933E-01 2.705E+04 2.483E+02 2.18E-08
 5560   1.2165  3.86E-05 1.386E-03 1.129E-02 3.697E-09 6.043E-07 5.252E-02 1.503E-01 2.493E-01 4.886E-01 2.683E+04 2.468E+02 2.22E-08
 5580   1.2173  3.84E-05 1.377E-03 1.127E-02 3.727E-09 5.931E-07 5.236E-02 1.501E-01 2.531E-01 4.841E-01 2.660E+04 2.454E+02 2.24E-08
 5600   1.2180  3.82E-05 1.369E-03 1.124E-02 3.736E-09 5.842E-07 5.220E-02 1.500E-01 2.581E-01 4.818E-01 2.638E+04 2.437E+02 2.24E-08
 5620   1.2188  3.83E-05 1.361E-03 1.122E-02 3.768E-09 5.780E-07 5.205E-02 1.498E-01 2.580E-01 4.805E-01 2.617E+04 2.440E+02 2.26E-08
 5640   1.2196  3.84E-05 1.355E-03 1.120E-02 3.828E-09 5.749E-07 5.193E-02 1.497E-01 2.544E-01 4.798E-01 2.595E+04 2.456E+02 2.30E-08
 5660   1.2203  3.88E-05 1.348E-03 1.118E-02 3.847E-09 5.758E-07 5.180E-02 1.495E-01 2.469E-01 4.792E-01 2.574E+04 2.463E+02 2.31E-08
 5680   1.2211  3.94E-05 1.341E-03 1.115E-02 3.766E-09 5.811E-07 5.167E-02 1.494E-01 2.347E-01 4.818E-01 2.553E+04 2.468E+02 2.26E-08
 5700   1.2219  4.00E-05 1.333E-03 1.113E-02 3.687E-09 5.898E-07 5.152E-02 1.492E-01 2.241E-01 4.868E-01 2.532E+04 2.466E+02 2.21E-08
 5720   1.2227  4.06E-05 1.325E-03 1.111E-02 3.701E-09 6.011E-07 5.135E-02 1.490E-01 2.293E-01 4.937E-01 2.510E+04 2.444E+02 2.22E-08
 5740   1.2235  4.04E-05 1.316E-03 1.108E-02 3.699E-09 6.147E-07 5.119E-02 1.489E-01 2.310E-01 4.930E-01 2.489E+04 2.425E+02 2.22E-08
 5760   1.2243  4.03E-05 1.309E-03 1.106E-02 3.613E-09 6.302E-07 5.104E-02 1.487E-01 2.279E-01 4.898E-01 2.469E+04 2.433E+02 2.17E-08
 5780   1.2251  4.00E-05 1.302E-03 1.103E-02 3.537E-09 6.463E-07 5.091E-02 1.486E-01 2.294E-01 4.896E-01 2.448E+04 2.446E+02 2.12E-08
 5800   1.2259  3.99E-05 1.295E-03 1.101E-02 3.501E-09 6.622E-07 5.077E-02 1.484E-01 2.282E-01 4.895E-01 2.428E+04 2.443E+02 2.10E-08
 5820   1.2267  3.98E-05 1.288E-03 1.099E-02 3.472E-09 6.773E-07 5.063E-02 1.482E-01 2.271E-01 4.887E-01 2.408E+04 2.442E+02 2.08E-08
 5840   1.2275  3.98E-05 1.280E-03 1.097E-02 3.451E-09 6.916E-07 5.049E-02 1.481E-01 2.332E-01 4.852E-01 2.389E+04 2.436E+02 2.07E-08
 5860   1.2283  3.97E-05 1.273E-03 1.094E-02 3.408E-09 7.047E-07 5.035E-02 1.479E-01 2.348E-01 4.792E-01 2.369E+04 2.429E+02 2.04E-08
 5880   1.2291  3.98E-05 1.267E-03 1.092E-02 3.338E-09 7.163E-07 5.022E-02 1.478E-01 2.322E-01 4.746E-01 2.350E+04 2.429E+02 2.00E-08
 5900   1.2299  3.99E-05 1.260E-03 1.090E-02 3.313E-09 7.259E-07 5.009E-02 1.476E-01 2.310E-01 4.725E-01 2.332E+04 2.437E+02 1.99E-08
 5920   1.2307  4.01E-05 1.253E-03 1.088E-02 3.336E-09 7.332E-07 4.995E-02 1.475E-01 2.296E-01 4.796E-01 2.313E+04 2.426E+02 2.00E-08
 5940   1.2315  4.02E-05 1.247E-03 1.085E-02 3.335E-09 7.384E-07 4.982E-02 1.473E-01 2.274E-01 4.838E-01 2.294E+04 2.411E+02 2.00E-08
 5960   1.2323  4.02E-05 1.241E-03 1.083E-02 3.337E-09 7.414E-07 4.970E-02 1.472E-01 2.254E-01 4.805E-01 2.276E+04 2.420E+02 2.00E-08
 5980   1.2331  4.05E-05 1.235E-03 1.081E-02 3.386E-09 7.423E-07 4.958E-02 1.470E-01 2.298E-01 4.763E-01 2.257E+04 2.438E+02 2.03E-08
 6000   1.2339  4.04E-05 1.228E-03 1.079E-02 3.426E-09 7.415E-07 4.945E-02 1.469E-01 2.319E-01 4.762E-01 2.239E+04 2.437E+02 2.06E-08
 6020   1.2348  4.04E-05 1.221E-03 1.077E-02 3.429E-09 7.394E-07 4.930E-02 1.467E-01 2.272E-01 4.757E-01 2.221E+04 2.420E+02 2.06E-08
 6040   1.2356  4.04E-05 1.213E-03 1.075E-02 3.432E-09 7.360E-07 4.915E-02 1.466E-01 2.283E-01 4.750E-01 2.203E+04 2.397E+02 2.06E-08
 6060   1.2364  3.99E-05 1.207E-03 1.073E-02 3.458E-09 7.313E-07 4.901E-02 1.465E-01 2.291E-01 4.720E-01 2.186E+04 2.392E+02 2.08E-08
 6080   1.2372  3.95E-05 1.201E-03 1.070E-02 3.518E-09 7.256E-07 4.890E-02 1.463E-01 2.330E-01 4.680E-01 2.169E+04 2.407E+02 2.11E-08
 6100   1.2380  3.93E-05 1.196E-03 1.068E-02 3.597E-09 7.193E-07 4.880E-02 1.462E-01 2.364E-01 4.647E-01 2.152E+04 2.418E+02 2.16E-08
 6120   1.2387  3.93E-05 1.191E-03 1.066E-02 3.658E-09 7.133E-07 4.869E-02 1.460E-01 2.332E-01 4.642E-01 2.136E+04 2.427E+02 2.19E-08
 6140   1.2395  3.96E-05 1.185E-03 1.064E-02 3.687E-09 7.081E-07 4.856E-02 1.459E-01 2.313E-01 4.662E-01 2.120E+04 2.429E+02 2.21E-08
 6160   1.2403  3.95E-05 1.178E-03 1.062E-02 3.692E-09 7.040E-07 4.842E-02 1.458E-01 2.294E-01 4.677E-01 2.104E+04 2.397E+02 2.22E-08
 6180   1.2411  3.96E-05 1.171E-03 1.060E-02 3.693E-09 7.012E-07 4.829E-02 1.456E-01 2.376E-01 4.658E-01 2.088E+04 2.381E+02 2.22E-08
 6200   1.2419  3.95E-05 1.166E-03 1.058E-02 3.722E-09 6.997E-07 4.818E-02 1.455E-01 2.433E-01 4.607E-01 2.072E+04 2.395E+02 2.23E-08
 6220   1.2427  3.93E-05 1.160E-03 1.056E-02 3.750E-09 6.999E-07 4.807E-02 1.453E-01 2.430E-01 4.575E-01 2.057E+04 2.405E+02 2.25E-08
 6240   1.2435  3.91E-05 1.155E-03 1.054E-02 3.717E-09 7.020E-07 4.796E-02 1.452E-01 2.403E-01 4.554E-01 2.042E+04 2.406E+02 2.23E-08
 6260   1.2442  3.90E-05 1.150E-03 1.052E-02 3.646E-09 7.057E-07 4.784E-02 1.451E-01 2.378E-01 4.532E-01 2.027E+04 2.407E+02 2.19E-08
 6280   1.2450  3.90E-05 1.144E-03 1.050E-02 3.589E-09 7.102E-07 4.772E-02 1.449E-01 2.361E-01 4.524E-01 2.013E+04 2.393E+02 2.15E-08
 6300   1.2458  3.89E-05 1.138E-03 1.048E-02 3.557E-09 7.149E-07 4.759E-02 1.448E-01 2.355E-01 4.530E-01 1.999E+04 2.384E+02 2.13E-08
 6320   1.2466  3.89E-05 1.133E-03 1.047E-02 3.546E-09 7.196E-07 4.748E-02 1.447E-01 2.375E-01 4.558E-01 1.985E+04 2.372E+02 2.13E-08
 6340   1.2474  3.89E-05 1.128E-03 1.045E-02 3.551E-09 7.240E-07 4.738E-02 1.445E-01 2.408E-01 4.564E-01 1.971E+04 2.375E+02 2.13E-08
 6360   1.2481  3.88E-05 1.124E-03 1.043E-02 3.546E-09 7.282E-07 4.729E-02 1.444E-01 2.475E-01 4.542E-01 1.958E+04 2.394E+02 2.13E-08
 6380   1.2489  3.88E-05 1.119E-03 1.041E-02 3.526E-09 7.321E-07 4.720E-02 1.443E-01 2.511E-01 4.504E-01 1.944E+04 2.402E+02 2.12E-08
 6400   1.2497  3.89E-05 1.114E-03 1.039E-02 3.526E-09 7.355E-07 4.709E-02 1.441E-01 2.537E-01 4.488E-01 1.931E+04 2.400E+02 2.12E-08
 6420   1.2505  3.87E-05 1.108E-03 1.037E-02 3.535E-09 7.384E-07 4.696E-02 1.440E-01 2.555E-01 4.479E-01 1.918E+04 2.376E+02 2.12E-08
 6440   1.2512  3.87E-05 1.102E-03 1.035E-02 3.512E-09 7.407E-07 4.684E-02 1.439E-01 2.575E-01 4.466E-01 1.905E+04 2.355E+02 2.11E-08
 6460   1.2520  3.85E-05 1.097E-03 1.033E-02 3.467E-09 7.423E-07 4.674E-02 1.437E-01 2.625E-01 4.482E-01 1.892E+04 2.361E+02 2.08E-08
 6480   1.2528  3.82E-05 1.093E-03 1.031E-02 3.443E-09 7.428E-07 4.664E-02 1.436E-01 2.677E-01 4.482E-01 1.880E+04 2.378E+02 2.07E-08
 6500   1.2535  3.83E-05 1.088E-03 1.030E-02 3.456E-09 7.420E-07 4.655E-02 1.435E-01 2.723E-01 4.484E-01 1.867E+04 2.383E+02 2.07E-08
 6520   1.2543  3.84E-05 1.083E-03 1.028E-02 3.487E-09 7.401E-07 4.644E-02 1.434E-01 2.731E-01 4.468E-01 1.855E+04 2.368E+02 2.09E-08
 6540   1.2551  3.85E-05 1.078E-03 1.026E-02 3.495E-09 7.373E-07 4.633E-02 1.432E-01 2.709E-01 4.438E-01 1.843E+04 2.350E+02 2.10E-08
 6560   1.2559  3.86E-05 1.074E-03 1.024E-02 3.493E-09 7.336E-07 4.623E-02 1.431E-01 2.642E-01 4.397E-01 1.831E+04 2.349E+02 2.10E-08
 6580   1.2566  3.89E-05 1.070E-03 1.022E-02 3.515E-09 7.291E-07 4.615E-02 1.430E-01 2.531E-01 4.386E-01 1.819E+04 2.364E+02 2.11E-08
 6600   1.2574  3.92E-05 1.066E-03 1.021E-02 3.536E-09 7.236E-07 4.606E-02 1.429E-01 2.459E-01 4.361E-01 1.808E+04 2.380E+02 2.12E-08
 6620   1.2582  3.93E-05 1.061E-03 1.019E-02 3.553E-09 7.175E-07 4.596E-02 1.427E-01 2.501E-01 4.342E-01 1.796E+04 2.374E+02 2.13E-08
 6640   1.2590  3.91E-05 1.056E-03 1.017E-02 3.599E-09 7.110E-07 4.585E-02 1.426E-01 2.594E-01 4.354E-01 1.784E+04 2.359E+02 2.16E-08
 6660   1.2598  3.88E-05 1.051E-03 1.015E-02 3.650E-09 7.046E-07 4.573E-02 1.425E-01 2.664E-01 4.374E-01 1.773E+04 2.344E+02 2.19E-08
 6680   1.2605  3.85E-05 1.046E-03 1.013E-02 3.652E-09 6.989E-07 4.563E-02 1.424E-01 2.683E-01 4.345E-01 1.761E+04 2.350E+02 2.19E-08
 6700   1.2613  3.83E-05 1.042E-03 1.012E-02 3.619E-09 6.939E-07 4.553E-02 1.423E-01 2.717E-01 4.287E-01 1.750E+04 2.352E+02 2.17E-08
 6720   1.2621  3.83E-05 1.038E-03 1.010E-02 3.611E-09 6.895E-07 4.544E-02 1.421E-01 2.729E-01 4.242E-01 1.739E+04 2.338E+02 2.17E-08
 6740   1.2628  3.83E-05 1.034E-03 1.008E-02 3.644E-09 6.855E-07 4.535E-02 1.420E-01 2.691E-01 4.219E-01 1.729E+04 2.343E+02 2.19E-08
 6760   1.2636  3.85E-05 1.030E-03 1.007E-02 3.675E-09 6.823E-07 4.527E-02 1.419E-01 2.630E-01 4.317E-01 1.718E+04 2.362E+02 2.20E-08
 6780   1.2644  3.90E-05 1.026E-03 1.005E-02 3.657E-09 6.802E-07 4.519E-02 1.418E-01 2.527E-01 4.348E-01 1.708E+04 2.361E+02 2.19E-08
 6800   1.2652  3.89E-05 1.022E-03 1.003E-02 3.616E-09 6.790E-07 4.509E-02 1.417E-01 2.520E-01 4.344E-01 1.697E+04 2.341E+02 2.17E-08
 6820   1.2659  3.89E-05 1.017E-03 1.002E-02 3.605E-09 6.783E-07 4.499E-02 1.415E-01 2.533E-01 4.299E-01 1.687E+04 2.336E+02 2.16E-08
 6840   1.2667  3.89E-05 1.013E-03 1.000E-02 3.607E-09 6.780E-07 4.490E-02 1.414E-01 2.544E-01 4.254E-01 1.677E+04 2.339E+02 2.16E-08
 6860   1.2675  3.90E-05 1.009E-03 9.983E-03 3.570E-09 6.781E-07 4.481E-02 1.413E-01 2.592E-01 4.226E-01 1.667E+04 2.344E+02 2.14E-08
 6880   1.2683  3.91E-05 1.005E-03 9.967E-03 3.518E-09 6.783E-07 4.471E-02 1.412E-01 2.651E-01 4.233E-01 1.657E+04 2.349E+02 2.11E-08
 6900   1.2691  3.91E-05 1.000E-03 9.950E-03 3.514E-09 6.781E-07 4.461E-02 1.411E-01 2.643E-01 4.251E-01 1.647E+04 2.346E+02 2.11E-08
 6920   1.2698  3.90E-05 9.951E-04 9.934E-03 3.522E-09 6.776E-07 4.450E-02 1.410E-01 2.584E-01 4.275E-01 1.637E+04 2.331E+02 2.11E-08
 6940   1.2706  3.90E-05 9.904E-04 9.918E-03 3.496E-09 6.769E-07 4.440E-02 1.408E-01 2.549E-01 4.329E-01 1.628E+04 2.317E+02 2.10E-08
 6960   1.2714  3.90E-05 9.864E-04 9.901E-03 3.471E-09 6.756E-07 4.431E-02 1.407E-01 2.541E-01 4.371E-01 1.618E+04 2.320E+02 2.08E-08
 6980   1.2722  3.91E-05 9.829E-04 9.885E-03 3.463E-09 6.737E-07 4.423E-02 1.406E-01 2.506E-01 4.388E-01 1.609E+04 2.335E+02 2.08E-08
 7000   1.2730  3.94E-05 9.791E-04 9.869E-03 3.426E-09 6.708E-07 4.414E-02 1.405E-01 2.467E-01 4.388E-01 1.599E+04 2.347E+02 2.06E-08
 7020   1.2737  3.93E-05 9.746E-04 9.852E-03 3.385E-09 6.666E-07 4.404E-02 1.404E-01 2.384E-01 4.388E-01 1.590E+04 2.333E+02 2.03E-08
 7040   1.2745  3.93E-05 9.698E-04 9.836E-03 3.422E-09 6.608E-07 4.393E-02 1.403E-01 2.381E-01 4.357E-01 1.581E+04 2.314E+02 2.05E-08
 7060   1.2753  3.95E-05 9.654E-04 9.820E-03 3.485E-09 6.538E-07 4.383E-02 1.401E-01 2.345E-01 4.317E-01 1.572E+04 2.316E+02 2.09E-08
 7080   1.2761  3.98E-05 9.612E-04 9.804E-03 3.471E-09 6.460E-07 4.373E-02 1.400E-01 2.288E-01 4.278E-01 1.563E+04 2.325E+02 2.08E-08
 7100   1.2769  4.01E-05 9.569E-04 9.787E-03 3.439E-09 6.374E-07 4.364E-02 1.399E-01 2.293E-01 4.230E-01 1.553E+04 2.323E+02 2.06E-08
 7120   1.2777  4.04E-05 9.525E-04 9.771E-03 3.477E-09 6.276E-07 4.354E-02 1.398E-01 2.359E-01 4.179E-01 1.544E+04 2.319E+02 2.09E-08
 7140   1.2785  4.04E-05 9.480E-04 9.755E-03 3.529E-09 6.169E-07 4.344E-02 1.397E-01 2.360E-01 4.149E-01 1.535E+04 2.311E+02 2.12E-08
 7160   1.2793  4.05E-05 9.438E-04 9.739E-03 3.555E-09 6.060E-07 4.334E-02 1.396E-01 2.313E-01 4.148E-01 1.526E+04 2.314E+02 2.13E-08
 7180   1.2801  4.03E-05 9.396E-04 9.723E-03 3.604E-09 5.954E-07 4.324E-02 1.394E-01 2.281E-01 4.151E-01 1.517E+04 2.308E+02 2.16E-08
 7200   1.2809  4.02E-05 9.356E-04 9.707E-03 3.676E-09 5.858E-07 4.315E-02 1.393E-01 2.282E-01 4.126E-01 1.508E+04 2.303E+02 2.21E-08
 7220   1.2818  4.04E-05 9.321E-04 9.692E-03 3.725E-09 5.783E-07 4.307E-02 1.392E-01 2.320E-01 4.124E-01 1.499E+04 2.299E+02 2.23E-08
 7240   1.2826  4.02E-05 9.290E-04 9.677E-03 3.710E-09 5.735E-07 4.300E-02 1.391E-01 2.307E-01 4.120E-01 1.490E+04 2.308E+02 2.23E-08
 7260   1.2834  4.01E-05 9.259E-04 9.662E-03 3.650E-09 5.714E-07 4.293E-02 1.390E-01 2.225E-01 4.104E-01 1.481E+04 2.325E+02 2.19E-08
 7280   1.2842  4.00E-05 9.222E-04 9.647E-03 3.661E-09 5.711E-07 4.284E-02 1.389E-01 2.185E-01 4.104E-01 1.472E+04 2.318E+02 2.20E-08
 7300   1.2850  4.01E-05 9.179E-04 9.632E-03 3.748E-09 5.728E-07 4.274E-02 1.388E-01 2.218E-01 4.127E-01 1.464E+04 2.300E+02 2.25E-08
 7320   1.2858  4.00E-05 9.137E-04 9.617E-03 3.761E-09 5.774E-07 4.264E-02 1.387E-01 2.254E-01 4.146E-01 1.455E+04 2.285E+02 2.26E-08
 7340   1.2866  4.02E-05 9.102E-04 9.601E-03 3.703E-09 5.850E-07 4.256E-02 1.386E-01 2.259E-01 4.137E-01 1.447E+04 2.289E+02 2.22E-08
 7360   1.2874  4.07E-05 9.070E-04 9.586E-03 3.688E-09 5.951E-07 4.249E-02 1.385E-01 2.259E-01 4.093E-01 1.439E+04 2.314E+02 2.21E-08
 7380   1.2882  4.09E-05 9.032E-04 9.571E-03 3.681E-09 6.074E-07 4.240E-02 1.384E-01 2.224E-01 4.067E-01 1.430E+04 2.315E+02 2.21E-08
 7400   1.2890  4.09E-05 8.985E-04 9.555E-03 3.640E-09 6.215E-07 4.229E-02 1.382E-01 2.189E-01 4.062E-01 1.422E+04 2.292E+02 2.18E-08
 7420   1.2898  4.08E-05 8.939E-04 9.540E-03 3.630E-09 6.369E-07 4.218E-02 1.381E-01 2.157E-01 4.076E-01 1.414E+04 2.279E+02 2.18E-08
 7440   1.2906  4.09E-05 8.900E-04 9.526E-03 3.643E-09 6.531E-07 4.209E-02 1.380E-01 2.134E-01 4.061E-01 1.405E+04 2.274E+02 2.19E-08
 7460   1.2915  4.10E-05 8.868E-04 9.511E-03 3.621E-09 6.703E-07 4.201E-02 1.379E-01 2.079E-01 4.000E-01 1.397E+04 2.287E+02 2.17E-08
 7480   1.2923  4.09E-05 8.839E-04 9.496E-03 3.570E-09 6.881E-07 4.194E-02 1.378E-01 2.115E-01 3.953E-01 1.389E+04 2.294E+02 2.14E-08
 7500   1.2931  4.08E-05 8.807E-04 9.481E-03 3.511E-09 7.055E-07 4.187E-02 1.377E-01 2.162E-01 3.950E-01 1.381E+04 2.291E+02 2.11E-08
 7520   1.2939  4.07E-05 8.774E-04 9.466E-03 3.460E-09 7.219E-07 4.179E-02 1.376E-01 2.175E-01 3.951E-01 1.373E+04 2.291E+02 2.08E-08
 7540   1.2947  4.05E-05 8.739E-04 9.451E-03 3.427E-09 7.367E-07 4.170E-02 1.375E-01 2.109E-01 3.976E-01 1.365E+04 2.285E+02 2.06E-08
 7560   1.2955  4.04E-05 8.703E-04 9.437E-03 3.387E-09 7.494E-07 4.162E-02 1.374E-01 2.110E-01 4.015E-01 1.358E+04 2.285E+02 2.03E-08
 7580   1.2963  4.05E-05 8.667E-04 9.422E-03 3.354E-09 7.598E-07 4.153E-02 1.373E-01 2.069E-01 4.034E-01 1.350E+04 2.284E+02 2.01E-08
 7600   1.2972  4.09E-05 8.630E-04 9.408E-03 3.354E-09 7.675E-07 4.144E-02 1.372E-01 2.083E-01 4.040E-01 1.343E+04 2.274E+02 2.01E-08
 7620   1.2980  4.11E-05 8.595E-04 9.393E-03 3.342E-09 7.727E-07 4.136E-02 1.371E-01 2.062E-01 4.042E-01 1.335E+04 2.268E+02 2.01E-08
 7640   1.2988  4.13E-05 8.565E-04 9.379E-03 3.325E-09 7.751E-07 4.129E-02 1.370E-01 2.104E-01 4.048E-01 1.328E+04 2.270E+02 1.99E-08
 7660   1.2996  4.15E-05 8.538E-04 9.364E-03 3.368E-09 7.747E-07 4.122E-02 1.368E-01 2.128E-01 4.043E-01 1.320E+04 2.293E+02 2.02E-08
 7680   1.3005  4.13E-05 8.503E-04 9.349E-03 3.433E-09 7.718E-07 4.113E-02 1.367E-01 2.143E-01 4.035E-01 1.313E+04 2.289E+02 2.06E-08
 7700   1.3013  4.11E-05 8.462E-04 9.335E-03 3.455E-09 7.672E-07 4.103E-02 1.366E-01 2.163E-01 4.024E-01 1.306E+04 2.262E+02 2.07E-08
 7720   1.3021  4.09E-05 8.425E-04 9.321E-03 3.463E-09 7.609E-07 4.094E-02 1.365E-01 2.158E-01 4.005E-01 1.299E+04 2.246E+02 2.08E-08
 7740   1.3029  4.08E-05 8.399E-04 9.306E-03 3.509E-09 7.532E-07 4.088E-02 1.364E-01 2.113E-01 4.002E-01 1.292E+04 2.255E+02 2.11E-08
 7760   1.3037  4.07E-05 8.379E-04 9.292E-03 3.564E-09 7.443E-07 4.083E-02 1.363E-01 2.078E-01 4.011E-01 1.285E+04 2.280E+02 2.14E-08
 7780   1.3045  4.07E-05 8.352E-04 9.278E-03 3.581E-09 7.349E-07 4.076E-02 1.362E-01 2.062E-01 4.036E-01 1.278E+04 2.290E+02 2.15E-08
 7800   1.3054  4.07E-05 8.316E-04 9.264E-03 3.603E-09 7.250E-07 4.067E-02 1.361E-01 2.062E-01 4.083E-01 1.271E+04 2.260E+02 2.16E-08
 7820   1.3062  4.07E-05 8.281E-04 9.249E-03 3.663E-09 7.150E-07 4.059E-02 1.360E-01 2.082E-01 4.122E-01 1.264E+04 2.245E+02 2.20E-08
 7840   1.3070  4.08E-05 8.253E-04 9.235E-03 3.707E-09 7.054E-07 4.052E-02 1.359E-01 2.048E-01 4.140E-01 1.257E+04 2.247E+02 2.22E-08
 7860   1.3078  4.11E-05 8.230E-04 9.220E-03 3.729E-09 6.968E-07 4.046E-02 1.358E-01 1.995E-01 4.161E-01 1.251E+04 2.260E+02 2.24E-08
 7880   1.3086  4.15E-05 8.206E-04 9.206E-03 3.771E-09 6.895E-07 4.040E-02 1.357E-01 2.003E-01 4.186E-01 1.244E+04 2.268E+02 2.26E-08
 7900   1.3095  4.12E-05 8.176E-04 9.192E-03 3.791E-09 6.840E-07 4.033E-02 1.356E-01 1.981E-01 4.146E-01 1.237E+04 2.263E+02 2.27E-08
 7920   1.3103  4.08E-05 8.144E-04 9.178E-03 3.754E-09 6.806E-07 4.025E-02 1.355E-01 1.987E-01 4.110E-01 1.231E+04 2.252E+02 2.25E-08
 7940   1.3111  4.07E-05 8.112E-04 9.164E-03 3.740E-09 6.789E-07 4.017E-02 1.354E-01 1.959E-01 4.091E-01 1.224E+04 2.245E+02 2.24E-08
 7960   1.3119  4.08E-05 8.082E-04 9.150E-03 3.766E-09 6.788E-07 4.010E-02 1.353E-01 1.957E-01 4.071E-01 1.218E+04 2.239E+02 2.26E-08
 7980   1.3127  4.09E-05 8.057E-04 9.137E-03 3.734E-09 6.806E-07 4.003E-02 1.352E-01 1.968E-01 4.054E-01 1.211E+04 2.241E+02 2.24E-08
 8000   1.3135  4.11E-05 8.034E-04 9.123E-03 3.649E-09 6.839E-07 3.998E-02 1.351E-01 1.955E-01 4.027E-01 1.205E+04 2.240E+02 2.19E-08
 8020   1.3144  4.14E-05 8.014E-04 9.109E-03 3.617E-09 6.878E-07 3.993E-02 1.350E-01 1.972E-01 4.011E-01 1.199E+04 2.251E+02 2.17E-08
 8040   1.3152  4.16E-05 7.990E-04 9.095E-03 3.614E-09 6.921E-07 3.987E-02 1.349E-01 1.980E-01 4.019E-01 1.192E+04 2.256E+02 2.17E-08
 8060   1.3160  4.17E-05 7.959E-04 9.081E-03 3.574E-09 6.965E-07 3.979E-02 1.348E-01 1.982E-01 4.039E-01 1.186E+04 2.255E+02 2.14E-08
 8080   1.3169  4.16E-05 7.921E-04 9.067E-03 3.521E-09 7.008E-07 3.970E-02 1.347E-01 1.984E-01 4.016E-01 1.180E+04 2.241E+02 2.11E-08
 8100   1.3177  4.12E-05 7.882E-04 9.054E-03 3.479E-09 7.042E-07 3.960E-02 1.346E-01 2.008E-01 3.998E-01 1.174E+04 2.220E+02 2.09E-08
 8120   1.3185  4.10E-05 7.850E-04 9.040E-03 3.457E-09 7.064E-07 3.952E-02 1.345E-01 2.056E-01 4.001E-01 1.168E+04 2.216E+02 2.07E-08
 8140   1.3193  4.09E-05 7.825E-04 9.026E-03 3.444E-09 7.074E-07 3.945E-02 1.344E-01 2.083E-01 4.009E-01 1.162E+04 2.228E+02 2.07E-08
 8160   1.3202  4.10E-05 7.804E-04 9.013E-03 3.405E-09 7.070E-07 3.940E-02 1.343E-01 2.071E-01 3.997E-01 1.156E+04 2.229E+02 2.04E-08
 8180   1.3210  4.10E-05 7.783E-04 8.999E-03 3.365E-09 7.051E-07 3.934E-02 1.342E-01 2.026E-01 3.987E-01 1.150E+04 2.225E+02 2.02E-08
 8200   1.3218  4.10E-05 7.763E-04 8.986E-03 3.393E-09 7.013E-07 3.929E-02 1.341E-01 1.999E-01 4.006E-01 1.144E+04 2.229E+02 2.04E-08
 8220   1.3226  4.11E-05 7.743E-04 8.973E-03 3.445E-09 6.961E-07 3.924E-02 1.340E-01 1.962E-01 4.046E-01 1.138E+04 2.224E+02 2.07E-08
 8240   1.3234  4.12E-05 7.724E-04 8.959E-03 3.456E-09 6.897E-07 3.919E-02 1.339E-01 2.032E-01 4.054E-01 1.132E+04 2.229E+02 2.07E-08
 8260   1.3243  4.11E-05 7.702E-04 8.946E-03 3.480E-09 6.824E-07 3.914E-02 1.338E-01 2.066E-01 4.057E-01 1.127E+04 2.241E+02 2.09E-08
 8280   1.3251  4.12E-05 7.672E-04 8.933E-03 3.521E-09 6.744E-07 3.907E-02 1.337E-01 2.079E-01 4.020E-01 1.121E+04 2.231E+02 2.11E-08
 8300   1.3259  4.11E-05 7.638E-04 8.920E-03 3.534E-09 6.659E-07 3.898E-02 1.336E-01 2.032E-01 3.974E-01 1.115E+04 2.207E+02 2.12E-08
 8320   1.3267  4.10E-05 7.609E-04 8.907E-03 3.558E-09 6.571E-07 3.890E-02 1.335E-01 1.970E-01 3.934E-01 1.110E+04 2.198E+02 2.14E-08
 8340   1.3276  4.10E-05 7.588E-04 8.894E-03 3.618E-09 6.485E-07 3.885E-02 1.334E-01 1.934E-01 3.901E-01 1.104E+04 2.202E+02 2.17E-08
 8360   1.3284  4.09E-05 7.573E-04 8.881E-03 3.653E-09 6.406E-07 3.881E-02 1.333E-01 1.923E-01 3.881E-01 1.099E+04 2.213E+02 2.19E-08
 8380   1.3292  4.11E-05 7.559E-04 8.869E-03 3.650E-09 6.342E-07 3.877E-02 1.332E-01 1.903E-01 3.858E-01 1.093E+04 2.224E+02 2.19E-08
 8400   1.3300  4.13E-05 7.540E-04 8.856E-03 3.651E-09 6.292E-07 3.872E-02 1.331E-01 1.895E-01 3.866E-01 1.088E+04 2.225E+02 2.19E-08
 8420   1.3308  4.14E-05 7.517E-04 8.843E-03 3.670E-09 6.258E-07 3.866E-02 1.330E-01 1.915E-01 3.920E-01 1.083E+04 2.212E+02 2.20E-08
 8440   1.3317  4.14E-05 7.492E-04 8.830E-03 3.675E-09 6.242E-07 3.860E-02 1.329E-01 1.971E-01 3.961E-01 1.077E+04 2.201E+02 2.20E-08
 8460   1.3325  4.11E-05 7.473E-04 8.817E-03 3.664E-09 6.246E-07 3.855E-02 1.328E-01 1.987E-01 3.962E-01 1.072E+04 2.197E+02 2.20E-08
 8480   1.3333  4.08E-05 7.457E-04 8.805E-03 3.679E-09 6.266E-07 3.851E-02 1.327E-01 2.021E-01 3.950E-01 1.067E+04 2.201E+02 2.21E-08
 8500   1.3341  4.08E-05 7.444E-04 8.792E-03 3.701E-09 6.302E-07 3.848E-02 1.326E-01 2.065E-01 3.908E-01 1.062E+04 2.216E+02 2.22E-08
 8520   1.3349  4.08E-05 7.424E-04 8.780E-03 3.672E-09 6.356E-07 3.843E-02 1.325E-01 2.065E-01 3.836E-01 1.057E+04 2.226E+02 2.20E-08
 8540   1.3358  4.08E-05 7.395E-04 8.768E-03 3.604E-09 6.422E-07 3.836E-02 1.324E-01 2.048E-01 3.787E-01 1.052E+04 2.215E+02 2.16E-08
 8560   1.3366  4.10E-05 7.360E-04 8.755E-03 3.550E-09 6.491E-07 3.827E-02 1.323E-01 2.006E-01 3.756E-01 1.047E+04 2.187E+02 2.13E-08
 8580   1.3374  4.12E-05 7.331E-04 8.743E-03 3.485E-09 6.558E-07 3.819E-02 1.322E-01 1.931E-01 3.730E-01 1.042E+04 2.170E+02 2.09E-08
 8600   1.3382  4.12E-05 7.315E-04 8.730E-03 3.406E-09 6.615E-07 3.815E-02 1.321E-01 1.972E-01 3.707E-01 1.037E+04 2.184E+02 2.04E-08
 8620   1.3390  4.09E-05 7.304E-04 8.717E-03 3.375E-09 6.653E-07 3.812E-02 1.320E-01 2.065E-01 3.686E-01 1.033E+04 2.206E+02 2.03E-08
 8640   1.3399  4.04E-05 7.291E-04 8.705E-03 3.370E-09 6.670E-07 3.808E-02 1.319E-01 2.115E-01 3.670E-01 1.028E+04 2.204E+02 2.02E-08
 8660   1.3407  3.99E-05 7.274E-04 8.693E-03 3.358E-09 6.668E-07 3.804E-02 1.319E-01 2.122E-01 3.637E-01 1.023E+04 2.196E+02 2.01E-08
 8680   1.3415  3.98E-05 7.256E-04 8.681E-03 3.385E-09 6.645E-07 3.799E-02 1.318E-01 2.132E-01 3.627E-01 1.019E+04 2.194E+02 2.03E-08
 8700   1.3423  3.99E-05 7.237E-04 8.669E-03 3.459E-09 6.605E-07 3.794E-02 1.317E-01 2.100E-01 3.618E-01 1.014E+04 2.197E+02 2.08E-08
 8720   1.3431  4.02E-05 7.215E-04 8.657E-03 3.504E-09 6.556E-07 3.789E-02 1.316E-01 2.043E-01 3.632E-01 1.010E+04 2.188E+02 2.10E-08
 8740   1.3439  4.04E-05 7.194E-04 8.645E-03 3.502E-09 6.501E-07 3.783E-02 1.315E-01 1.992E-01 3.661E-01 1.005E+04 2.185E+02 2.10E-08
 8760   1.3447  4.07E-05 7.173E-04 8.633E-03 3.522E-09 6.439E-07 3.778E-02 1.314E-01 1.938E-01 3.682E-01 1.001E+04 2.185E+02 2.11E-08
 8780   1.3455  4.09E-05 7.154E-04 8.621E-03 3.583E-09 6.373E-07 3.772E-02 1.313E-01 1.895E-01 3.683E-01 9.966E+03 2.178E+02 2.15E-08
 8800   1.3463  4.12E-05 7.136E-04 8.609E-03 3.647E-09 6.307E-07 3.768E-02 1.312E-01 1.816E-01 3.687E-01 9.922E+03 2.182E+02 2.19E-08
 8820   1.3471  4.16E-05 7.119E-04 8.597E-03 3.690E-09 6.251E-07 3.764E-02 1.311E-01 1.813E-01 3.671E-01 9.878E+03 2.184E+02 2.21E-08
 8840   1.3480  4.16E-05 7.102E-04 8.585E-03 3.714E-09 6.210E-07 3.759E-02 1.310E-01 1.821E-01 3.637E-01 9.834E+03 2.180E+02 2.23E-08
 8860   1.3488  4.13E-05 7.084E-04 8.573E-03 3.725E-09 6.189E-07 3.754E-02 1.309E-01 1.839E-01 3.610E-01 9.790E+03 2.177E+02 2.24E-08
 8880   1.3496  4.11E-05 7.066E-04 8.561E-03 3.728E-09 6.188E-07 3.749E-02 1.309E-01 1.886E-01 3.606E-01 9.747E+03 2.181E+02 2.24E-08
 8900   1.3504  4.09E-05 7.046E-04 8.549E-03 3.704E-09 6.206E-07 3.744E-02 1.308E-01 1.897E-01 3.605E-01 9.704E+03 2.179E+02 2.22E-08
 8920   1.3513  4.07E-05 7.024E-04 8.537E-03 3.664E-09 6.240E-07 3.738E-02 1.307E-01 1.940E-01 3.616E-01 9.662E+03 2.173E+02 2.20E-08
 8940   1.3521  4.07E-05 7.003E-04 8.526E-03 3.671E-09 6.283E-07 3.732E-02 1.306E-01 1.967E-01 3.612E-01 9.620E+03 2.167E+02 2.20E-08
 8960   1.3529  4.06E-05 6.983E-04 8.514E-03 3.713E-09 6.336E-07 3.727E-02 1.305E-01 1.966E-01 3.587E-01 9.578E+03 2.161E+02 2.23E-08
 8980   1.3537  4.06E-05 6.968E-04 8.503E-03 3.712E-09 6.401E-07 3.722E-02 1.304E-01 1.965E-01 3.563E-01 9.537E+03 2.162E+02 2.23E-08
 9000   1.3545  4.08E-05 6.955E-04 8.492E-03 3.694E-09 6.481E-07 3.719E-02 1.303E-01 2.012E-01 3.567E-01 9.495E+03 2.174E+02 2.22E-08
 9020   1.3553  4.10E-05 6.938E-04 8.480E-03 3.707E-09 6.573E-07 3.715E-02 1.302E-01 2.041E-01 3.597E-01 9.454E+03 2.180E+02 2.22E-08
 9040   1.3562  4.10E-05 6.916E-04 8.469E-03 3.682E-09 6.680E-07 3.709E-02 1.301E-01 2.076E-01 3.632E-01 9.413E+03 2.171E+02 2.21E-08
 9060   1.3570  4.13E-05 6.891E-04 8.458E-03 3.591E-09 6.799E-07 3.703E-02 1.301E-01 2.033E-01 3.665E-01 9.372E+03 2.156E+02 2.15E-08
 9080   1.3578  4.14E-05 6.869E-04 8.447E-03 3.532E-09 6.920E-07 3.697E-02 1.300E-01 1.901E-01 3.682E-01 9.332E+03 2.147E+02 2.12E-08
 9100   1.3586  4.14E-05 6.855E-04 8.435E-03 3.509E-09 7.037E-07 3.693E-02 1.299E-01 1.930E-01 3.658E-01 9.291E+03 2.139E+02 2.11E-08
 9120   1.3595  4.14E-05 6.850E-04 8.424E-03 3.441E-09 7.147E-07 3.691E-02 1.298E-01 1.888E-01 3.600E-01 9.250E+03 2.149E+02 2.06E-08
 9140   1.3603  4.15E-05 6.849E-04 8.413E-03 3.379E-09 7.242E-07 3.691E-02 1.297E-01 1.817E-01 3.573E-01 9.210E+03 2.178E+02 2.03E-08
 9160   1.3611  4.16E-05 6.839E-04 8.401E-03 3.374E-09 7.316E-07 3.688E-02 1.296E-01 1.833E-01 3.577E-01 9.170E+03 2.193E+02 2.02E-08
 9180   1.3619  4.15E-05 6.813E-04 8.390E-03 3.369E-09 7.367E-07 3.681E-02 1.295E-01 1.799E-01 3.555E-01 9.131E+03 2.165E+02 2.02E-08
 9200   1.3628  4.14E-05 6.782E-04 8.379E-03 3.362E-09 7.395E-07 3.673E-02 1.295E-01 1.801E-01 3.554E-01 9.092E+03 2.133E+02 2.02E-08
 9220   1.3636  4.15E-05 6.759E-04 8.368E-03 3.395E-09 7.399E-07 3.666E-02 1.294E-01 1.871E-01 3.555E-01 9.053E+03 2.130E+02 2.04E-08
 9240   1.3644  4.16E-05 6.746E-04 8.357E-03 3.442E-09 7.382E-07 3.663E-02 1.293E-01 1.984E-01 3.560E-01 9.014E+03 2.139E+02 2.07E-08
 9260   1.3653  4.16E-05 6.737E-04 8.345E-03 3.470E-09 7.350E-07 3.660E-02 1.292E-01 2.020E-01 3.549E-01 8.975E+03 2.157E+02 2.08E-08
 9280   1.3661  4.16E-05 6.725E-04 8.334E-03 3.510E-09 7.307E-07 3.657E-02 1.291E-01 1.956E-01 3.580E-01 8.937E+03 2.160E+02 2.11E-08
 9300   1.3669  4.18E-05 6.708E-04 8.323E-03 3.552E-09 7.255E-07 3.652E-02 1.290E-01 1.890E-01 3.589E-01 8.899E+03 2.153E+02 2.13E-08
 9320   1.3678  4.20E-05 6.687E-04 8.312E-03 3.554E-09 7.200E-07 3.647E-02 1.289E-01 1.897E-01 3.570E-01 8.862E+03 2.150E+02 2.13E-08
 9340   1.3686  4.23E-05 6.664E-04 8.301E-03 3.532E-09 7.141E-07 3.641E-02 1.288E-01 1.832E-01 3.555E-01 8.825E+03 2.146E+02 2.12E-08
 9360   1.3695  4.26E-05 6.640E-04 8.290E-03 3.519E-09 7.076E-07 3.634E-02 1.288E-01 1.742E-01 3.539E-01 8.788E+03 2.142E+02 2.11E-08
 9380   1.3703  4.28E-05 6.616E-04 8.278E-03 3.535E-09 7.001E-07 3.627E-02 1.287E-01 1.779E-01 3.546E-01 8.751E+03 2.125E+02 2.12E-08
 9400   1.3712  4.26E-05 6.600E-04 8.267E-03 3.583E-09 6.920E-07 3.623E-02 1.286E-01 1.826E-01 3.525E-01 8.715E+03 2.122E+02 2.15E-08
 9420   1.3720  4.25E-05 6.592E-04 8.256E-03 3.634E-09 6.836E-07 3.621E-02 1.285E-01 1.824E-01 3.487E-01 8.679E+03 2.139E+02 2.18E-08
 9440   1.3729  4.23E-05 6.584E-04 8.245E-03 3.674E-09 6.756E-07 3.618E-02 1.284E-01 1.819E-01 3.498E-01 8.644E+03 2.162E+02 2.20E-08
 9460   1.3737  4.21E-05 6.565E-04 8.235E-03 3.714E-09 6.686E-07 3.613E-02 1.283E-01 1.811E-01 3.489E-01 8.609E+03 2.152E+02 2.23E-08
 9480   1.3746  4.21E-05 6.539E-04 8.224E-03 3.758E-09 6.630E-07 3.606E-02 1.282E-01 1.809E-01 3.517E-01 8.574E+03 2.131E+02 2.25E-08
 9500   1.3754  4.23E-05 6.514E-04 8.213E-03 3.802E-09 6.594E-07 3.599E-02 1.282E-01 1.797E-01 3.578E-01 8.540E+03 2.125E+02 2.28E-08
 9520   1.3762  4.25E-05 6.493E-04 8.203E-03 3.812E-09 6.585E-07 3.593E-02 1.281E-01 1.800E-01 3.612E-01 8.505E+03 2.111E+02 2.29E-08
 9540   1.3771  4.23E-05 6.480E-04 8.192E-03 3.785E-09 6.604E-07 3.589E-02 1.280E-01 1.826E-01 3.626E-01 8.472E+03 2.117E+02 2.27E-08
 9560   1.3779  4.21E-05 6.472E-04 8.181E-03 3.768E-09 6.647E-07 3.587E-02 1.279E-01 1.787E-01 3.596E-01 8.438E+03 2.135E+02 2.26E-08
 9580   1.3788  4.22E-05 6.462E-04 8.171E-03 3.742E-09 6.711E-07 3.584E-02 1.278E-01 1.783E-01 3.541E-01 8.406E+03 2.129E+02 2.25E-08
 9600   1.3796  4.22E-05 6.450E-04 8.160E-03 3.669E-09 6.793E-07 3.581E-02 1.277E-01 1.767E-01 3.487E-01 8.373E+03 2.125E+02 2.20E-08
 9620   1.3805  4.25E-05 6.436E-04 8.149E-03 3.574E-09 6.884E-07 3.577E-02 1.277E-01 1.746E-01 3.461E-01 8.340E+03 2.129E+02 2.14E-08
 9640   1.3813  4.28E-05 6.419E-04 8.138E-03 3.494E-09 6.971E-07 3.572E-02 1.276E-01 1.683E-01 3.446E-01 8.307E+03 2.117E+02 2.10E-08
 9660   1.3822  4.28E-05 6.404E-04 8.128E-03 3.468E-09 7.047E-07 3.568E-02 1.275E-01 1.687E-01 3.412E-01 8.275E+03 2.115E+02 2.08E-08
 9680   1.3830  4.28E-05 6.390E-04 8.117E-03 3.515E-09 7.108E-07 3.564E-02 1.274E-01 1.700E-01 3.438E-01 8.242E+03 2.122E+02 2.11E-08
 9700   1.3839  4.27E-05 6.374E-04 8.106E-03 3.557E-09 7.160E-07 3.560E-02 1.273E-01 1.727E-01 3.521E-01 8.210E+03 2.119E+02 2.13E-08
 9720   1.3847  4.25E-05 6.357E-04 8.096E-03 3.523E-09 7.208E-07 3.555E-02 1.272E-01 1.756E-01 3.526E-01 8.179E+03 2.114E+02 2.11E-08
 9740   1.3856  4.25E-05 6.341E-04 8.086E-03 3.480E-09 7.250E-07 3.551E-02 1.272E-01 1.747E-01 3.571E-01 8.147E+03 2.100E+02 2.09E-08
 9760   1.3864  4.26E-05 6.331E-04 8.075E-03 3.469E-09 7.279E-07 3.548E-02 1.271E-01 1.755E-01 3.584E-01 8.116E+03 2.106E+02 2.08E-08
 9780   1.3873  4.24E-05 6.322E-04 8.065E-03 3.437E-09 7.295E-07 3.546E-02 1.270E-01 1.780E-01 3.586E-01 8.085E+03 2.120E+02 2.06E-08
 9800   1.3881  4.24E-05 6.309E-04 8.055E-03 3.389E-09 7.291E-07 3.542E-02 1.269E-01 1.786E-01 3.589E-01 8.054E+03 2.118E+02 2.03E-08
 9820   1.3890  4.22E-05 6.290E-04 8.045E-03 3.378E-09 7.262E-07 3.537E-02 1.268E-01 1.817E-01 3.581E-01 8.024E+03 2.110E+02 2.03E-08
 9840   1.3898  4.22E-05 6.270E-04 8.035E-03 3.402E-09 7.207E-07 3.531E-02 1.268E-01 1.814E-01 3.544E-01 7.994E+03 2.102E+02 2.04E-08
 9860   1.3907  4.25E-05 6.250E-04 8.024E-03 3.440E-09 7.127E-07 3.525E-02 1.267E-01 1.779E-01 3.525E-01 7.964E+03 2.096E+02 2.06E-08
 9880   1.3915  4.25E-05 6.235E-04 8.014E-03 3.492E-09 7.026E-07 3.521E-02 1.266E-01 1.789E-01 3.514E-01 7.935E+03 2.090E+02 2.10E-08
 9900   1.3924  4.23E-05 6.225E-04 8.004E-03 3.521E-09 6.912E-07 3.518E-02 1.265E-01 1.834E-01 3.511E-01 7.905E+03 2.092E+02 2.11E-08
 9920   1.3932  4.22E-05 6.219E-04 7.994E-03 3.515E-09 6.787E-07 3.516E-02 1.264E-01 1.860E-01 3.559E-01 7.876E+03 2.104E+02 2.11E-08
 9940   1.3941  4.21E-05 6.210E-04 7.984E-03 3.548E-09 6.654E-07 3.514E-02 1.264E-01 1.858E-01 3.568E-01 7.848E+03 2.107E+02 2.13E-08
 9960   1.3949  4.22E-05 6.197E-04 7.974E-03 3.635E-09 6.515E-07 3.510E-02 1.263E-01 1.820E-01 3.525E-01 7.819E+03 2.104E+02 2.18E-08
 9980   1.3958  4.25E-05 6.181E-04 7.964E-03 3.692E-09 6.382E-07 3.506E-02 1.262E-01 1.753E-01 3.486E-01 7.791E+03 2.095E+02 2.22E-08
10000   1.3966  4.27E-05 6.163E-04 7.954E-03 3.722E-09 6.262E-07 3.501E-02 1.261E-01 1.724E-01 3.485E-01 7.763E+03 2.091E+02 2.23E-08
10020   1.3975  4.28E-05 6.145E-04 7.944E-03 3.754E-09 6.163E-07 3.496E-02 1.260E-01 1.736E-01 3.519E-01 7.735E+03 2.086E+02 2.25E-08
10040   1.3983  4.28E-05 6.130E-04 7.934E-03 3.753E-09 6.090E-07 3.491E-02 1.260E-01 1.728E-01 3.534E-01 7.707E+03 2.089E+02 2.25E-08
10060   1.3992  4.28E-05 6.115E-04 7.924E-03 3.721E-09 6.045E-07 3.487E-02 1.259E-01 1.730E-01 3.528E-01 7.680E+03 2.091E+02 2.23E-08
10080   1.4000  4.27E-05 6.099E-04 7.914E-03 3.690E-09 6.023E-07 3.482E-02 1.258E-01 1.725E-01 3.504E-01 7.653E+03 2.080E+02 2.21E-08
10100   1.4009  4.26E-05 6.086E-04 7.904E-03 3.648E-09 6.022E-07 3.478E-02 1.257E-01 1.711E-01 3.475E-01 7.626E+03 2.083E+02 2.19E-08
10120   1.4017  4.30E-05 6.073E-04 7.894E-03 3.623E-09 6.036E-07 3.474E-02 1.256E-01 1.749E-01 3.472E-01 7.599E+03 2.085E+02 2.17E-08
10140   1.4026  4.31E-05 6.060E-04 7.884E-03 3.640E-09 6.061E-07 3.471E-02 1.256E-01 1.791E-01 3.497E-01 7.573E+03 2.077E+02 2.18E-08
10160   1.4035  4.31E-05 6.049E-04 7.874E-03 3.643E-09 6.101E-07 3.468E-02 1.255E-01 1.773E-01 3.549E-01 7.546E+03 2.078E+02 2.19E-08
10180   1.4043  4.30E-05 6.038E-04 7.864E-03 3.591E-09 6.152E-07 3.465E-02 1.254E-01 1.752E-01 3.570E-01 7.520E+03 2.078E+02 2.15E-08
10200   1.4052  4.29E-05 6.028E-04 7.854E-03 3.548E-09 6.209E-07 3.462E-02 1.253E-01 1.767E-01 3.570E-01 7.494E+03 2.077E+02 2.13E-08
10220   1.4060  4.27E-05 6.017E-04 7.845E-03 3.550E-09 6.264E-07 3.459E-02 1.253E-01 1.802E-01 3.568E-01 7.468E+03 2.082E+02 2.13E-08
10240   1.4069  4.27E-05 6.003E-04 7.835E-03 3.538E-09 6.319E-07 3.455E-02 1.252E-01 1.807E-01 3.563E-01 7.443E+03 2.080E+02 2.12E-08
10260   1.4078  4.25E-05 5.986E-04 7.825E-03 3.505E-09 6.370E-07 3.449E-02 1.251E-01 1.855E-01 3.486E-01 7.419E+03 2.068E+02 2.10E-08
10280   1.4086  4.23E-05 5.969E-04 7.816E-03 3.497E-09 6.416E-07 3.445E-02 1.250E-01 1.871E-01 3.419E-01 7.394E+03 2.065E+02 2.10E-08
10300   1.4094  4.23E-05 5.955E-04 7.806E-03 3.489E-09 6.454E-07 3.440E-02 1.249E-01 1.772E-01 3.420E-01 7.370E+03 2.057E+02 2.09E-08
10320   1.4103  4.20E-05 5.945E-04 7.796E-03 3.474E-09 6.483E-07 3.437E-02 1.249E-01 1.823E-01 3.441E-01 7.346E+03 2.056E+02 2.08E-08
10340   1.4111  4.20E-05 5.939E-04 7.787E-03 3.487E-09 6.501E-07 3.436E-02 1.248E-01 1.829E-01 3.434E-01 7.322E+03 2.061E+02 2.09E-08
10360   1.4120  4.23E-05 5.934E-04 7.777E-03 3.495E-09 6.508E-07 3.434E-02 1.247E-01 1.778E-01 3.435E-01 7.298E+03 2.068E+02 2.10E-08
10380   1.4128  4.25E-05 5.926E-04 7.768E-03 3.490E-09 6.505E-07 3.432E-02 1.246E-01 1.818E-01 3.453E-01 7.274E+03 2.068E+02 2.09E-08
10400   1.4137  4.27E-05 5.913E-04 7.758E-03 3.508E-09 6.490E-07 3.429E-02 1.246E-01 1.848E-01 3.438E-01 7.251E+03 2.065E+02 2.10E-08
10420   1.4145  4.27E-05 5.898E-04 7.749E-03 3.534E-09 6.465E-07 3.424E-02 1.245E-01 1.840E-01 3.436E-01 7.227E+03 2.054E+02 2.12E-08
10440   1.4154  4.26E-05 5.883E-04 7.739E-03 3.576E-09 6.434E-07 3.420E-02 1.244E-01 1.820E-01 3.406E-01 7.204E+03 2.044E+02 2.15E-08
10460   1.4162  4.23E-05 5.873E-04 7.730E-03 3.652E-09 6.403E-07 3.417E-02 1.243E-01 1.790E-01 3.385E-01 7.180E+03 2.047E+02 2.19E-08
10480   1.4171  4.21E-05 5.865E-04 7.720E-03 3.713E-09 6.381E-07 3.415E-02 1.243E-01 1.834E-01 3.411E-01 7.157E+03 2.067E+02 2.23E-08
10500   1.4179  4.21E-05 5.851E-04 7.711E-03 3.732E-09 6.377E-07 3.410E-02 1.242E-01 1.842E-01 3.393E-01 7.134E+03 2.063E+02 2.24E-08
10520   1.4188  4.23E-05 5.830E-04 7.701E-03 3.747E-09 6.394E-07 3.405E-02 1.241E-01 1.858E-01 3.352E-01 7.112E+03 2.043E+02 2.25E-08
10540   1.4196  4.20E-05 5.813E-04 7.692E-03 3.761E-09 6.435E-07 3.399E-02 1.240E-01 1.892E-01 3.368E-01 7.089E+03 2.029E+02 2.26E-08
10560   1.4204  4.18E-05 5.804E-04 7.683E-03 3.736E-09 6.498E-07 3.397E-02 1.240E-01 1.883E-01 3.406E-01 7.067E+03 2.037E+02 2.24E-08
10580   1.4213  4.20E-05 5.799E-04 7.674E-03 3.692E-09 6.581E-07 3.395E-02 1.239E-01 1.847E-01 3.413E-01 7.045E+03 2.046E+02 2.22E-08
10600   1.4221  4.21E-05 5.793E-04 7.664E-03 3.665E-09 6.678E-07 3.394E-02 1.238E-01 1.830E-01 3.406E-01 7.023E+03 2.052E+02 2.20E-08
10620   1.4230  4.20E-05 5.783E-04 7.655E-03 3.630E-09 6.785E-07 3.391E-02 1.237E-01 1.839E-01 3.383E-01 7.001E+03 2.052E+02 2.18E-08
10640   1.4238  4.18E-05 5.769E-04 7.646E-03 3.586E-09 6.895E-07 3.386E-02 1.237E-01 1.862E-01 3.360E-01 6.979E+03 2.037E+02 2.15E-08
10660   1.4246  4.16E-05 5.755E-04 7.637E-03 3.561E-09 7.003E-07 3.382E-02 1.236E-01 1.907E-01 3.345E-01 6.957E+03 2.030E+02 2.14E-08
10680   1.4255  4.14E-05 5.746E-04 7.628E-03 3.536E-09 7.106E-07 3.380E-02 1.235E-01 1.934E-01 3.362E-01 6.936E+03 2.029E+02 2.12E-08
10700   1.4263  4.12E-05 5.739E-04 7.619E-03 3.500E-09 7.201E-07 3.377E-02 1.234E-01 1.962E-01 3.391E-01 6.914E+03 2.037E+02 2.10E-08
10720   1.4271  4.12E-05 5.731E-04 7.610E-03 3.468E-09 7.286E-07 3.375E-02 1.234E-01 1.970E-01 3.400E-01 6.892E+03 2.045E+02 2.08E-08
10740   1.4279  4.13E-05 5.718E-04 7.602E-03 3.447E-09 7.356E-07 3.371E-02 1.233E-01 1.946E-01 3.393E-01 6.871E+03 2.039E+02 2.07E-08
10760   1.4288  4.14E-05 5.702E-04 7.593E-03 3.422E-09 7.410E-07 3.366E-02 1.232E-01 1.915E-01 3.384E-01 6.849E+03 2.028E+02 2.05E-08
10780   1.4296  4.16E-05 5.688E-04 7.584E-03 3.392E-09 7.443E-07 3.362E-02 1.232E-01 1.890E-01 3.389E-01 6.828E+03 2.020E+02 2.04E-08
10800   1.4304  4.16E-05 5.677E-04 7.575E-03 3.369E-09 7.453E-07 3.359E-02 1.231E-01 1.899E-01 3.387E-01 6.806E+03 2.025E+02 2.02E-08
10820   1.4313  4.17E-05 5.668E-04 7.566E-03 3.370E-09 7.436E-07 3.356E-02 1.230E-01 1.878E-01 3.357E-01 6.785E+03 2.019E+02 2.02E-08
10840   1.4321  4.20E-05 5.662E-04 7.557E-03 3.396E-09 7.393E-07 3.355E-02 1.229E-01 1.841E-01 3.325E-01 6.764E+03 2.024E+02 2.04E-08
10860   1.4329  4.22E-05 5.656E-04 7.548E-03 3.450E-09 7.324E-07 3.353E-02 1.229E-01 1.823E-01 3.337E-01 6.743E+03 2.031E+02 2.07E-08
10880   1.4338  4.18E-05 5.646E-04 7.539E-03 3.520E-09 7.235E-07 3.350E-02 1.228E-01 1.895E-01 3.351E-01 6.722E+03 2.034E+02 2.11E-08
10900   1.4346  4.15E-05 5.630E-04 7.530E-03 3.563E-09 7.135E-07 3.345E-02 1.227E-01 1.940E-01 3.401E-01 6.701E+03 2.027E+02 2.14E-08
10920   1.4354  4.15E-05 5.612E-04 7.522E-03 3.577E-09 7.029E-07 3.340E-02 1.227E-01 1.916E-01 3.438E-01 6.681E+03 2.011E+02 2.15E-08
10940   1.4363  4.16E-05 5.597E-04 7.513E-03 3.613E-09 6.917E-07 3.336E-02 1.226E-01 1.880E-01 3.386E-01 6.660E+03 2.000E+02 2.17E-08
10960   1.4371  4.17E-05 5.589E-04 7.505E-03 3.678E-09 6.804E-07 3.333E-02 1.225E-01 1.873E-01 3.325E-01 6.640E+03 2.003E+02 2.21E-08
10980   1.4379  4.18E-05 5.586E-04 7.496E-03 3.734E-09 6.699E-07 3.333E-02 1.224E-01 1.870E-01 3.299E-01 6.619E+03 2.018E+02 2.24E-08
