   1.0000450501673814     
  0.00E+00  3.48E-11  4.52E-11  4.14E-11  4.50E-11  3.86E-11  3.01E-11  2.68E-11
  2.21E-11  2.24E-11  1.77E-11  1.46E-11  1.28E-11  1.09E-11  9.33E-12  7.30E-12
  7.06E-12  5.96E-12  4.96E-12  4.20E-12  3.92E-12  3.50E-12  2.88E-12  2.61E-12
  2.25E-12  2.09E-12  1.85E-12  1.62E-12  1.49E-12  1.32E-12  1.21E-12  1.10E-12
  9.81E-13  9.00E-13  8.25E-13  7.47E-13  7.10E-13  6.25E-13  5.90E-13  5.28E-13
  4.98E-13  4.71E-13  4.27E-13  4.07E-13  3.66E-13  3.50E-13  3.15E-13  2.99E-13
  2.80E-13  2.67E-13  2.48E-13  2.29E-13  2.19E-13  2.04E-13  1.93E-13  1.81E-13
  1.72E-13  1.64E-13  1.53E-13  1.45E-13  1.38E-13  1.29E-13  1.24E-13  1.15E-13
  1.11E-13  1.07E-13  9.91E-14  9.62E-14  8.97E-14  8.85E-14  8.20E-14  7.77E-14
  7.62E-14  7.09E-14  6.94E-14  6.45E-14  6.31E-14  6.05E-14  5.75E-14  5.52E-14
  5.25E-14  5.16E-14  4.86E-14  4.68E-14  4.45E-14  4.35E-14  4.16E-14  3.98E-14
  3.85E-14  3.71E-14  3.60E-14  3.41E-14  3.31E-14  3.20E-14  3.07E-14  2.96E-14
  2.87E-14  2.78E-14  2.71E-14  2.57E-14  2.49E-14  2.42E-14  2.35E-14  2.25E-14
  2.14E-14  2.14E-14  2.05E-14  1.99E-14  1.92E-14  1.88E-14  1.79E-14  1.74E-14
  1.69E-14  1.64E-14  1.60E-14  1.54E-14  1.50E-14  1.46E-14  1.41E-14  1.37E-14
  1.34E-14  1.31E-14  1.26E-14  1.23E-14  1.19E-14  1.17E-14  1.12E-14  1.09E-14
  1.07E-14  1.04E-14  1.01E-14  9.76E-15  9.72E-15  9.33E-15  9.17E-15  8.84E-15
  8.70E-15  8.53E-15  8.19E-15  7.97E-15  7.91E-15  7.64E-15  7.53E-15  7.21E-15
  7.12E-15  6.98E-15  6.84E-15  6.67E-15  6.50E-15  6.35E-15  6.19E-15  6.01E-15
  5.87E-15  5.78E-15  5.67E-15  5.47E-15  5.40E-15  5.30E-15  5.16E-15  5.03E-15
  4.95E-15  4.86E-15  4.70E-15  4.66E-15  4.51E-15  4.45E-15  4.33E-15  4.29E-15
  4.15E-15  4.08E-15  4.03E-15  3.91E-15  3.84E-15  3.77E-15  3.69E-15  3.57E-15
  3.55E-15  3.46E-15  3.41E-15  3.34E-15  3.26E-15  3.22E-15  3.13E-15  3.09E-15
  3.02E-15  2.98E-15  2.91E-15  2.86E-15  2.80E-15  2.76E-15  2.68E-15  2.66E-15
  2.61E-15  2.54E-15  2.52E-15  2.46E-15  2.43E-15  2.38E-15  2.33E-15  2.29E-15
  2.24E-15  2.22E-15  2.19E-15  2.13E-15  2.10E-15  2.07E-15  2.01E-15  2.00E-15
  1.96E-15  1.94E-15  1.89E-15  1.86E-15  1.83E-15  1.80E-15  1.77E-15  1.73E-15
  1.71E-15  1.69E-15  1.65E-15  1.63E-15  1.60E-15  1.58E-15  1.54E-15  1.53E-15
  1.49E-15  1.49E-15  1.46E-15  1.43E-15  1.41E-15  1.39E-15  1.37E-15  1.34E-15
  1.33E-15  1.30E-15  1.29E-15  1.25E-15  1.24E-15  1.22E-15  1.20E-15  1.19E-15
  1.17E-15  1.16E-15  1.14E-15  1.12E-15  1.10E-15  1.09E-15  1.07E-15  1.05E-15
  1.04E-15  1.02E-15  1.01E-15  9.92E-16  9.79E-16  9.66E-16  9.49E-16  9.34E-16
  9.27E-16  9.09E-16  8.99E-16  8.84E-16  8.72E-16  8.63E-16  8.44E-16  8.35E-16
  8.23E-16  8.16E-16  7.99E-16  7.89E-16  7.81E-16  7.71E-16  7.55E-16  7.44E-16
  7.37E-16  7.28E-16  7.18E-16  7.04E-16  6.96E-16  6.91E-16  6.77E-16  6.67E-16
  6.64E-16  6.52E-16  6.43E-16  6.33E-16  6.25E-16  6.19E-16  6.07E-16  6.02E-16
  5.92E-16  5.87E-16  5.79E-16  5.70E-16  5.62E-16  5.55E-16  5.48E-16  5.40E-16
  5.34E-16  5.28E-16  5.19E-16  5.14E-16  5.03E-16  5.02E-16  4.93E-16  4.88E-16
  4.81E-16  4.76E-16  4.69E-16  4.62E-16  4.57E-16  4.51E-16  4.47E-16  4.39E-16
  4.34E-16  4.28E-16  4.24E-16  4.18E-16  4.13E-16  4.05E-16  4.05E-16  3.95E-16
  3.92E-16  3.89E-16  3.83E-16  3.79E-16  3.73E-16  3.70E-16  3.65E-16  3.59E-16
  3.56E-16  3.51E-16  3.47E-16  3.42E-16  3.38E-16  3.34E-16  3.29E-16  3.26E-16
  3.21E-16  3.19E-16  3.16E-16  3.09E-16  3.07E-16  3.04E-16  3.00E-16  2.95E-16
  2.91E-16  2.90E-16  2.85E-16  2.81E-16  2.78E-16  2.76E-16  2.72E-16  2.66E-16
  2.67E-16  2.61E-16  2.59E-16  2.55E-16  2.53E-16  2.50E-16  2.46E-16  2.44E-16
  2.40E-16  2.39E-16  2.35E-16  2.32E-16  2.29E-16  2.27E-16  2.24E-16  2.21E-16
  2.18E-16  2.17E-16  2.13E-16  2.11E-16  2.08E-16  2.06E-16  2.04E-16  2.01E-16
  1.99E-16  1.96E-16  1.94E-16  1.91E-16  1.89E-16  1.87E-16  1.85E-16  1.83E-16
  1.80E-16  1.79E-16  1.77E-16  1.74E-16  1.72E-16  1.70E-16  1.68E-16  1.66E-16
  1.64E-16  1.62E-16  1.60E-16  1.58E-16  1.57E-16  1.55E-16  1.53E-16  1.51E-16
  1.50E-16  1.48E-16  1.46E-16  1.44E-16  1.42E-16  1.41E-16  1.39E-16  1.38E-16
  1.36E-16  1.34E-16  1.33E-16  1.31E-16  1.30E-16  1.28E-16  1.26E-16  1.25E-16
  1.24E-16  1.23E-16  1.21E-16  1.19E-16  1.18E-16  1.17E-16  1.15E-16  1.14E-16
  1.12E-16  1.11E-16  1.10E-16  1.09E-16  1.07E-16  1.06E-16  1.05E-16  1.03E-16
  1.02E-16  1.01E-16  1.00E-16  9.83E-17  9.74E-17  9.64E-17  9.52E-17  9.39E-17
  9.27E-17  9.24E-17  9.05E-17  8.97E-17  8.86E-17  8.77E-17  8.65E-17  8.53E-17
  8.47E-17  8.36E-17  8.28E-17  8.15E-17  8.07E-17  7.96E-17  7.89E-17  7.77E-17
  7.69E-17  7.61E-17  7.52E-17  7.40E-17  7.34E-17  7.24E-17  7.17E-17  7.07E-17
  6.97E-17  6.92E-17  6.82E-17  6.75E-17  6.66E-17  6.58E-17  6.52E-17  6.42E-17
  6.36E-17  6.28E-17  6.22E-17  6.14E-17  6.05E-17  6.01E-17  5.90E-17  5.84E-17
  5.79E-17  5.71E-17  5.65E-17  5.57E-17  5.50E-17  5.45E-17  5.37E-17  5.31E-17
  5.25E-17  5.20E-17  5.13E-17  5.05E-17  5.01E-17  4.95E-17  4.90E-17  4.81E-17
  4.78E-17  4.73E-17  4.66E-17  4.60E-17  4.56E-17  4.51E-17  4.44E-17  4.38E-17
  4.35E-17  4.30E-17  4.25E-17  4.19E-17  4.15E-17  4.10E-17  4.04E-17  4.00E-17
  3.94E-17  3.92E-17  3.86E-17  3.81E-17  3.77E-17  3.73E-17  3.68E-17  3.65E-17
  3.59E-17  3.57E-17  3.51E-17  3.48E-17  3.43E-17  3.40E-17  3.35E-17  3.32E-17
  3.27E-17  3.24E-17  3.20E-17  3.17E-17  3.13E-17  3.09E-17  3.06E-17  3.02E-17
  2.99E-17  2.95E-17  2.92E-17  2.89E-17  2.85E-17  2.82E-17  2.80E-17  2.76E-17
  2.72E-17  2.70E-17  2.66E-17  2.64E-17  2.61E-17  2.57E-17  2.55E-17  2.51E-17
  2.50E-17  2.46E-17  2.44E-17  2.41E-17  2.38E-17  2.36E-17  2.33E-17  2.31E-17
  2.28E-17  2.26E-17  2.24E-17  2.20E-17  2.19E-17  2.17E-17  2.14E-17  2.11E-17
  2.09E-17  2.07E-17  2.05E-17  2.03E-17  2.01E-17  1.99E-17  1.96E-17  1.94E-17
   1.0100613321263436     
  0.00E+00  4.39E-11  5.44E-11  4.87E-11  5.00E-11  4.23E-11  3.21E-11  2.66E-11
  2.10E-11  1.98E-11  1.43E-11  1.10E-11  8.59E-12  6.67E-12  5.03E-12  3.41E-12
  2.93E-12  2.18E-12  1.65E-12  1.22E-12  1.03E-12  8.58E-13  6.76E-13  6.06E-13
  5.23E-13  4.96E-13  4.52E-13  4.20E-13  4.00E-13  3.74E-13  3.50E-13  3.38E-13
  3.10E-13  2.99E-13  2.86E-13  2.59E-13  2.54E-13  2.29E-13  2.19E-13  1.97E-13
  1.90E-13  1.74E-13  1.60E-13  1.51E-13  1.37E-13  1.30E-13  1.15E-13  1.10E-13
  1.02E-13  9.66E-14  8.92E-14  8.03E-14  7.71E-14  7.11E-14  6.64E-14  6.21E-14
  5.82E-14  5.58E-14  5.15E-14  4.87E-14  4.68E-14  4.33E-14  4.12E-14  3.78E-14
  3.65E-14  3.52E-14  3.25E-14  3.15E-14  2.92E-14  2.82E-14  2.67E-14  2.50E-14
  2.43E-14  2.27E-14  2.19E-14  2.05E-14  2.00E-14  1.91E-14  1.79E-14  1.72E-14
  1.63E-14  1.59E-14  1.51E-14  1.44E-14  1.37E-14  1.33E-14  1.27E-14  1.20E-14
  1.16E-14  1.11E-14  1.09E-14  1.03E-14  9.90E-15  9.43E-15  9.10E-15  8.70E-15
  8.51E-15  8.20E-15  7.97E-15  7.50E-15  7.28E-15  7.03E-15  6.78E-15  6.55E-15
  6.23E-15  6.16E-15  5.84E-15  5.68E-15  5.46E-15  5.34E-15  5.15E-15  4.90E-15
  4.78E-15  4.63E-15  4.50E-15  4.31E-15  4.21E-15  4.07E-15  3.91E-15  3.77E-15
  3.71E-15  3.56E-15  3.48E-15  3.37E-15  3.25E-15  3.18E-15  3.04E-15  2.97E-15
  2.88E-15  2.82E-15  2.72E-15  2.62E-15  2.58E-15  2.48E-15  2.42E-15  2.33E-15
  2.28E-15  2.24E-15  2.15E-15  2.08E-15  2.04E-15  1.98E-15  1.94E-15  1.86E-15
  1.82E-15  1.79E-15  1.74E-15  1.69E-15  1.65E-15  1.60E-15  1.56E-15  1.51E-15
  1.47E-15  1.44E-15  1.41E-15  1.35E-15  1.34E-15  1.30E-15  1.26E-15  1.23E-15
  1.20E-15  1.19E-15  1.14E-15  1.12E-15  1.08E-15  1.07E-15  1.03E-15  1.01E-15
  9.82E-16  9.60E-16  9.48E-16  9.12E-16  8.95E-16  8.72E-16  8.57E-16  8.30E-16
  8.16E-16  7.97E-16  7.79E-16  7.59E-16  7.42E-16  7.27E-16  7.08E-16  6.90E-16
  6.75E-16  6.62E-16  6.46E-16  6.32E-16  6.19E-16  6.03E-16  5.85E-16  5.78E-16
  5.66E-16  5.51E-16  5.42E-16  5.28E-16  5.18E-16  5.05E-16  4.96E-16  4.82E-16
  4.74E-16  4.64E-16  4.54E-16  4.41E-16  4.34E-16  4.27E-16  4.13E-16  4.06E-16
  3.97E-16  3.91E-16  3.81E-16  3.73E-16  3.65E-16  3.58E-16  3.52E-16  3.42E-16
  3.36E-16  3.30E-16  3.22E-16  3.16E-16  3.09E-16  3.04E-16  2.96E-16  2.91E-16
  2.84E-16  2.80E-16  2.74E-16  2.67E-16  2.62E-16  2.58E-16  2.52E-16  2.46E-16
  2.42E-16  2.37E-16  2.33E-16  2.26E-16  2.24E-16  2.19E-16  2.14E-16  2.11E-16
  2.06E-16  2.03E-16  1.98E-16  1.94E-16  1.91E-16  1.87E-16  1.83E-16  1.78E-16
  1.76E-16  1.73E-16  1.68E-16  1.66E-16  1.63E-16  1.59E-16  1.56E-16  1.53E-16
  1.51E-16  1.47E-16  1.44E-16  1.42E-16  1.39E-16  1.37E-16  1.33E-16  1.31E-16
  1.29E-16  1.27E-16  1.24E-16  1.21E-16  1.19E-16  1.17E-16  1.15E-16  1.12E-16
  1.10E-16  1.08E-16  1.06E-16  1.04E-16  1.02E-16  1.01E-16  9.84E-17  9.62E-17
  9.51E-17  9.30E-17  9.13E-17  8.95E-17  8.79E-17  8.63E-17  8.44E-17  8.30E-17
  8.12E-17  8.03E-17  7.84E-17  7.71E-17  7.58E-17  7.41E-17  7.30E-17  7.13E-17
  7.02E-17  6.90E-17  6.74E-17  6.63E-17  6.48E-17  6.42E-17  6.27E-17  6.16E-17
  6.03E-17  5.93E-17  5.83E-17  5.71E-17  5.60E-17  5.51E-17  5.41E-17  5.30E-17
  5.22E-17  5.11E-17  5.04E-17  4.92E-17  4.85E-17  4.72E-17  4.69E-17  4.57E-17
  4.50E-17  4.43E-17  4.33E-17  4.26E-17  4.18E-17  4.11E-17  4.03E-17  3.95E-17
  3.88E-17  3.82E-17  3.75E-17  3.68E-17  3.61E-17  3.55E-17  3.47E-17  3.42E-17
  3.36E-17  3.30E-17  3.25E-17  3.17E-17  3.12E-17  3.07E-17  3.01E-17  2.96E-17
  2.90E-17  2.87E-17  2.80E-17  2.75E-17  2.70E-17  2.67E-17  2.62E-17  2.54E-17
  2.53E-17  2.47E-17  2.44E-17  2.38E-17  2.35E-17  2.31E-17  2.25E-17  2.23E-17
  2.18E-17  2.16E-17  2.11E-17  2.07E-17  2.03E-17  2.00E-17  1.97E-17  1.93E-17
  1.89E-17  1.87E-17  1.83E-17  1.80E-17  1.77E-17  1.74E-17  1.71E-17  1.67E-17
  1.65E-17  1.62E-17  1.59E-17  1.56E-17  1.54E-17  1.51E-17  1.48E-17  1.46E-17
  1.43E-17  1.41E-17  1.39E-17  1.36E-17  1.34E-17  1.32E-17  1.29E-17  1.27E-17
  1.25E-17  1.23E-17  1.21E-17  1.18E-17  1.17E-17  1.15E-17  1.13E-17  1.11E-17
  1.09E-17  1.07E-17  1.05E-17  1.04E-17  1.02E-17  1.00E-17  9.82E-18  9.70E-18
  9.55E-18  9.37E-18  9.24E-18  9.03E-18  8.94E-18  8.75E-18  8.62E-18  8.47E-18
  8.34E-18  8.23E-18  8.05E-18  7.93E-18  7.81E-18  7.69E-18  7.56E-18  7.43E-18
  7.31E-18  7.20E-18  7.07E-18  6.97E-18  6.83E-18  6.76E-18  6.63E-18  6.52E-18
  6.42E-18  6.31E-18  6.24E-18  6.11E-18  6.02E-18  5.93E-18  5.83E-18  5.74E-18
  5.63E-18  5.59E-18  5.46E-18  5.39E-18  5.29E-18  5.22E-18  5.13E-18  5.05E-18
  4.98E-18  4.90E-18  4.84E-18  4.74E-18  4.69E-18  4.60E-18  4.54E-18  4.46E-18
  4.40E-18  4.34E-18  4.28E-18  4.20E-18  4.14E-18  4.08E-18  4.02E-18  3.96E-18
  3.89E-18  3.85E-18  3.78E-18  3.73E-18  3.67E-18  3.62E-18  3.57E-18  3.51E-18
  3.47E-18  3.41E-18  3.36E-18  3.31E-18  3.26E-18  3.22E-18  3.16E-18  3.12E-18
  3.09E-18  3.04E-18  3.01E-18  2.95E-18  2.91E-18  2.88E-18  2.83E-18  2.79E-18
  2.75E-18  2.71E-18  2.68E-18  2.63E-18  2.61E-18  2.57E-18  2.53E-18  2.49E-18
  2.47E-18  2.43E-18  2.39E-18  2.36E-18  2.34E-18  2.31E-18  2.27E-18  2.24E-18
  2.21E-18  2.19E-18  2.16E-18  2.12E-18  2.10E-18  2.08E-18  2.05E-18  2.02E-18
  1.99E-18  1.98E-18  1.95E-18  1.92E-18  1.90E-18  1.88E-18  1.85E-18  1.83E-18
  1.80E-18  1.79E-18  1.76E-18  1.74E-18  1.72E-18  1.70E-18  1.68E-18  1.66E-18
  1.64E-18  1.62E-18  1.61E-18  1.58E-18  1.57E-18  1.55E-18  1.54E-18  1.52E-18
  1.50E-18  1.48E-18  1.47E-18  1.45E-18  1.44E-18  1.42E-18  1.41E-18  1.39E-18
  1.38E-18  1.37E-18  1.35E-18  1.34E-18  1.32E-18  1.31E-18  1.30E-18  1.28E-18
  1.27E-18  1.26E-18  1.25E-18  1.23E-18  1.23E-18  1.21E-18  1.20E-18  1.19E-18
  1.18E-18  1.17E-18  1.16E-18  1.15E-18  1.14E-18  1.13E-18  1.12E-18  1.11E-18
  1.11E-18  1.09E-18  1.09E-18  1.08E-18  1.07E-18  1.06E-18  1.05E-18  1.04E-18
   1.0200655243806023     
  0.00E+00  4.81E-11  5.58E-11  4.90E-11  4.74E-11  3.78E-11  2.59E-11  1.90E-11
  1.37E-11  1.12E-11  6.70E-12  4.63E-12  3.34E-12  2.52E-12  1.89E-12  1.51E-12
  1.58E-12  1.46E-12  1.37E-12  1.21E-12  1.19E-12  1.11E-12  9.34E-13  8.78E-13
  7.54E-13  6.85E-13  5.82E-13  5.16E-13  4.58E-13  3.97E-13  3.51E-13  3.17E-13
  2.79E-13  2.57E-13  2.37E-13  2.09E-13  1.92E-13  1.70E-13  1.59E-13  1.42E-13
  1.33E-13  1.23E-13  1.11E-13  1.04E-13  9.60E-14  8.96E-14  8.01E-14  7.51E-14
  7.04E-14  6.61E-14  6.10E-14  5.58E-14  5.33E-14  5.01E-14  4.63E-14  4.34E-14
  4.07E-14  3.87E-14  3.62E-14  3.40E-14  3.25E-14  3.01E-14  2.84E-14  2.63E-14
  2.55E-14  2.47E-14  2.27E-14  2.19E-14  2.03E-14  1.97E-14  1.84E-14  1.73E-14
  1.69E-14  1.59E-14  1.53E-14  1.43E-14  1.38E-14  1.32E-14  1.24E-14  1.19E-14
  1.14E-14  1.10E-14  1.05E-14  9.96E-15  9.55E-15  9.27E-15  8.81E-15  8.38E-15
  8.08E-15  7.78E-15  7.47E-15  7.12E-15  6.86E-15  6.60E-15  6.31E-15  6.04E-15
  5.86E-15  5.61E-15  5.49E-15  5.16E-15  5.04E-15  4.83E-15  4.67E-15  4.51E-15
  4.28E-15  4.23E-15  4.02E-15  3.88E-15  3.73E-15  3.65E-15  3.49E-15  3.34E-15
  3.28E-15  3.16E-15  3.06E-15  2.93E-15  2.87E-15  2.77E-15  2.66E-15  2.58E-15
  2.51E-15  2.44E-15  2.35E-15  2.28E-15  2.20E-15  2.16E-15  2.06E-15  2.01E-15
  1.94E-15  1.90E-15  1.83E-15  1.76E-15  1.75E-15  1.66E-15  1.63E-15  1.57E-15
  1.54E-15  1.50E-15  1.44E-15  1.40E-15  1.36E-15  1.32E-15  1.29E-15  1.24E-15
  1.22E-15  1.19E-15  1.16E-15  1.12E-15  1.09E-15  1.06E-15  1.03E-15  9.95E-16
  9.73E-16  9.53E-16  9.27E-16  8.93E-16  8.76E-16  8.56E-16  8.29E-16  8.03E-16
  7.87E-16  7.74E-16  7.43E-16  7.31E-16  7.06E-16  6.97E-16  6.69E-16  6.58E-16
  6.39E-16  6.25E-16  6.13E-16  5.91E-16  5.79E-16  5.63E-16  5.52E-16  5.33E-16
  5.25E-16  5.10E-16  5.00E-16  4.86E-16  4.75E-16  4.65E-16  4.51E-16  4.41E-16
  4.30E-16  4.22E-16  4.11E-16  4.01E-16  3.93E-16  3.82E-16  3.71E-16  3.65E-16
  3.56E-16  3.47E-16  3.42E-16  3.32E-16  3.26E-16  3.16E-16  3.10E-16  3.02E-16
  2.95E-16  2.90E-16  2.84E-16  2.75E-16  2.70E-16  2.65E-16  2.56E-16  2.52E-16
  2.47E-16  2.42E-16  2.36E-16  2.30E-16  2.26E-16  2.20E-16  2.16E-16  2.10E-16
  2.06E-16  2.03E-16  1.97E-16  1.93E-16  1.89E-16  1.85E-16  1.80E-16  1.77E-16
  1.73E-16  1.70E-16  1.66E-16  1.61E-16  1.59E-16  1.56E-16  1.52E-16  1.48E-16
  1.46E-16  1.43E-16  1.40E-16  1.35E-16  1.34E-16  1.31E-16  1.28E-16  1.26E-16
  1.23E-16  1.21E-16  1.18E-16  1.15E-16  1.13E-16  1.11E-16  1.09E-16  1.06E-16
  1.04E-16  1.02E-16  9.98E-17  9.77E-17  9.61E-17  9.41E-17  9.17E-17  8.98E-17
  8.89E-17  8.65E-17  8.48E-17  8.30E-17  8.16E-17  8.00E-17  7.81E-17  7.66E-17
  7.50E-17  7.40E-17  7.19E-17  7.07E-17  6.93E-17  6.82E-17  6.66E-17  6.51E-17
  6.40E-17  6.29E-17  6.17E-17  6.02E-17  5.93E-17  5.81E-17  5.68E-17  5.55E-17
  5.50E-17  5.35E-17  5.27E-17  5.15E-17  5.06E-17  4.97E-17  4.85E-17  4.78E-17
  4.68E-17  4.61E-17  4.50E-17  4.42E-17  4.33E-17  4.25E-17  4.17E-17  4.07E-17
  4.01E-17  3.94E-17  3.86E-17  3.79E-17  3.70E-17  3.67E-17  3.58E-17  3.51E-17
  3.44E-17  3.39E-17  3.32E-17  3.25E-17  3.19E-17  3.13E-17  3.08E-17  3.02E-17
  2.97E-17  2.90E-17  2.86E-17  2.80E-17  2.75E-17  2.68E-17  2.66E-17  2.59E-17
  2.56E-17  2.51E-17  2.46E-17  2.42E-17  2.37E-17  2.33E-17  2.29E-17  2.24E-17
  2.20E-17  2.17E-17  2.13E-17  2.08E-17  2.05E-17  2.01E-17  1.97E-17  1.94E-17
  1.90E-17  1.87E-17  1.84E-17  1.80E-17  1.77E-17  1.74E-17  1.71E-17  1.68E-17
  1.65E-17  1.63E-17  1.59E-17  1.56E-17  1.54E-17  1.52E-17  1.49E-17  1.45E-17
  1.44E-17  1.40E-17  1.38E-17  1.36E-17  1.33E-17  1.31E-17  1.28E-17  1.27E-17
  1.24E-17  1.23E-17  1.20E-17  1.18E-17  1.16E-17  1.14E-17  1.12E-17  1.10E-17
  1.08E-17  1.07E-17  1.05E-17  1.03E-17  1.01E-17  9.95E-18  9.77E-18  9.57E-18
  9.45E-18  9.28E-18  9.11E-18  8.96E-18  8.79E-18  8.68E-18  8.50E-18  8.37E-18
  8.20E-18  8.13E-18  7.99E-18  7.81E-18  7.71E-18  7.58E-18  7.45E-18  7.32E-18
  7.21E-18  7.10E-18  6.97E-18  6.83E-18  6.74E-18  6.65E-18  6.51E-18  6.40E-18
  6.33E-18  6.21E-18  6.10E-18  6.00E-18  5.91E-18  5.83E-18  5.70E-18  5.63E-18
  5.55E-18  5.44E-18  5.37E-18  5.26E-18  5.21E-18  5.10E-18  5.02E-18  4.94E-18
  4.87E-18  4.80E-18  4.70E-18  4.64E-18  4.57E-18  4.49E-18  4.43E-18  4.35E-18
  4.29E-18  4.23E-18  4.15E-18  4.10E-18  4.01E-18  3.97E-18  3.90E-18  3.83E-18
  3.78E-18  3.72E-18  3.68E-18  3.61E-18  3.55E-18  3.51E-18  3.45E-18  3.39E-18
  3.33E-18  3.31E-18  3.24E-18  3.20E-18  3.15E-18  3.10E-18  3.05E-18  3.01E-18
  2.97E-18  2.92E-18  2.88E-18  2.83E-18  2.79E-18  2.75E-18  2.71E-18  2.66E-18
  2.63E-18  2.60E-18  2.56E-18  2.51E-18  2.49E-18  2.45E-18  2.41E-18  2.38E-18
  2.34E-18  2.31E-18  2.27E-18  2.25E-18  2.21E-18  2.18E-18  2.15E-18  2.12E-18
  2.09E-18  2.06E-18  2.04E-18  2.01E-18  1.97E-18  1.95E-18  1.92E-18  1.89E-18
  1.87E-18  1.84E-18  1.83E-18  1.79E-18  1.77E-18  1.75E-18  1.72E-18  1.70E-18
  1.68E-18  1.66E-18  1.64E-18  1.61E-18  1.60E-18  1.57E-18  1.55E-18  1.52E-18
  1.51E-18  1.50E-18  1.47E-18  1.45E-18  1.44E-18  1.42E-18  1.40E-18  1.38E-18
  1.37E-18  1.35E-18  1.33E-18  1.31E-18  1.30E-18  1.28E-18  1.27E-18  1.25E-18
  1.23E-18  1.23E-18  1.21E-18  1.19E-18  1.18E-18  1.17E-18  1.15E-18  1.14E-18
  1.12E-18  1.12E-18  1.10E-18  1.09E-18  1.08E-18  1.07E-18  1.05E-18  1.04E-18
  1.03E-18  1.02E-18  1.01E-18  9.97E-19  9.88E-19  9.77E-19  9.68E-19  9.57E-19
  9.48E-19  9.38E-19  9.29E-19  9.19E-19  9.10E-19  9.02E-19  8.94E-19  8.84E-19
  8.75E-19  8.69E-19  8.58E-19  8.51E-19  8.45E-19  8.36E-19  8.29E-19  8.20E-19
  8.16E-19  8.08E-19  8.01E-19  7.93E-19  7.88E-19  7.81E-19  7.74E-19  7.70E-19
  7.62E-19  7.58E-19  7.52E-19  7.43E-19  7.41E-19  7.37E-19  7.29E-19  7.22E-19
  7.20E-19  7.14E-19  7.10E-19  7.05E-19  7.00E-19  6.96E-19  6.92E-19  6.85E-19
   1.0300742251348085     
  0.00E+00  4.68E-11  5.32E-11  4.40E-11  4.10E-11  2.99E-11  1.80E-11  1.19E-11
  7.70E-12  6.19E-12  3.70E-12  2.90E-12  2.69E-12  2.61E-12  2.46E-12  2.12E-12
  2.19E-12  1.85E-12  1.57E-12  1.22E-12  1.08E-12  9.32E-13  7.51E-13  6.61E-13
  5.49E-13  4.97E-13  4.30E-13  3.78E-13  3.33E-13  2.91E-13  2.60E-13  2.38E-13
  2.08E-13  1.92E-13  1.78E-13  1.56E-13  1.44E-13  1.30E-13  1.19E-13  1.07E-13
  9.96E-14  9.36E-14  8.49E-14  7.82E-14  7.11E-14  6.81E-14  6.07E-14  5.73E-14
  5.36E-14  5.00E-14  4.66E-14  4.25E-14  4.05E-14  3.79E-14  3.49E-14  3.27E-14
  3.09E-14  2.94E-14  2.72E-14  2.57E-14  2.44E-14  2.29E-14  2.17E-14  2.02E-14
  1.95E-14  1.87E-14  1.73E-14  1.65E-14  1.55E-14  1.50E-14  1.40E-14  1.33E-14
  1.29E-14  1.21E-14  1.17E-14  1.09E-14  1.05E-14  1.00E-14  9.43E-15  9.10E-15
  8.68E-15  8.33E-15  7.97E-15  7.62E-15  7.23E-15  6.99E-15  6.67E-15  6.33E-15
  6.16E-15  5.92E-15  5.68E-15  5.40E-15  5.19E-15  4.97E-15  4.77E-15  4.57E-15
  4.45E-15  4.28E-15  4.15E-15  3.90E-15  3.79E-15  3.67E-15  3.54E-15  3.42E-15
  3.22E-15  3.21E-15  3.04E-15  2.92E-15  2.83E-15  2.76E-15  2.64E-15  2.53E-15
  2.48E-15  2.39E-15  2.31E-15  2.21E-15  2.17E-15  2.10E-15  2.00E-15  1.94E-15
  1.89E-15  1.83E-15  1.76E-15  1.71E-15  1.65E-15  1.62E-15  1.55E-15  1.50E-15
  1.46E-15  1.42E-15  1.37E-15  1.32E-15  1.31E-15  1.25E-15  1.22E-15  1.17E-15
  1.15E-15  1.13E-15  1.08E-15  1.04E-15  1.02E-15  9.90E-16  9.69E-16  9.25E-16
  9.08E-16  8.86E-16  8.62E-16  8.34E-16  8.12E-16  7.92E-16  7.67E-16  7.42E-16
  7.25E-16  7.04E-16  6.90E-16  6.62E-16  6.49E-16  6.37E-16  6.14E-16  5.96E-16
  5.84E-16  5.72E-16  5.49E-16  5.41E-16  5.22E-16  5.14E-16  4.95E-16  4.89E-16
  4.73E-16  4.61E-16  4.53E-16  4.36E-16  4.26E-16  4.18E-16  4.09E-16  3.92E-16
  3.86E-16  3.77E-16  3.67E-16  3.58E-16  3.49E-16  3.41E-16  3.31E-16  3.25E-16
  3.17E-16  3.10E-16  3.02E-16  2.94E-16  2.87E-16  2.81E-16  2.72E-16  2.68E-16
  2.61E-16  2.55E-16  2.51E-16  2.43E-16  2.38E-16  2.31E-16  2.27E-16  2.20E-16
  2.15E-16  2.11E-16  2.07E-16  2.01E-16  1.97E-16  1.94E-16  1.87E-16  1.85E-16
  1.80E-16  1.77E-16  1.72E-16  1.68E-16  1.64E-16  1.61E-16  1.58E-16  1.53E-16
  1.50E-16  1.48E-16  1.44E-16  1.41E-16  1.37E-16  1.35E-16  1.31E-16  1.29E-16
  1.26E-16  1.24E-16  1.21E-16  1.18E-16  1.16E-16  1.13E-16  1.11E-16  1.08E-16
  1.06E-16  1.04E-16  1.02E-16  9.88E-17  9.77E-17  9.52E-17  9.33E-17  9.16E-17
  8.92E-17  8.78E-17  8.59E-17  8.40E-17  8.26E-17  8.07E-17  7.89E-17  7.70E-17
  7.59E-17  7.43E-17  7.26E-17  7.13E-17  6.99E-17  6.85E-17  6.69E-17  6.54E-17
  6.47E-17  6.31E-17  6.19E-17  6.06E-17  5.94E-17  5.84E-17  5.69E-17  5.60E-17
  5.47E-17  5.40E-17  5.26E-17  5.16E-17  5.06E-17  4.97E-17  4.86E-17  4.76E-17
  4.68E-17  4.59E-17  4.51E-17  4.40E-17  4.32E-17  4.26E-17  4.16E-17  4.06E-17
  4.01E-17  3.92E-17  3.85E-17  3.77E-17  3.70E-17  3.63E-17  3.55E-17  3.50E-17
  3.42E-17  3.38E-17  3.30E-17  3.23E-17  3.18E-17  3.12E-17  3.06E-17  2.99E-17
  2.94E-17  2.89E-17  2.83E-17  2.78E-17  2.72E-17  2.70E-17  2.62E-17  2.58E-17
  2.53E-17  2.49E-17  2.44E-17  2.39E-17  2.35E-17  2.31E-17  2.27E-17  2.23E-17
  2.19E-17  2.14E-17  2.11E-17  2.06E-17  2.03E-17  1.98E-17  1.97E-17  1.92E-17
  1.88E-17  1.86E-17  1.82E-17  1.79E-17  1.75E-17  1.73E-17  1.70E-17  1.66E-17
  1.63E-17  1.61E-17  1.58E-17  1.55E-17  1.52E-17  1.50E-17  1.46E-17  1.44E-17
  1.42E-17  1.39E-17  1.37E-17  1.34E-17  1.32E-17  1.30E-17  1.28E-17  1.25E-17
  1.23E-17  1.21E-17  1.18E-17  1.17E-17  1.14E-17  1.13E-17  1.11E-17  1.08E-17
  1.07E-17  1.05E-17  1.04E-17  1.01E-17  9.97E-18  9.82E-18  9.61E-18  9.50E-18
  9.30E-18  9.21E-18  9.01E-18  8.87E-18  8.71E-18  8.57E-18  8.43E-18  8.26E-18
  8.11E-18  8.04E-18  7.86E-18  7.72E-18  7.61E-18  7.49E-18  7.36E-18  7.23E-18
  7.12E-18  7.02E-18  6.89E-18  6.76E-18  6.66E-18  6.57E-18  6.43E-18  6.33E-18
  6.21E-18  6.15E-18  6.04E-18  5.93E-18  5.84E-18  5.74E-18  5.66E-18  5.56E-18
  5.48E-18  5.39E-18  5.30E-18  5.20E-18  5.13E-18  5.05E-18  4.96E-18  4.88E-18
  4.82E-18  4.73E-18  4.66E-18  4.58E-18  4.52E-18  4.46E-18  4.36E-18  4.31E-18
  4.25E-18  4.17E-18  4.11E-18  4.03E-18  3.99E-18  3.91E-18  3.86E-18  3.79E-18
  3.75E-18  3.69E-18  3.62E-18  3.57E-18  3.52E-18  3.47E-18  3.41E-18  3.35E-18
  3.31E-18  3.26E-18  3.21E-18  3.16E-18  3.11E-18  3.07E-18  3.02E-18  2.97E-18
  2.93E-18  2.88E-18  2.86E-18  2.80E-18  2.75E-18  2.72E-18  2.68E-18  2.64E-18
  2.60E-18  2.57E-18  2.52E-18  2.49E-18  2.45E-18  2.42E-18  2.38E-18  2.34E-18
  2.32E-18  2.28E-18  2.25E-18  2.21E-18  2.19E-18  2.15E-18  2.13E-18  2.09E-18
  2.06E-18  2.04E-18  2.01E-18  1.97E-18  1.95E-18  1.92E-18  1.90E-18  1.87E-18
  1.84E-18  1.82E-18  1.79E-18  1.77E-18  1.74E-18  1.72E-18  1.70E-18  1.67E-18
  1.65E-18  1.63E-18  1.61E-18  1.59E-18  1.56E-18  1.55E-18  1.52E-18  1.50E-18
  1.48E-18  1.46E-18  1.45E-18  1.42E-18  1.41E-18  1.39E-18  1.37E-18  1.35E-18
  1.33E-18  1.32E-18  1.30E-18  1.28E-18  1.27E-18  1.25E-18  1.24E-18  1.22E-18
  1.21E-18  1.19E-18  1.17E-18  1.16E-18  1.15E-18  1.14E-18  1.12E-18  1.10E-18
  1.09E-18  1.08E-18  1.07E-18  1.05E-18  1.04E-18  1.03E-18  1.02E-18  1.01E-18
  9.93E-19  9.86E-19  9.72E-19  9.60E-19  9.50E-19  9.40E-19  9.29E-19  9.19E-19
  9.07E-19  9.02E-19  8.88E-19  8.80E-19  8.69E-19  8.62E-19  8.49E-19  8.43E-19
  8.34E-19  8.26E-19  8.19E-19  8.08E-19  8.02E-19  7.93E-19  7.85E-19  7.76E-19
  7.70E-19  7.62E-19  7.56E-19  7.48E-19  7.41E-19  7.34E-19  7.29E-19  7.20E-19
  7.14E-19  7.10E-19  7.02E-19  6.96E-19  6.90E-19  6.84E-19  6.79E-19  6.72E-19
  6.68E-19  6.61E-19  6.56E-19  6.51E-19  6.46E-19  6.42E-19  6.36E-19  6.32E-19
  6.27E-19  6.24E-19  6.19E-19  6.12E-19  6.10E-19  6.07E-19  6.01E-19  5.96E-19
  5.95E-19  5.90E-19  5.86E-19  5.82E-19  5.79E-19  5.76E-19  5.73E-19  5.68E-19
   1.0400418873591724     
  0.00E+00  4.32E-11  4.93E-11  3.82E-11  3.33E-11  2.25E-11  1.21E-11  7.78E-12
  5.00E-12  4.86E-12  4.01E-12  3.57E-12  3.46E-12  3.15E-12  2.74E-12  2.03E-12
  1.89E-12  1.47E-12  1.14E-12  8.87E-13  7.71E-13  6.83E-13  5.56E-13  4.91E-13
  4.23E-13  3.92E-13  3.35E-13  2.86E-13  2.65E-13  2.29E-13  2.09E-13  1.89E-13
  1.66E-13  1.51E-13  1.39E-13  1.24E-13  1.14E-13  1.02E-13  9.42E-14  8.46E-14
  8.04E-14  7.32E-14  6.59E-14  6.22E-14  5.59E-14  5.32E-14  4.80E-14  4.52E-14
  4.22E-14  3.99E-14  3.66E-14  3.35E-14  3.20E-14  3.02E-14  2.78E-14  2.59E-14
  2.45E-14  2.36E-14  2.16E-14  2.04E-14  1.95E-14  1.82E-14  1.72E-14  1.59E-14
  1.55E-14  1.49E-14  1.37E-14  1.31E-14  1.22E-14  1.19E-14  1.11E-14  1.05E-14
  1.01E-14  9.54E-15  9.26E-15  8.62E-15  8.32E-15  7.97E-15  7.48E-15  7.25E-15
  6.88E-15  6.67E-15  6.31E-15  6.02E-15  5.69E-15  5.55E-15  5.30E-15  5.01E-15
  4.85E-15  4.67E-15  4.49E-15  4.26E-15  4.14E-15  3.95E-15  3.80E-15  3.63E-15
  3.52E-15  3.38E-15  3.29E-15  3.08E-15  3.00E-15  2.90E-15  2.80E-15  2.69E-15
  2.57E-15  2.52E-15  2.42E-15  2.32E-15  2.25E-15  2.18E-15  2.09E-15  2.00E-15
  1.96E-15  1.88E-15  1.83E-15  1.74E-15  1.71E-15  1.65E-15  1.59E-15  1.53E-15
  1.50E-15  1.45E-15  1.40E-15  1.36E-15  1.31E-15  1.28E-15  1.23E-15  1.19E-15
  1.15E-15  1.13E-15  1.09E-15  1.04E-15  1.03E-15  9.83E-16  9.60E-16  9.24E-16
  9.06E-16  8.83E-16  8.47E-16  8.24E-16  8.05E-16  7.81E-16  7.61E-16  7.28E-16
  7.13E-16  6.96E-16  6.77E-16  6.54E-16  6.39E-16  6.20E-16  6.03E-16  5.82E-16
  5.69E-16  5.55E-16  5.41E-16  5.21E-16  5.11E-16  4.98E-16  4.84E-16  4.69E-16
  4.60E-16  4.50E-16  4.34E-16  4.25E-16  4.11E-16  4.04E-16  3.88E-16  3.82E-16
  3.71E-16  3.62E-16  3.55E-16  3.41E-16  3.34E-16  3.26E-16  3.19E-16  3.08E-16
  3.02E-16  2.95E-16  2.89E-16  2.80E-16  2.73E-16  2.68E-16  2.60E-16  2.54E-16
  2.47E-16  2.43E-16  2.36E-16  2.30E-16  2.25E-16  2.19E-16  2.13E-16  2.09E-16
  2.05E-16  1.99E-16  1.96E-16  1.90E-16  1.86E-16  1.81E-16  1.77E-16  1.73E-16
  1.69E-16  1.66E-16  1.62E-16  1.58E-16  1.54E-16  1.51E-16  1.47E-16  1.44E-16
  1.41E-16  1.38E-16  1.35E-16  1.31E-16  1.29E-16  1.26E-16  1.24E-16  1.20E-16
  1.18E-16  1.16E-16  1.13E-16  1.11E-16  1.08E-16  1.06E-16  1.03E-16  1.01E-16
  9.85E-17  9.72E-17  9.47E-17  9.24E-17  9.11E-17  8.91E-17  8.70E-17  8.47E-17
  8.37E-17  8.16E-17  8.01E-17  7.76E-17  7.66E-17  7.50E-17  7.33E-17  7.19E-17
  7.03E-17  6.90E-17  6.77E-17  6.60E-17  6.50E-17  6.35E-17  6.22E-17  6.08E-17
  5.99E-17  5.85E-17  5.72E-17  5.60E-17  5.50E-17  5.39E-17  5.27E-17  5.15E-17
  5.10E-17  4.97E-17  4.88E-17  4.78E-17  4.68E-17  4.61E-17  4.49E-17  4.40E-17
  4.31E-17  4.25E-17  4.14E-17  4.07E-17  3.99E-17  3.92E-17  3.84E-17  3.75E-17
  3.69E-17  3.63E-17  3.55E-17  3.48E-17  3.41E-17  3.36E-17  3.28E-17  3.21E-17
  3.17E-17  3.10E-17  3.05E-17  2.98E-17  2.93E-17  2.87E-17  2.80E-17  2.76E-17
  2.71E-17  2.67E-17  2.61E-17  2.56E-17  2.52E-17  2.47E-17  2.43E-17  2.37E-17
  2.33E-17  2.29E-17  2.25E-17  2.21E-17  2.16E-17  2.13E-17  2.08E-17  2.05E-17
  2.01E-17  1.97E-17  1.94E-17  1.90E-17  1.87E-17  1.83E-17  1.80E-17  1.77E-17
  1.74E-17  1.70E-17  1.68E-17  1.64E-17  1.61E-17  1.57E-17  1.57E-17  1.52E-17
  1.50E-17  1.48E-17  1.45E-17  1.42E-17  1.40E-17  1.37E-17  1.35E-17  1.32E-17
  1.30E-17  1.28E-17  1.26E-17  1.23E-17  1.21E-17  1.19E-17  1.17E-17  1.15E-17
  1.13E-17  1.11E-17  1.09E-17  1.07E-17  1.05E-17  1.04E-17  1.02E-17  9.98E-18
  9.80E-18  9.69E-18  9.47E-18  9.32E-18  9.18E-18  9.05E-18  8.89E-18  8.64E-18
  8.60E-18  8.41E-18  8.29E-18  8.12E-18  8.00E-18  7.86E-18  7.70E-18  7.63E-18
  7.48E-18  7.39E-18  7.22E-18  7.12E-18  6.99E-18  6.89E-18  6.77E-18  6.64E-18
  6.53E-18  6.46E-18  6.32E-18  6.21E-18  6.13E-18  6.04E-18  5.93E-18  5.81E-18
  5.74E-18  5.65E-18  5.54E-18  5.45E-18  5.35E-18  5.29E-18  5.19E-18  5.10E-18
  5.01E-18  4.97E-18  4.88E-18  4.78E-18  4.72E-18  4.64E-18  4.57E-18  4.48E-18
  4.42E-18  4.35E-18  4.29E-18  4.21E-18  4.15E-18  4.09E-18  4.01E-18  3.95E-18
  3.91E-18  3.84E-18  3.78E-18  3.72E-18  3.66E-18  3.61E-18  3.53E-18  3.49E-18
  3.44E-18  3.38E-18  3.33E-18  3.27E-18  3.24E-18  3.18E-18  3.13E-18  3.08E-18
  3.04E-18  3.00E-18  2.94E-18  2.91E-18  2.86E-18  2.82E-18  2.78E-18  2.73E-18
  2.69E-18  2.66E-18  2.61E-18  2.58E-18  2.53E-18  2.50E-18  2.46E-18  2.42E-18
  2.39E-18  2.35E-18  2.33E-18  2.28E-18  2.25E-18  2.22E-18  2.19E-18  2.15E-18
  2.12E-18  2.11E-18  2.06E-18  2.04E-18  2.01E-18  1.98E-18  1.95E-18  1.92E-18
  1.90E-18  1.87E-18  1.85E-18  1.81E-18  1.79E-18  1.76E-18  1.74E-18  1.71E-18
  1.69E-18  1.67E-18  1.65E-18  1.62E-18  1.60E-18  1.58E-18  1.56E-18  1.54E-18
  1.51E-18  1.50E-18  1.47E-18  1.45E-18  1.43E-18  1.42E-18  1.40E-18  1.38E-18
  1.36E-18  1.34E-18  1.32E-18  1.31E-18  1.29E-18  1.27E-18  1.25E-18  1.24E-18
  1.22E-18  1.21E-18  1.20E-18  1.17E-18  1.16E-18  1.15E-18  1.13E-18  1.12E-18
  1.10E-18  1.09E-18  1.08E-18  1.06E-18  1.05E-18  1.04E-18  1.03E-18  1.01E-18
  1.00E-18  9.87E-19  9.73E-19  9.60E-19  9.52E-19  9.42E-19  9.26E-19  9.17E-19
  9.08E-19  8.98E-19  8.86E-19  8.74E-19  8.65E-19  8.55E-19  8.45E-19  8.35E-19
  8.25E-19  8.19E-19  8.09E-19  7.98E-19  7.90E-19  7.83E-19  7.72E-19  7.65E-19
  7.55E-19  7.50E-19  7.39E-19  7.33E-19  7.24E-19  7.17E-19  7.07E-19  7.03E-19
  6.95E-19  6.88E-19  6.83E-19  6.74E-19  6.69E-19  6.61E-19  6.55E-19  6.49E-19
  6.43E-19  6.36E-19  6.31E-19  6.25E-19  6.19E-19  6.14E-19  6.09E-19  6.02E-19
  5.97E-19  5.93E-19  5.87E-19  5.82E-19  5.78E-19  5.72E-19  5.69E-19  5.62E-19
  5.59E-19  5.54E-19  5.50E-19  5.46E-19  5.42E-19  5.38E-19  5.33E-19  5.30E-19
  5.26E-19  5.23E-19  5.20E-19  5.14E-19  5.13E-19  5.10E-19  5.05E-19  5.01E-19
  5.00E-19  4.96E-19  4.93E-19  4.90E-19  4.88E-19  4.85E-19  4.82E-19  4.79E-19
   1.0500417980010692     
  0.00E+00  4.13E-11  4.54E-11  3.29E-11  2.66E-11  1.67E-11  8.62E-12  6.26E-12
  4.83E-12  5.26E-12  4.70E-12  4.11E-12  3.54E-12  2.87E-12  2.22E-12  1.56E-12
  1.36E-12  1.10E-12  8.84E-13  7.11E-13  6.17E-13  5.42E-13  4.59E-13  3.97E-13
  3.45E-13  3.09E-13  2.72E-13  2.38E-13  2.08E-13  1.84E-13  1.63E-13  1.50E-13
  1.32E-13  1.22E-13  1.10E-13  9.77E-14  9.18E-14  8.32E-14  7.62E-14  6.77E-14
  6.41E-14  5.97E-14  5.32E-14  5.02E-14  4.52E-14  4.32E-14  3.87E-14  3.60E-14
  3.45E-14  3.18E-14  2.97E-14  2.72E-14  2.60E-14  2.43E-14  2.26E-14  2.09E-14
  1.99E-14  1.90E-14  1.75E-14  1.65E-14  1.58E-14  1.48E-14  1.41E-14  1.29E-14
  1.26E-14  1.20E-14  1.12E-14  1.08E-14  9.94E-15  9.63E-15  8.97E-15  8.54E-15
  8.25E-15  7.77E-15  7.51E-15  7.00E-15  6.74E-15  6.42E-15  6.05E-15  5.87E-15
  5.58E-15  5.39E-15  5.10E-15  4.90E-15  4.65E-15  4.51E-15  4.30E-15  4.09E-15
  3.94E-15  3.80E-15  3.65E-15  3.47E-15  3.35E-15  3.22E-15  3.09E-15  2.94E-15
  2.86E-15  2.75E-15  2.67E-15  2.52E-15  2.45E-15  2.36E-15  2.27E-15  2.20E-15
  2.08E-15  2.06E-15  1.96E-15  1.89E-15  1.82E-15  1.78E-15  1.70E-15  1.63E-15
  1.59E-15  1.53E-15  1.49E-15  1.41E-15  1.39E-15  1.34E-15  1.28E-15  1.24E-15
  1.22E-15  1.17E-15  1.14E-15  1.10E-15  1.06E-15  1.04E-15  9.89E-16  9.60E-16
  9.33E-16  9.15E-16  8.76E-16  8.44E-16  8.33E-16  7.97E-16  7.78E-16  7.46E-16
  7.33E-16  7.15E-16  6.86E-16  6.64E-16  6.50E-16  6.31E-16  6.15E-16  5.89E-16
  5.77E-16  5.63E-16  5.47E-16  5.31E-16  5.15E-16  5.04E-16  4.86E-16  4.72E-16
  4.61E-16  4.48E-16  4.38E-16  4.21E-16  4.13E-16  4.02E-16  3.90E-16  3.79E-16
  3.71E-16  3.64E-16  3.48E-16  3.44E-16  3.31E-16  3.27E-16  3.13E-16  3.09E-16
  2.99E-16  2.92E-16  2.87E-16  2.76E-16  2.70E-16  2.63E-16  2.58E-16  2.49E-16
  2.44E-16  2.38E-16  2.33E-16  2.26E-16  2.21E-16  2.16E-16  2.10E-16  2.05E-16
  2.00E-16  1.96E-16  1.91E-16  1.86E-16  1.82E-16  1.78E-16  1.72E-16  1.70E-16
  1.65E-16  1.61E-16  1.58E-16  1.54E-16  1.51E-16  1.47E-16  1.44E-16  1.40E-16
  1.37E-16  1.34E-16  1.31E-16  1.28E-16  1.25E-16  1.23E-16  1.19E-16  1.17E-16
  1.14E-16  1.12E-16  1.09E-16  1.06E-16  1.04E-16  1.02E-16  1.00E-16  9.71E-17
  9.54E-17  9.37E-17  9.09E-17  8.96E-17  8.74E-17  8.61E-17  8.33E-17  8.19E-17
  8.00E-17  7.90E-17  7.70E-17  7.50E-17  7.36E-17  7.22E-17  7.05E-17  6.86E-17
  6.78E-17  6.62E-17  6.50E-17  6.29E-17  6.22E-17  6.08E-17  5.94E-17  5.84E-17
  5.70E-17  5.61E-17  5.49E-17  5.35E-17  5.26E-17  5.15E-17  5.04E-17  4.91E-17
  4.85E-17  4.75E-17  4.63E-17  4.54E-17  4.47E-17  4.36E-17  4.28E-17  4.18E-17
  4.14E-17  4.02E-17  3.95E-17  3.87E-17  3.80E-17  3.73E-17  3.65E-17  3.57E-17
  3.50E-17  3.44E-17  3.36E-17  3.31E-17  3.24E-17  3.19E-17  3.12E-17  3.04E-17
  3.00E-17  2.94E-17  2.89E-17  2.83E-17  2.77E-17  2.73E-17  2.67E-17  2.61E-17
  2.58E-17  2.52E-17  2.47E-17  2.42E-17  2.37E-17  2.34E-17  2.28E-17  2.25E-17
  2.20E-17  2.17E-17  2.12E-17  2.08E-17  2.05E-17  2.01E-17  1.97E-17  1.93E-17
  1.90E-17  1.86E-17  1.82E-17  1.80E-17  1.75E-17  1.74E-17  1.70E-17  1.67E-17
  1.63E-17  1.61E-17  1.58E-17  1.55E-17  1.52E-17  1.49E-17  1.47E-17  1.44E-17
  1.42E-17  1.39E-17  1.37E-17  1.34E-17  1.31E-17  1.28E-17  1.28E-17  1.24E-17
  1.22E-17  1.21E-17  1.18E-17  1.16E-17  1.14E-17  1.12E-17  1.10E-17  1.08E-17
  1.06E-17  1.04E-17  1.02E-17  1.00E-17  9.86E-18  9.73E-18  9.51E-18  9.38E-18
  9.21E-18  9.07E-18  8.91E-18  8.73E-18  8.60E-18  8.45E-18  8.31E-18  8.16E-18
  8.01E-18  7.92E-18  7.74E-18  7.61E-18  7.48E-18  7.38E-18  7.26E-18  7.06E-18
  7.03E-18  6.86E-18  6.78E-18  6.64E-18  6.55E-18  6.43E-18  6.30E-18  6.23E-18
  6.10E-18  6.03E-18  5.91E-18  5.80E-18  5.71E-18  5.63E-18  5.53E-18  5.43E-18
  5.34E-18  5.28E-18  5.17E-18  5.08E-18  5.00E-18  4.93E-18  4.84E-18  4.76E-18
  4.70E-18  4.62E-18  4.54E-18  4.45E-18  4.38E-18  4.34E-18  4.25E-18  4.19E-18
  4.11E-18  4.06E-18  3.99E-18  3.92E-18  3.86E-18  3.80E-18  3.75E-18  3.68E-18
  3.63E-18  3.57E-18  3.51E-18  3.45E-18  3.41E-18  3.36E-18  3.29E-18  3.24E-18
  3.21E-18  3.14E-18  3.10E-18  3.05E-18  3.00E-18  2.96E-18  2.90E-18  2.87E-18
  2.83E-18  2.78E-18  2.74E-18  2.69E-18  2.66E-18  2.61E-18  2.57E-18  2.53E-18
  2.50E-18  2.47E-18  2.42E-18  2.38E-18  2.35E-18  2.32E-18  2.28E-18  2.25E-18
  2.21E-18  2.19E-18  2.15E-18  2.12E-18  2.08E-18  2.06E-18  2.02E-18  1.99E-18
  1.97E-18  1.93E-18  1.92E-18  1.88E-18  1.85E-18  1.83E-18  1.80E-18  1.78E-18
  1.74E-18  1.73E-18  1.70E-18  1.68E-18  1.65E-18  1.63E-18  1.60E-18  1.58E-18
  1.56E-18  1.54E-18  1.52E-18  1.49E-18  1.47E-18  1.45E-18  1.44E-18  1.41E-18
  1.39E-18  1.38E-18  1.36E-18  1.33E-18  1.32E-18  1.30E-18  1.28E-18  1.27E-18
  1.25E-18  1.24E-18  1.21E-18  1.20E-18  1.18E-18  1.17E-18  1.15E-18  1.13E-18
  1.12E-18  1.11E-18  1.09E-18  1.08E-18  1.06E-18  1.05E-18  1.03E-18  1.02E-18
  1.01E-18  9.95E-19  9.86E-19  9.70E-19  9.58E-19  9.47E-19  9.33E-19  9.21E-19
  9.10E-19  9.01E-19  8.89E-19  8.74E-19  8.68E-19  8.56E-19  8.45E-19  8.31E-19
  8.27E-19  8.16E-19  8.03E-19  7.94E-19  7.86E-19  7.78E-19  7.65E-19  7.57E-19
  7.49E-19  7.42E-19  7.32E-19  7.22E-19  7.14E-19  7.07E-19  6.98E-19  6.90E-19
  6.81E-19  6.77E-19  6.67E-19  6.60E-19  6.52E-19  6.46E-19  6.39E-19  6.32E-19
  6.24E-19  6.21E-19  6.11E-19  6.06E-19  5.99E-19  5.93E-19  5.85E-19  5.81E-19
  5.75E-19  5.70E-19  5.65E-19  5.57E-19  5.53E-19  5.47E-19  5.42E-19  5.36E-19
  5.32E-19  5.27E-19  5.22E-19  5.17E-19  5.12E-19  5.08E-19  5.04E-19  4.98E-19
  4.94E-19  4.91E-19  4.85E-19  4.82E-19  4.78E-19  4.74E-19  4.71E-19  4.66E-19
  4.63E-19  4.59E-19  4.56E-19  4.52E-19  4.49E-19  4.45E-19  4.42E-19  4.39E-19
  4.36E-19  4.34E-19  4.31E-19  4.26E-19  4.25E-19  4.23E-19  4.19E-19  4.15E-19
  4.15E-19  4.12E-19  4.09E-19  4.07E-19  4.05E-19  4.03E-19  4.00E-19  3.97E-19
   1.0600404973187911     
  0.00E+00  4.02E-11  4.27E-11  2.83E-11  2.14E-11  1.28E-11  7.24E-12  6.09E-12
  5.69E-12  5.95E-12  4.75E-12  3.80E-12  3.01E-12  2.23E-12  1.66E-12  1.20E-12
  1.07E-12  8.85E-13  7.42E-13  5.81E-13  5.28E-13  4.56E-13  3.69E-13  3.20E-13
  2.84E-13  2.50E-13  2.21E-13  1.90E-13  1.73E-13  1.52E-13  1.33E-13  1.24E-13
  1.09E-13  1.02E-13  9.15E-14  8.10E-14  7.55E-14  6.77E-14  6.28E-14  5.54E-14
  5.21E-14  4.87E-14  4.38E-14  4.18E-14  3.74E-14  3.57E-14  3.17E-14  3.01E-14
  2.82E-14  2.64E-14  2.48E-14  2.24E-14  2.14E-14  1.99E-14  1.86E-14  1.73E-14
  1.65E-14  1.57E-14  1.45E-14  1.36E-14  1.30E-14  1.22E-14  1.15E-14  1.06E-14
  1.04E-14  9.96E-15  9.18E-15  8.83E-15  8.21E-15  7.97E-15  7.42E-15  7.05E-15
  6.83E-15  6.41E-15  6.21E-15  5.78E-15  5.60E-15  5.33E-15  5.02E-15  4.87E-15
  4.61E-15  4.45E-15  4.25E-15  4.04E-15  3.84E-15  3.75E-15  3.56E-15  3.39E-15
  3.24E-15  3.12E-15  3.04E-15  2.88E-15  2.77E-15  2.66E-15  2.56E-15  2.43E-15
  2.36E-15  2.28E-15  2.21E-15  2.08E-15  2.02E-15  1.94E-15  1.88E-15  1.82E-15
  1.72E-15  1.70E-15  1.61E-15  1.56E-15  1.50E-15  1.47E-15  1.40E-15  1.34E-15
  1.31E-15  1.27E-15  1.22E-15  1.17E-15  1.15E-15  1.10E-15  1.06E-15  1.02E-15
  1.00E-15  9.70E-16  9.33E-16  9.08E-16  8.73E-16  8.56E-16  8.17E-16  7.97E-16
  7.71E-16  7.53E-16  7.25E-16  6.95E-16  6.87E-16  6.59E-16  6.42E-16  6.16E-16
  6.07E-16  5.91E-16  5.65E-16  5.47E-16  5.37E-16  5.18E-16  5.07E-16  4.86E-16
  4.77E-16  4.65E-16  4.52E-16  4.38E-16  4.27E-16  4.15E-16  4.01E-16  3.90E-16
  3.79E-16  3.70E-16  3.62E-16  3.47E-16  3.41E-16  3.34E-16  3.22E-16  3.12E-16
  3.06E-16  3.01E-16  2.87E-16  2.83E-16  2.73E-16  2.68E-16  2.58E-16  2.55E-16
  2.48E-16  2.41E-16  2.36E-16  2.28E-16  2.23E-16  2.17E-16  2.13E-16  2.05E-16
  2.02E-16  1.97E-16  1.92E-16  1.87E-16  1.82E-16  1.78E-16  1.73E-16  1.69E-16
  1.65E-16  1.62E-16  1.58E-16  1.53E-16  1.50E-16  1.47E-16  1.42E-16  1.40E-16
  1.36E-16  1.33E-16  1.31E-16  1.27E-16  1.25E-16  1.21E-16  1.18E-16  1.16E-16
  1.13E-16  1.11E-16  1.08E-16  1.05E-16  1.03E-16  1.01E-16  9.81E-17  9.65E-17
  9.44E-17  9.24E-17  9.00E-17  8.76E-17  8.61E-17  8.43E-17  8.26E-17  8.02E-17
  7.87E-17  7.74E-17  7.51E-17  7.38E-17  7.22E-17  7.09E-17  6.88E-17  6.76E-17
  6.59E-17  6.50E-17  6.34E-17  6.18E-17  6.07E-17  5.97E-17  5.81E-17  5.68E-17
  5.60E-17  5.46E-17  5.36E-17  5.20E-17  5.14E-17  5.02E-17  4.89E-17  4.82E-17
  4.70E-17  4.63E-17  4.53E-17  4.42E-17  4.34E-17  4.25E-17  4.16E-17  4.06E-17
  4.00E-17  3.92E-17  3.83E-17  3.77E-17  3.69E-17  3.62E-17  3.54E-17  3.46E-17
  3.42E-17  3.33E-17  3.27E-17  3.20E-17  3.14E-17  3.09E-17  3.01E-17  2.95E-17
  2.90E-17  2.86E-17  2.79E-17  2.73E-17  2.68E-17  2.64E-17  2.57E-17  2.52E-17
  2.48E-17  2.44E-17  2.39E-17  2.33E-17  2.29E-17  2.26E-17  2.20E-17  2.16E-17
  2.13E-17  2.08E-17  2.05E-17  2.00E-17  1.97E-17  1.93E-17  1.89E-17  1.86E-17
  1.82E-17  1.80E-17  1.75E-17  1.72E-17  1.69E-17  1.66E-17  1.63E-17  1.59E-17
  1.57E-17  1.54E-17  1.51E-17  1.48E-17  1.45E-17  1.44E-17  1.40E-17  1.38E-17
  1.35E-17  1.33E-17  1.30E-17  1.28E-17  1.26E-17  1.23E-17  1.21E-17  1.19E-17
  1.17E-17  1.14E-17  1.13E-17  1.10E-17  1.09E-17  1.06E-17  1.05E-17  1.03E-17
  1.01E-17  9.98E-18  9.77E-18  9.60E-18  9.42E-18  9.24E-18  9.10E-18  8.91E-18
  8.75E-18  8.63E-18  8.48E-18  8.32E-18  8.18E-18  8.06E-18  7.86E-18  7.76E-18
  7.61E-18  7.50E-18  7.37E-18  7.21E-18  7.11E-18  6.99E-18  6.88E-18  6.74E-18
  6.62E-18  6.54E-18  6.40E-18  6.30E-18  6.18E-18  6.11E-18  6.00E-18  5.84E-18
  5.81E-18  5.68E-18  5.60E-18  5.48E-18  5.41E-18  5.32E-18  5.21E-18  5.15E-18
  5.04E-18  5.00E-18  4.88E-18  4.81E-18  4.73E-18  4.65E-18  4.58E-18  4.48E-18
  4.41E-18  4.36E-18  4.28E-18  4.20E-18  4.14E-18  4.08E-18  4.00E-18  3.93E-18
  3.88E-18  3.82E-18  3.75E-18  3.68E-18  3.63E-18  3.58E-18  3.51E-18  3.46E-18
  3.39E-18  3.36E-18  3.30E-18  3.24E-18  3.20E-18  3.14E-18  3.09E-18  3.04E-18
  3.00E-18  2.95E-18  2.90E-18  2.85E-18  2.81E-18  2.77E-18  2.72E-18  2.68E-18
  2.65E-18  2.60E-18  2.56E-18  2.52E-18  2.48E-18  2.45E-18  2.40E-18  2.37E-18
  2.33E-18  2.30E-18  2.26E-18  2.22E-18  2.20E-18  2.15E-18  2.13E-18  2.09E-18
  2.07E-18  2.04E-18  2.00E-18  1.97E-18  1.94E-18  1.92E-18  1.89E-18  1.86E-18
  1.83E-18  1.81E-18  1.77E-18  1.75E-18  1.72E-18  1.70E-18  1.67E-18  1.64E-18
  1.63E-18  1.60E-18  1.58E-18  1.55E-18  1.53E-18  1.51E-18  1.49E-18  1.47E-18
  1.44E-18  1.43E-18  1.40E-18  1.38E-18  1.36E-18  1.35E-18  1.33E-18  1.31E-18
  1.29E-18  1.27E-18  1.26E-18  1.23E-18  1.22E-18  1.20E-18  1.19E-18  1.16E-18
  1.15E-18  1.14E-18  1.12E-18  1.10E-18  1.09E-18  1.07E-18  1.06E-18  1.04E-18
  1.03E-18  1.02E-18  1.00E-18  9.89E-19  9.76E-19  9.64E-19  9.51E-19  9.37E-19
  9.27E-19  9.11E-19  9.01E-19  8.88E-19  8.76E-19  8.67E-19  8.53E-19  8.44E-19
  8.34E-19  8.21E-19  8.13E-19  8.00E-19  7.90E-19  7.81E-19  7.71E-19  7.61E-19
  7.51E-19  7.42E-19  7.34E-19  7.22E-19  7.16E-19  7.06E-19  6.97E-19  6.86E-19
  6.81E-19  6.73E-19  6.62E-19  6.55E-19  6.48E-19  6.41E-19  6.31E-19  6.24E-19
  6.19E-19  6.12E-19  6.04E-19  5.96E-19  5.89E-19  5.83E-19  5.76E-19  5.69E-19
  5.62E-19  5.59E-19  5.51E-19  5.44E-19  5.39E-19  5.33E-19  5.26E-19  5.21E-19
  5.15E-19  5.12E-19  5.04E-19  5.00E-19  4.94E-19  4.90E-19  4.82E-19  4.80E-19
  4.74E-19  4.70E-19  4.66E-19  4.60E-19  4.57E-19  4.52E-19  4.47E-19  4.42E-19
  4.39E-19  4.35E-19  4.31E-19  4.27E-19  4.23E-19  4.19E-19  4.16E-19  4.12E-19
  4.08E-19  4.06E-19  4.01E-19  3.98E-19  3.96E-19  3.91E-19  3.89E-19  3.85E-19
  3.83E-19  3.79E-19  3.76E-19  3.74E-19  3.71E-19  3.68E-19  3.65E-19  3.63E-19
  3.60E-19  3.59E-19  3.56E-19  3.52E-19  3.51E-19  3.50E-19  3.47E-19  3.44E-19
  3.43E-19  3.40E-19  3.39E-19  3.36E-19  3.35E-19  3.33E-19  3.31E-19  3.29E-19
