#---it-------t--------ee2m------aa2m------emag------EEGW------hrms------brms------erms------EEEM------bmax---
      0     -0.900 2.864E-12 1.439E-15 0.000E+00 0.000E+00 0.000E+00 0.000E+00 0.000E+00 0.000E+00 0.000E+00
      5     -0.875 6.264E-12 4.913E-15 4.329E-10 3.356E-21 1.384E-12 1.868E-06 3.886E-06 9.294E-12 6.294E-06
     10     -0.850 2.139E-11 2.115E-14 1.166E-09 2.559E-20 7.275E-12 3.066E-06 6.881E-06 2.837E-11 1.151E-05
     15     -0.825 7.337E-11 8.309E-14 2.629E-09 1.811E-19 2.224E-11 4.604E-06 1.227E-05 8.586E-11 1.637E-05
     20     -0.800 2.168E-10 3.066E-13 6.491E-09 1.185E-18 6.270E-11 7.235E-06 2.101E-05 2.469E-10 2.482E-05
     25     -0.775 5.795E-10 1.015E-12 1.564E-08 6.675E-18 1.647E-10 1.123E-05 3.424E-05 6.494E-10 3.664E-05
     30     -0.750 1.417E-09 3.025E-12 3.573E-08 3.234E-17 3.972E-10 1.697E-05 5.342E-05 1.571E-09 5.540E-05
     35     -0.725 3.208E-09 8.212E-12 7.725E-08 1.379E-16 8.932E-10 2.496E-05 8.021E-05 3.528E-09 8.162E-05
     40     -0.700 6.794E-09 2.057E-11 1.583E-07 5.222E-16 1.887E-09 3.572E-05 1.165E-04 7.429E-09 1.160E-04
     45     -0.675 1.356E-08 4.798E-11 3.089E-07 1.786E-15 3.769E-09 4.990E-05 1.644E-04 1.476E-08 1.566E-04
     50     -0.650 2.579E-08 1.055E-10 5.769E-07 5.590E-15 7.168E-09 6.820E-05 2.266E-04 2.799E-08 2.085E-04
     55     -0.625 4.700E-08 2.203E-10 1.036E-06 1.631E-14 1.306E-08 9.140E-05 3.056E-04 5.086E-08 2.880E-04
     60     -0.600 8.247E-08 4.389E-10 1.797E-06 4.433E-14 2.296E-08 1.204E-04 4.045E-04 8.904E-08 3.902E-04
     65     -0.575 1.399E-07 8.396E-10 3.022E-06 1.138E-13 3.902E-08 1.561E-04 5.265E-04 1.508E-07 5.182E-04
     70     -0.550 2.304E-07 1.549E-09 4.942E-06 2.767E-13 6.440E-08 1.996E-04 6.753E-04 2.479E-07 6.663E-04
     75     -0.525 3.693E-07 2.765E-09 7.881E-06 6.377E-13 1.034E-07 2.521E-04 8.547E-04 3.970E-07 8.323E-04
     80     -0.500 5.780E-07 4.792E-09 1.228E-05 1.403E-12 1.618E-07 3.147E-04 1.069E-03 6.207E-07 1.017E-03
     85     -0.475 8.851E-07 8.089E-09 1.876E-05 2.991E-12 2.474E-07 3.889E-04 1.322E-03 9.497E-07 1.223E-03
     90     -0.450 1.329E-06 1.333E-08 2.810E-05 6.191E-12 3.719E-07 4.760E-04 1.620E-03 1.425E-06 1.453E-03
     95     -0.425 1.959E-06 2.148E-08 4.138E-05 1.242E-11 5.497E-07 5.776E-04 1.966E-03 2.099E-06 1.776E-03
    100     -0.400 2.841E-06 3.391E-08 5.997E-05 2.383E-11 7.991E-07 6.954E-04 2.367E-03 3.042E-06 2.146E-03
    105     -0.375 4.059E-06 5.257E-08 8.564E-05 4.480E-11 1.142E-06 8.309E-04 2.827E-03 4.342E-06 2.567E-03
    110     -0.350 5.717E-06 8.010E-08 1.206E-04 8.123E-11 1.608E-06 9.862E-04 3.354E-03 6.112E-06 3.058E-03
    115     -0.325 7.950E-06 1.201E-07 1.678E-04 1.447E-10 2.231E-06 1.163E-03 3.953E-03 8.491E-06 3.618E-03
    120     -0.300 1.092E-05 1.775E-07 2.306E-04 2.544E-10 3.057E-06 1.364E-03 4.632E-03 1.166E-05 4.255E-03
    125     -0.275 1.484E-05 2.587E-07 3.135E-04 4.392E-10 4.147E-06 1.590E-03 5.396E-03 1.582E-05 4.965E-03
    130     -0.250 1.995E-05 3.724E-07 4.219E-04 7.449E-10 5.574E-06 1.844E-03 6.253E-03 2.125E-05 5.767E-03
    135     -0.225 2.657E-05 5.295E-07 5.622E-04 1.242E-09 7.426E-06 2.129E-03 7.211E-03 2.826E-05 6.653E-03
    140     -0.200 3.506E-05 7.446E-07 7.424E-04 2.038E-09 9.812E-06 2.447E-03 8.277E-03 3.725E-05 7.648E-03
    145     -0.175 4.586E-05 1.036E-06 9.720E-04 3.285E-09 1.286E-05 2.799E-03 9.460E-03 4.866E-05 8.762E-03
    150     -0.150 5.952E-05 1.428E-06 1.262E-03 5.197E-09 1.671E-05 3.190E-03 1.077E-02 6.307E-05 9.985E-03
    155     -0.125 7.666E-05 1.949E-06 1.627E-03 8.127E-09 2.154E-05 3.622E-03 1.221E-02 8.110E-05 1.136E-02
    160     -0.100 9.802E-05 2.637E-06 2.081E-03 1.256E-08 2.757E-05 4.096E-03 1.380E-02 1.036E-04 1.286E-02
    165     -0.075 1.245E-04 3.538E-06 2.644E-03 1.917E-08 3.504E-05 4.617E-03 1.553E-02 1.313E-04 1.451E-02
    170     -0.050 1.571E-04 4.711E-06 3.337E-03 2.894E-08 4.426E-05 5.187E-03 1.744E-02 1.654E-04 1.629E-02
    175     -0.025 1.971E-04 6.226E-06 4.186E-03 4.318E-08 5.554E-05 5.809E-03 1.951E-02 2.072E-04 1.822E-02
    180     -0.000 2.458E-04 8.169E-06 5.219E-03 6.376E-08 6.930E-05 6.487E-03 2.177E-02 2.579E-04 2.032E-02
    185      0.025 3.048E-04 1.065E-05 6.471E-03 9.183E-08 8.604E-05 7.223E-03 2.422E-02 3.193E-04 2.255E-02
    190      0.050 3.760E-04 1.379E-05 7.979E-03 1.315E-07 1.059E-04 8.021E-03 2.687E-02 3.933E-04 2.492E-02
    195      0.075 4.616E-04 1.775E-05 9.788E-03 1.877E-07 1.296E-04 8.884E-03 2.975E-02 4.820E-04 2.746E-02
    200      0.100 5.639E-04 2.271E-05 1.195E-02 2.664E-07 1.579E-04 9.816E-03 3.285E-02 5.878E-04 3.014E-02
    205      0.125 6.858E-04 2.890E-05 1.452E-02 3.758E-07 1.915E-04 1.082E-02 3.620E-02 7.137E-04 3.299E-02
    210      0.150 8.303E-04 3.658E-05 1.756E-02 5.266E-07 2.313E-04 1.190E-02 3.980E-02 8.628E-04 3.600E-02
    215      0.175 1.001E-03 4.606E-05 2.116E-02 7.326E-07 2.784E-04 1.306E-02 4.367E-02 1.039E-03 3.917E-02
    220      0.200 1.202E-03 5.772E-05 2.538E-02 1.012E-06 3.338E-04 1.431E-02 4.782E-02 1.246E-03 4.248E-02
    225      0.225 1.438E-03 7.199E-05 3.033E-02 1.389E-06 3.989E-04 1.564E-02 5.226E-02 1.488E-03 4.594E-02
    230      0.250 1.714E-03 8.939E-05 3.611E-02 1.894E-06 4.750E-04 1.706E-02 5.702E-02 1.771E-03 4.954E-02
    235      0.275 2.035E-03 1.105E-04 4.284E-02 2.565E-06 5.639E-04 1.859E-02 6.210E-02 2.101E-03 5.328E-02
    240      0.300 2.409E-03 1.360E-04 5.065E-02 3.454E-06 6.672E-04 2.021E-02 6.752E-02 2.484E-03 5.715E-02
    245      0.325 2.841E-03 1.668E-04 5.970E-02 4.622E-06 7.869E-04 2.194E-02 7.329E-02 2.927E-03 6.115E-02
    250      0.350 3.340E-03 2.037E-04 7.013E-02 6.151E-06 9.253E-04 2.378E-02 7.944E-02 3.438E-03 6.527E-02
    255      0.375 3.915E-03 2.479E-04 8.215E-02 8.140E-06 1.085E-03 2.574E-02 8.597E-02 4.027E-03 6.996E-02
    260      0.400 4.576E-03 3.006E-04 9.594E-02 1.072E-05 1.268E-03 2.781E-02 9.291E-02 4.703E-03 7.602E-02
    265      0.425 5.332E-03 3.632E-04 1.117E-01 1.395E-05 1.478E-03 3.002E-02 1.003E-01 5.477E-03 8.240E-02
    270      0.450 6.197E-03 4.374E-04 1.298E-01 1.796E-05 1.717E-03 3.235E-02 1.081E-01 6.362E-03 8.910E-02
    275      0.475 7.182E-03 5.250E-04 1.504E-01 2.311E-05 1.988E-03 3.482E-02 1.163E-01 7.371E-03 9.610E-02
    280      0.500 8.301E-03 6.281E-04 1.738E-01 2.971E-05 2.294E-03 3.744E-02 1.250E-01 8.519E-03 1.035E-01
    285      0.525 9.572E-03 7.493E-04 2.005E-01 3.810E-05 2.641E-03 4.020E-02 1.343E-01 9.821E-03 1.112E-01
    290      0.550 1.101E-02 8.912E-04 2.306E-01 4.874E-05 3.032E-03 4.312E-02 1.440E-01 1.130E-02 1.191E-01
    295      0.575 1.263E-02 1.057E-03 2.647E-01 6.217E-05 3.475E-03 4.620E-02 1.543E-01 1.296E-02 1.275E-01
    300      0.600 1.446E-02 1.250E-03 3.033E-01 7.903E-05 3.974E-03 4.945E-02 1.651E-01 1.484E-02 1.361E-01
    305      0.625 1.652E-02 1.474E-03 3.467E-01 1.001E-04 4.536E-03 5.287E-02 1.764E-01 1.696E-02 1.451E-01
    310      0.650 1.884E-02 1.735E-03 3.955E-01 1.265E-04 5.168E-03 5.647E-02 1.884E-01 1.934E-02 1.544E-01
    315      0.675 2.142E-02 2.036E-03 4.504E-01 1.591E-04 5.877E-03 6.026E-02 2.010E-01 2.201E-02 1.641E-01
    320      0.700 2.432E-02 2.383E-03 5.119E-01 1.995E-04 6.673E-03 6.425E-02 2.142E-01 2.500E-02 1.740E-01
    325      0.725 2.755E-02 2.783E-03 5.808E-01 2.494E-04 7.564E-03 6.843E-02 2.280E-01 2.834E-02 1.844E-01
    330      0.750 3.115E-02 3.242E-03 6.578E-01 3.106E-04 8.559E-03 7.283E-02 2.425E-01 3.206E-02 1.950E-01
    335      0.775 3.516E-02 3.769E-03 7.437E-01 3.856E-04 9.670E-03 7.744E-02 2.577E-01 3.621E-02 2.060E-01
    340      0.800 3.961E-02 4.372E-03 8.395E-01 4.771E-04 1.091E-02 8.227E-02 2.737E-01 4.083E-02 2.172E-01
    345      0.825 4.454E-02 5.060E-03 9.460E-01 5.884E-04 1.228E-02 8.734E-02 2.903E-01 4.595E-02 2.288E-01
    350      0.850 5.000E-02 5.845E-03 1.064E+00 7.235E-04 1.381E-02 9.264E-02 3.077E-01 5.164E-02 2.408E-01
    355      0.875 5.604E-02 6.737E-03 1.196E+00 8.868E-04 1.550E-02 9.819E-02 3.259E-01 5.792E-02 2.530E-01
    360      0.900 6.269E-02 7.751E-03 1.342E+00 1.084E-03 1.738E-02 1.040E-01 3.449E-01 6.487E-02 2.656E-01
    365      0.925 7.003E-02 8.899E-03 1.503E+00 1.321E-03 1.945E-02 1.101E-01 3.647E-01 7.255E-02 2.785E-01
    370      0.950 7.810E-02 1.020E-02 1.681E+00 1.605E-03 2.174E-02 1.164E-01 3.853E-01 8.100E-02 2.918E-01
    375      0.975 8.697E-02 1.167E-02 1.878E+00 1.945E-03 2.426E-02 1.230E-01 4.068E-01 9.030E-02 3.053E-01
    380      1.000 9.669E-02 1.332E-02 2.094E+00 2.350E-03 2.703E-02 1.300E-01 4.291E-01 1.005E-01 3.192E-01
    385      1.025 1.073E-01 1.519E-02 2.333E+00 2.307E-03 2.995E-02 1.372E-01 4.524E-01 1.118E-01 3.333E-01
    390      1.050 1.190E-01 1.728E-02 2.596E+00 2.139E-03 3.277E-02 1.447E-01 4.766E-01 1.241E-01 3.479E-01
    395      1.075 1.317E-01 1.963E-02 2.884E+00 1.971E-03 3.547E-02 1.525E-01 5.018E-01 1.375E-01 3.628E-01
    400      1.100 1.457E-01 2.227E-02 3.201E+00 1.807E-03 3.804E-02 1.607E-01 5.279E-01 1.522E-01 3.780E-01
    405      1.125 1.608E-01 2.521E-02 3.548E+00 1.649E-03 4.048E-02 1.691E-01 5.550E-01 1.683E-01 3.937E-01
    410      1.150 1.773E-01 2.851E-02 3.928E+00 1.501E-03 4.278E-02 1.780E-01 5.831E-01 1.859E-01 4.098E-01
    415      1.175 1.952E-01 3.218E-02 4.344E+00 1.364E-03 4.493E-02 1.871E-01 6.123E-01 2.050E-01 4.264E-01
    420      1.200 2.147E-01 3.628E-02 4.798E+00 1.241E-03 4.695E-02 1.967E-01 6.425E-01 2.258E-01 4.435E-01
    425      1.225 2.358E-01 4.083E-02 5.293E+00 1.133E-03 4.881E-02 2.066E-01 6.738E-01 2.484E-01 4.628E-01
    430      1.250 2.587E-01 4.589E-02 5.834E+00 1.041E-03 5.054E-02 2.169E-01 7.062E-01 2.729E-01 4.841E-01
    435      1.275 2.835E-01 5.151E-02 6.422E+00 9.659E-04 5.211E-02 2.276E-01 7.398E-01 2.995E-01 5.075E-01
    440      1.300 3.103E-01 5.773E-02 7.062E+00 9.074E-04 5.354E-02 2.386E-01 7.745E-01 3.284E-01 5.317E-01
    445      1.325 3.392E-01 6.462E-02 7.758E+00 8.654E-04 5.484E-02 2.501E-01 8.103E-01 3.596E-01 5.569E-01
    450      1.350 3.704E-01 7.224E-02 8.514E+00 8.395E-04 5.600E-02 2.620E-01 8.473E-01 3.933E-01 5.829E-01
    455      1.375 4.040E-01 8.064E-02 9.335E+00 8.288E-04 5.702E-02 2.743E-01 8.856E-01 4.298E-01 6.099E-01
    460      1.400 4.401E-01 8.992E-02 1.022E+01 8.322E-04 5.792E-02 2.871E-01 9.251E-01 4.691E-01 6.377E-01
    465      1.425 4.790E-01 1.001E-01 1.119E+01 8.483E-04 5.870E-02 3.003E-01 9.658E-01 5.115E-01 6.665E-01
    470      1.450 5.208E-01 1.114E-01 1.223E+01 8.759E-04 5.936E-02 3.140E-01 1.008E+00 5.571E-01 6.964E-01
    475      1.475 5.657E-01 1.237E-01 1.336E+01 9.132E-04 5.992E-02 3.282E-01 1.051E+00 6.062E-01 7.272E-01
    480      1.500 6.137E-01 1.373E-01 1.458E+01 9.588E-04 6.038E-02 3.428E-01 1.096E+00 6.590E-01 7.590E-01
    485      1.525 6.653E-01 1.521E-01 1.589E+01 1.011E-03 6.074E-02 3.579E-01 1.142E+00 7.157E-01 7.918E-01
    490      1.550 7.204E-01 1.684E-01 1.731E+01 1.069E-03 6.102E-02 3.736E-01 1.189E+00 7.766E-01 8.257E-01
    495      1.575 7.793E-01 1.863E-01 1.884E+01 1.130E-03 6.122E-02 3.897E-01 1.238E+00 8.418E-01 8.610E-01
    500      1.600 8.423E-01 2.057E-01 2.049E+01 1.193E-03 6.135E-02 4.064E-01 1.288E+00 9.117E-01 8.978E-01
    505      1.625 9.094E-01 2.270E-01 2.226E+01 1.258E-03 6.142E-02 4.237E-01 1.339E+00 9.865E-01 9.356E-01
    510      1.650 9.811E-01 2.502E-01 2.417E+01 1.322E-03 6.144E-02 4.414E-01 1.392E+00 1.066E+00 9.743E-01
    515      1.675 1.057E+00 2.755E-01 2.622E+01 1.386E-03 6.141E-02 4.598E-01 1.446E+00 1.152E+00 1.014E+00
    520      1.700 1.139E+00 3.030E-01 2.842E+01 1.447E-03 6.134E-02 4.787E-01 1.502E+00 1.243E+00 1.055E+00
    525      1.725 1.225E+00 3.330E-01 3.079E+01 1.506E-03 6.123E-02 4.983E-01 1.560E+00 1.340E+00 1.096E+00
    530      1.750 1.317E+00 3.656E-01 3.333E+01 1.561E-03 6.110E-02 5.184E-01 1.618E+00 1.444E+00 1.139E+00
    535      1.775 1.414E+00 4.009E-01 3.605E+01 1.613E-03 6.096E-02 5.391E-01 1.679E+00 1.555E+00 1.183E+00
    540      1.800 1.518E+00 4.392E-01 3.897E+01 1.660E-03 6.079E-02 5.605E-01 1.741E+00 1.672E+00 1.228E+00
    545      1.825 1.627E+00 4.808E-01 4.209E+01 1.703E-03 6.062E-02 5.826E-01 1.804E+00 1.797E+00 1.275E+00
    550      1.850 1.743E+00 5.258E-01 4.544E+01 1.741E-03 6.045E-02 6.053E-01 1.869E+00 1.930E+00 1.323E+00
    555      1.875 1.866E+00 5.745E-01 4.901E+01 1.775E-03 6.027E-02 6.286E-01 1.936E+00 2.071E+00 1.372E+00
    560      1.900 1.996E+00 6.271E-01 5.284E+01 1.803E-03 6.010E-02 6.527E-01 2.004E+00 2.221E+00 1.423E+00
    565      1.925 2.133E+00 6.839E-01 5.693E+01 1.827E-03 5.994E-02 6.775E-01 2.074E+00 2.380E+00 1.474E+00
    570      1.950 2.278E+00 7.453E-01 6.129E+01 1.846E-03 5.979E-02 7.030E-01 2.145E+00 2.548E+00 1.527E+00
    575      1.975 2.431E+00 8.114E-01 6.596E+01 1.861E-03 5.965E-02 7.292E-01 2.218E+00 2.726E+00 1.581E+00
    580      2.000 2.593E+00 8.826E-01 7.093E+01 1.872E-03 5.953E-02 7.562E-01 2.293E+00 2.915E+00 1.636E+00
    585      2.025 2.762E+00 9.593E-01 7.624E+01 1.879E-03 5.942E-02 7.840E-01 2.369E+00 3.114E+00 1.692E+00
    590      2.050 2.941E+00 1.042E+00 8.190E+01 1.882E-03 5.933E-02 8.126E-01 2.447E+00 3.325E+00 1.749E+00
    595      2.075 3.129E+00 1.130E+00 8.793E+01 1.881E-03 5.925E-02 8.420E-01 2.527E+00 3.547E+00 1.807E+00
    600      2.100 3.327E+00 1.226E+00 9.435E+01 1.878E-03 5.919E-02 8.722E-01 2.608E+00 3.782E+00 1.866E+00
    605      2.125 3.535E+00 1.328E+00 1.012E+02 1.871E-03 5.915E-02 9.033E-01 2.692E+00 4.030E+00 1.925E+00
    610      2.150 3.752E+00 1.438E+00 1.085E+02 1.863E-03 5.912E-02 9.352E-01 2.776E+00 4.291E+00 1.986E+00
    615      2.175 3.981E+00 1.555E+00 1.162E+02 1.852E-03 5.911E-02 9.680E-01 2.863E+00 4.566E+00 2.048E+00
    620      2.200 4.221E+00 1.681E+00 1.244E+02 1.839E-03 5.911E-02 1.002E+00 2.951E+00 4.856E+00 2.111E+00
    625      2.225 4.471E+00 1.815E+00 1.332E+02 1.825E-03 5.912E-02 1.036E+00 3.041E+00 5.161E+00 2.174E+00
    630      2.250 4.734E+00 1.959E+00 1.425E+02 1.811E-03 5.914E-02 1.072E+00 3.133E+00 5.481E+00 2.239E+00
    635      2.275 5.009E+00 2.113E+00 1.524E+02 1.795E-03 5.916E-02 1.108E+00 3.226E+00 5.818E+00 2.304E+00
    640      2.300 5.296E+00 2.277E+00 1.629E+02 1.780E-03 5.919E-02 1.146E+00 3.321E+00 6.171E+00 2.371E+00
    645      2.325 5.596E+00 2.452E+00 1.740E+02 1.764E-03 5.923E-02 1.184E+00 3.418E+00 6.542E+00 2.438E+00
    650      2.350 5.908E+00 2.639E+00 1.858E+02 1.749E-03 5.926E-02 1.224E+00 3.516E+00 6.931E+00 2.506E+00
    655      2.375 6.235E+00 2.838E+00 1.983E+02 1.734E-03 5.930E-02 1.265E+00 3.617E+00 7.339E+00 2.575E+00
    660      2.400 6.575E+00 3.050E+00 2.116E+02 1.720E-03 5.933E-02 1.306E+00 3.719E+00 7.767E+00 2.645E+00
    665      2.425 6.929E+00 3.275E+00 2.257E+02 1.707E-03 5.935E-02 1.349E+00 3.822E+00 8.214E+00 2.716E+00
    670      2.450 7.298E+00 3.515E+00 2.406E+02 1.696E-03 5.937E-02 1.393E+00 3.928E+00 8.683E+00 2.796E+00
    675      2.475 7.682E+00 3.770E+00 2.564E+02 1.686E-03 5.938E-02 1.438E+00 4.035E+00 9.173E+00 2.884E+00
    680      2.500 8.080E+00 4.040E+00 2.731E+02 1.677E-03 5.938E-02 1.484E+00 4.144E+00 9.685E+00 2.973E+00
    685      2.525 8.494E+00 4.328E+00 2.907E+02 1.669E-03 5.937E-02 1.531E+00 4.254E+00 1.022E+01 3.065E+00
    690      2.550 8.924E+00 4.632E+00 3.094E+02 1.663E-03 5.935E-02 1.580E+00 4.366E+00 1.078E+01 3.158E+00
    695      2.575 9.370E+00 4.955E+00 3.292E+02 1.659E-03 5.932E-02 1.629E+00 4.480E+00 1.136E+01 3.254E+00
    700      2.600 9.833E+00 5.297E+00 3.501E+02 1.655E-03 5.928E-02 1.680E+00 4.595E+00 1.197E+01 3.352E+00
    705      2.625 1.031E+01 5.660E+00 3.721E+02 1.653E-03 5.922E-02 1.732E+00 4.713E+00 1.260E+01 3.453E+00
    710      2.650 1.081E+01 6.043E+00 3.955E+02 1.652E-03 5.915E-02 1.786E+00 4.831E+00 1.327E+01 3.555E+00
    715      2.675 1.132E+01 6.448E+00 4.200E+02 1.652E-03 5.906E-02 1.840E+00 4.952E+00 1.395E+01 3.661E+00
    720      2.700 1.185E+01 6.876E+00 4.460E+02 1.652E-03 5.896E-02 1.896E+00 5.074E+00 1.467E+01 3.768E+00
    725      2.725 1.240E+01 7.329E+00 4.734E+02 1.653E-03 5.884E-02 1.954E+00 5.197E+00 1.542E+01 3.879E+00
    730      2.750 1.297E+01 7.806E+00 5.022E+02 1.655E-03 5.872E-02 2.012E+00 5.323E+00 1.619E+01 3.991E+00
    735      2.775 1.355E+01 8.310E+00 5.327E+02 1.656E-03 5.857E-02 2.072E+00 5.449E+00 1.699E+01 4.107E+00
    740      2.800 1.415E+01 8.841E+00 5.647E+02 1.658E-03 5.842E-02 2.134E+00 5.578E+00 1.783E+01 4.225E+00
    745      2.825 1.477E+01 9.401E+00 5.984E+02 1.660E-03 5.825E-02 2.197E+00 5.707E+00 1.870E+01 4.346E+00
    750      2.850 1.541E+01 9.990E+00 6.339E+02 1.661E-03 5.806E-02 2.261E+00 5.839E+00 1.960E+01 4.470E+00
    755      2.875 1.607E+01 1.061E+01 6.713E+02 1.662E-03 5.787E-02 2.326E+00 5.971E+00 2.053E+01 4.596E+00
    760      2.900 1.675E+01 1.126E+01 7.106E+02 1.663E-03 5.765E-02 2.394E+00 6.106E+00 2.150E+01 4.726E+00
    765      2.925 1.744E+01 1.195E+01 7.518E+02 1.664E-03 5.743E-02 2.462E+00 6.241E+00 2.251E+01 4.858E+00
    770      2.950 1.816E+01 1.267E+01 7.952E+02 1.664E-03 5.719E-02 2.532E+00 6.378E+00 2.355E+01 4.993E+00
    775      2.975 1.890E+01 1.343E+01 8.407E+02 1.664E-03 5.694E-02 2.604E+00 6.517E+00 2.462E+01 5.131E+00
    780      3.000 1.965E+01 1.422E+01 8.886E+02 1.664E-03 5.667E-02 2.677E+00 6.656E+00 2.573E+01 5.271E+00
    785      3.025 2.042E+01 1.505E+01 9.387E+02 1.665E-03 5.639E-02 2.751E+00 6.797E+00 2.689E+01 5.415E+00
    790      3.050 2.121E+01 1.593E+01 9.913E+02 1.665E-03 5.609E-02 2.827E+00 6.940E+00 2.808E+01 5.561E+00
    795      3.075 2.203E+01 1.684E+01 1.046E+03 1.667E-03 5.578E-02 2.905E+00 7.083E+00 2.930E+01 5.711E+00
    800      3.100 2.286E+01 1.780E+01 1.104E+03 1.668E-03 5.546E-02 2.984E+00 7.228E+00 3.057E+01 5.863E+00
    805      3.125 2.371E+01 1.881E+01 1.165E+03 1.671E-03 5.512E-02 3.064E+00 7.374E+00 3.188E+01 6.017E+00
    810      3.150 2.458E+01 1.986E+01 1.228E+03 1.676E-03 5.476E-02 3.147E+00 7.521E+00 3.323E+01 6.175E+00
    815      3.175 2.547E+01 2.096E+01 1.294E+03 1.682E-03 5.440E-02 3.230E+00 7.669E+00 3.463E+01 6.335E+00
    820      3.200 2.637E+01 2.211E+01 1.363E+03 1.689E-03 5.401E-02 3.316E+00 7.819E+00 3.606E+01 6.498E+00
    825      3.225 2.730E+01 2.331E+01 1.436E+03 1.699E-03 5.362E-02 3.402E+00 7.969E+00 3.754E+01 6.663E+00
    830      3.250 2.825E+01 2.456E+01 1.511E+03 1.711E-03 5.321E-02 3.491E+00 8.121E+00 3.907E+01 6.831E+00
    835      3.275 2.921E+01 2.587E+01 1.590E+03 1.725E-03 5.279E-02 3.581E+00 8.273E+00 4.064E+01 7.001E+00
    840      3.300 3.019E+01 2.723E+01 1.673E+03 1.742E-03 5.237E-02 3.672E+00 8.427E+00 4.225E+01 7.173E+00
    845      3.325 3.119E+01 2.865E+01 1.759E+03 1.761E-03 5.194E-02 3.766E+00 8.581E+00 4.391E+01 7.348E+00
    850      3.350 3.221E+01 3.013E+01 1.848E+03 1.782E-03 5.150E-02 3.860E+00 8.737E+00 4.562E+01 7.524E+00
    855      3.375 3.325E+01 3.168E+01 1.942E+03 1.805E-03 5.106E-02 3.957E+00 8.893E+00 4.737E+01 7.703E+00
    860      3.400 3.430E+01 3.328E+01 2.039E+03 1.830E-03 5.063E-02 4.055E+00 9.050E+00 4.917E+01 7.883E+00
    865      3.425 3.537E+01 3.495E+01 2.140E+03 1.857E-03 5.020E-02 4.154E+00 9.208E+00 5.102E+01 8.065E+00
    870      3.450 3.646E+01 3.669E+01 2.246E+03 1.885E-03 4.978E-02 4.255E+00 9.366E+00 5.291E+01 8.249E+00
    875      3.475 3.756E+01 3.850E+01 2.355E+03 1.914E-03 4.938E-02 4.358E+00 9.525E+00 5.486E+01 8.435E+00
    880      3.500 3.868E+01 4.038E+01 2.469E+03 1.942E-03 4.899E-02 4.462E+00 9.685E+00 5.686E+01 8.623E+00
    885      3.525 3.982E+01 4.233E+01 2.588E+03 1.971E-03 4.864E-02 4.568E+00 9.846E+00 5.890E+01 8.813E+00
    890      3.550 4.097E+01 4.435E+01 2.711E+03 1.998E-03 4.831E-02 4.675E+00 1.001E+01 6.099E+01 9.026E+00
    895      3.575 4.213E+01 4.646E+01 2.839E+03 2.023E-03 4.801E-02 4.784E+00 1.017E+01 6.314E+01 9.240E+00
    900      3.600 4.331E+01 4.863E+01 2.971E+03 2.047E-03 4.775E-02 4.894E+00 1.033E+01 6.533E+01 9.458E+00
    905      3.625 4.450E+01 5.089E+01 3.109E+03 2.067E-03 4.754E-02 5.006E+00 1.049E+01 6.758E+01 9.678E+00
    910      3.650 4.570E+01 5.324E+01 3.251E+03 2.084E-03 4.737E-02 5.120E+00 1.066E+01 6.988E+01 9.901E+00
    915      3.675 4.692E+01 5.566E+01 3.399E+03 2.097E-03 4.726E-02 5.235E+00 1.082E+01 7.222E+01 1.013E+01
    920      3.700 4.815E+01 5.817E+01 3.552E+03 2.105E-03 4.719E-02 5.352E+00 1.098E+01 7.462E+01 1.035E+01
    925      3.725 4.939E+01 6.077E+01 3.711E+03 2.108E-03 4.718E-02 5.470E+00 1.115E+01 7.707E+01 1.058E+01
    930      3.750 5.064E+01 6.346E+01 3.875E+03 2.106E-03 4.722E-02 5.589E+00 1.131E+01 7.958E+01 1.082E+01
    935      3.775 5.189E+01 6.624E+01 4.044E+03 2.099E-03 4.732E-02 5.710E+00 1.147E+01 8.213E+01 1.105E+01
    940      3.800 5.316E+01 6.911E+01 4.220E+03 2.086E-03 4.747E-02 5.833E+00 1.164E+01 8.474E+01 1.129E+01
    945      3.825 5.443E+01 7.208E+01 4.401E+03 2.068E-03 4.767E-02 5.957E+00 1.180E+01 8.739E+01 1.153E+01
    950      3.850 5.571E+01 7.514E+01 4.588E+03 2.044E-03 4.792E-02 6.082E+00 1.197E+01 9.010E+01 1.177E+01
    955      3.875 5.700E+01 7.830E+01 4.782E+03 2.015E-03 4.821E-02 6.209E+00 1.213E+01 9.286E+01 1.202E+01
    960      3.900 5.829E+01 8.157E+01 4.982E+03 1.982E-03 4.853E-02 6.338E+00 1.230E+01 9.567E+01 1.227E+01
    965      3.925 5.959E+01 8.493E+01 5.188E+03 1.944E-03 4.889E-02 6.467E+00 1.246E+01 9.853E+01 1.251E+01
    970      3.950 6.088E+01 8.840E+01 5.400E+03 1.903E-03 4.927E-02 6.599E+00 1.262E+01 1.014E+02 1.277E+01
    975      3.975 6.218E+01 9.197E+01 5.619E+03 1.860E-03 4.967E-02 6.731E+00 1.279E+01 1.044E+02 1.302E+01
    980      4.000 6.348E+01 9.565E+01 5.845E+03 1.814E-03 5.007E-02 6.865E+00 1.295E+01 1.074E+02 1.328E+01
    985      4.025 6.478E+01 9.944E+01 6.078E+03 1.766E-03 5.049E-02 7.000E+00 1.311E+01 1.105E+02 1.353E+01
    990      4.050 6.607E+01 1.033E+02 6.317E+03 1.718E-03 5.090E-02 7.137E+00 1.327E+01 1.136E+02 1.379E+01
    995      4.075 6.737E+01 1.074E+02 6.564E+03 1.671E-03 5.130E-02 7.275E+00 1.344E+01 1.167E+02 1.406E+01
   1000      4.100 6.865E+01 1.115E+02 6.817E+03 1.624E-03 5.168E-02 7.414E+00 1.360E+01 1.199E+02 1.432E+01
   1005      4.125 6.994E+01 1.157E+02 7.078E+03 1.579E-03 5.204E-02 7.554E+00 1.376E+01 1.232E+02 1.459E+01
   1010      4.150 7.121E+01 1.201E+02 7.346E+03 1.537E-03 5.236E-02 7.696E+00 1.392E+01 1.265E+02 1.485E+01
   1015      4.175 7.247E+01 1.246E+02 7.621E+03 1.498E-03 5.266E-02 7.839E+00 1.408E+01 1.298E+02 1.512E+01
   1020      4.200 7.373E+01 1.291E+02 7.904E+03 1.463E-03 5.291E-02 7.983E+00 1.423E+01 1.332E+02 1.540E+01
   1025      4.225 7.497E+01 1.339E+02 8.194E+03 1.432E-03 5.312E-02 8.128E+00 1.439E+01 1.366E+02 1.567E+01
   1030      4.250 7.620E+01 1.387E+02 8.492E+03 1.406E-03 5.329E-02 8.275E+00 1.455E+01 1.401E+02 1.594E+01
   1035      4.275 7.741E+01 1.436E+02 8.797E+03 1.385E-03 5.340E-02 8.422E+00 1.470E+01 1.436E+02 1.622E+01
   1040      4.300 7.860E+01 1.487E+02 9.111E+03 1.370E-03 5.346E-02 8.571E+00 1.486E+01 1.471E+02 1.650E+01
   1045      4.325 7.978E+01 1.539E+02 9.432E+03 1.361E-03 5.346E-02 8.720E+00 1.501E+01 1.507E+02 1.678E+01
   1050      4.350 8.094E+01 1.592E+02 9.760E+03 1.357E-03 5.340E-02 8.871E+00 1.516E+01 1.543E+02 1.706E+01
   1055      4.375 8.207E+01 1.647E+02 1.010E+04 1.360E-03 5.329E-02 9.023E+00 1.531E+01 1.579E+02 1.734E+01
   1060      4.400 8.318E+01 1.703E+02 1.044E+04 1.368E-03 5.312E-02 9.176E+00 1.546E+01 1.616E+02 1.763E+01
   1065      4.425 8.426E+01 1.760E+02 1.079E+04 1.383E-03 5.290E-02 9.329E+00 1.561E+01 1.653E+02 1.792E+01
   1070      4.450 8.532E+01 1.818E+02 1.115E+04 1.403E-03 5.261E-02 9.484E+00 1.576E+01 1.691E+02 1.820E+01
   1075      4.475 8.635E+01 1.878E+02 1.152E+04 1.429E-03 5.228E-02 9.639E+00 1.590E+01 1.729E+02 1.849E+01
   1080      4.500 8.734E+01 1.938E+02 1.190E+04 1.460E-03 5.189E-02 9.795E+00 1.604E+01 1.767E+02 1.878E+01
   1085      4.525 8.830E+01 2.001E+02 1.228E+04 1.497E-03 5.146E-02 9.952E+00 1.618E+01 1.805E+02 1.907E+01
   1090      4.550 8.923E+01 2.064E+02 1.268E+04 1.538E-03 5.098E-02 1.011E+01 1.632E+01 1.843E+02 1.937E+01
   1095      4.575 9.012E+01 2.128E+02 1.308E+04 1.583E-03 5.047E-02 1.027E+01 1.646E+01 1.882E+02 1.966E+01
   1100      4.600 9.097E+01 2.194E+02 1.349E+04 1.631E-03 4.992E-02 1.043E+01 1.659E+01 1.921E+02 1.996E+01
   1105      4.625 9.178E+01 2.262E+02 1.390E+04 1.683E-03 4.935E-02 1.059E+01 1.673E+01 1.960E+02 2.025E+01
   1110      4.650 9.255E+01 2.330E+02 1.433E+04 1.737E-03 4.875E-02 1.075E+01 1.686E+01 1.999E+02 2.055E+01
   1115      4.675 9.327E+01 2.400E+02 1.476E+04 1.793E-03 4.815E-02 1.091E+01 1.699E+01 2.038E+02 2.085E+01
   1120      4.700 9.395E+01 2.470E+02 1.520E+04 1.850E-03 4.754E-02 1.107E+01 1.711E+01 2.077E+02 2.115E+01
   1125      4.725 9.458E+01 2.542E+02 1.565E+04 1.907E-03 4.694E-02 1.123E+01 1.724E+01 2.116E+02 2.145E+01
   1130      4.750 9.516E+01 2.616E+02 1.610E+04 1.964E-03 4.635E-02 1.139E+01 1.736E+01 2.156E+02 2.175E+01
   1135      4.775 9.569E+01 2.690E+02 1.657E+04 2.019E-03 4.579E-02 1.156E+01 1.748E+01 2.195E+02 2.206E+01
   1140      4.800 9.616E+01 2.766E+02 1.704E+04 2.071E-03 4.526E-02 1.172E+01 1.759E+01 2.234E+02 2.236E+01
   1145      4.825 9.658E+01 2.843E+02 1.751E+04 2.120E-03 4.478E-02 1.188E+01 1.771E+01 2.273E+02 2.266E+01
   1150      4.850 9.694E+01 2.921E+02 1.800E+04 2.165E-03 4.435E-02 1.205E+01 1.782E+01 2.313E+02 2.297E+01
   1155      4.875 9.725E+01 3.000E+02 1.849E+04 2.205E-03 4.399E-02 1.221E+01 1.792E+01 2.352E+02 2.327E+01
   1160      4.900 9.749E+01 3.080E+02 1.899E+04 2.239E-03 4.370E-02 1.237E+01 1.803E+01 2.390E+02 2.357E+01
   1165      4.925 9.768E+01 3.161E+02 1.949E+04 2.266E-03 4.348E-02 1.254E+01 1.813E+01 2.429E+02 2.388E+01
   1170      4.950 9.780E+01 3.243E+02 2.000E+04 2.287E-03 4.336E-02 1.270E+01 1.823E+01 2.468E+02 2.418E+01
   1175      4.975 9.786E+01 3.326E+02 2.052E+04 2.299E-03 4.332E-02 1.286E+01 1.832E+01 2.506E+02 2.449E+01
   1180      5.000 9.785E+01 3.410E+02 2.105E+04 2.304E-03 4.337E-02 1.303E+01 1.841E+01 2.544E+02 2.479E+01
   1185      5.025 9.778E+01 3.496E+02 2.158E+04 2.301E-03 4.352E-02 1.319E+01 1.850E+01 2.581E+02 2.509E+01
   1190      5.050 9.763E+01 3.582E+02 2.211E+04 2.289E-03 4.376E-02 1.335E+01 1.859E+01 2.619E+02 2.540E+01
   1195      5.075 9.743E+01 3.668E+02 2.265E+04 2.269E-03 4.408E-02 1.352E+01 1.867E+01 2.656E+02 2.570E+01
   1200      5.100 9.715E+01 3.756E+02 2.320E+04 2.242E-03 4.449E-02 1.368E+01 1.874E+01 2.692E+02 2.600E+01
   1205      5.125 9.680E+01 3.845E+02 2.375E+04 2.207E-03 4.497E-02 1.384E+01 1.882E+01 2.728E+02 2.630E+01
   1210      5.150 9.638E+01 3.934E+02 2.431E+04 2.165E-03 4.552E-02 1.400E+01 1.889E+01 2.764E+02 2.660E+01
   1215      5.175 9.589E+01 4.024E+02 2.487E+04 2.117E-03 4.613E-02 1.416E+01 1.895E+01 2.799E+02 2.689E+01
   1220      5.200 9.533E+01 4.114E+02 2.543E+04 2.064E-03 4.678E-02 1.432E+01 1.902E+01 2.833E+02 2.719E+01
   1225      5.225 9.470E+01 4.205E+02 2.600E+04 2.006E-03 4.747E-02 1.448E+01 1.907E+01 2.867E+02 2.748E+01
   1230      5.250 9.399E+01 4.297E+02 2.657E+04 1.946E-03 4.819E-02 1.464E+01 1.913E+01 2.900E+02 2.777E+01
   1235      5.275 9.321E+01 4.389E+02 2.714E+04 1.884E-03 4.893E-02 1.479E+01 1.918E+01 2.933E+02 2.806E+01
   1240      5.300 9.236E+01 4.482E+02 2.772E+04 1.820E-03 4.967E-02 1.495E+01 1.922E+01 2.965E+02 2.835E+01
   1245      5.325 9.144E+01 4.575E+02 2.830E+04 1.758E-03 5.041E-02 1.511E+01 1.926E+01 2.996E+02 2.863E+01
   1250      5.350 9.045E+01 4.668E+02 2.888E+04 1.697E-03 5.114E-02 1.526E+01 1.930E+01 3.026E+02 2.891E+01
   1255      5.375 8.939E+01 4.761E+02 2.946E+04 1.639E-03 5.185E-02 1.541E+01 1.933E+01 3.056E+02 2.919E+01
   1260      5.400 8.825E+01 4.855E+02 3.004E+04 1.585E-03 5.253E-02 1.556E+01 1.935E+01 3.084E+02 2.947E+01
   1265      5.425 8.705E+01 4.949E+02 3.063E+04 1.536E-03 5.318E-02 1.571E+01 1.938E+01 3.112E+02 2.975E+01
   1270      5.450 8.578E+01 5.042E+02 3.121E+04 1.492E-03 5.378E-02 1.586E+01 1.939E+01 3.139E+02 3.002E+01
   1275      5.475 8.444E+01 5.136E+02 3.179E+04 1.456E-03 5.434E-02 1.601E+01 1.941E+01 3.165E+02 3.029E+01
   1280      5.500 8.304E+01 5.230E+02 3.238E+04 1.426E-03 5.486E-02 1.616E+01 1.941E+01 3.190E+02 3.055E+01
   1285      5.525 8.157E+01 5.323E+02 3.296E+04 1.404E-03 5.532E-02 1.630E+01 1.942E+01 3.214E+02 3.081E+01
   1290      5.550 8.004E+01 5.416E+02 3.354E+04 1.391E-03 5.573E-02 1.644E+01 1.941E+01 3.237E+02 3.107E+01
   1295      5.575 7.845E+01 5.509E+02 3.411E+04 1.385E-03 5.608E-02 1.658E+01 1.941E+01 3.258E+02 3.132E+01
   1300      5.600 7.680E+01 5.601E+02 3.469E+04 1.387E-03 5.639E-02 1.672E+01 1.939E+01 3.279E+02 3.158E+01
   1305      5.625 7.510E+01 5.693E+02 3.526E+04 1.396E-03 5.664E-02 1.686E+01 1.938E+01 3.299E+02 3.182E+01
   1310      5.650 7.334E+01 5.785E+02 3.582E+04 1.413E-03 5.684E-02 1.700E+01 1.935E+01 3.317E+02 3.207E+01
   1315      5.675 7.153E+01 5.875E+02 3.639E+04 1.436E-03 5.699E-02 1.713E+01 1.932E+01 3.334E+02 3.231E+01
   1320      5.700 6.967E+01 5.965E+02 3.694E+04 1.464E-03 5.710E-02 1.726E+01 1.929E+01 3.350E+02 3.254E+01
   1325      5.725 6.777E+01 6.054E+02 3.750E+04 1.498E-03 5.716E-02 1.739E+01 1.925E+01 3.365E+02 3.277E+01
   1330      5.750 6.582E+01 6.142E+02 3.804E+04 1.536E-03 5.719E-02 1.751E+01 1.921E+01 3.378E+02 3.300E+01
   1335      5.775 6.384E+01 6.229E+02 3.858E+04 1.577E-03 5.720E-02 1.764E+01 1.915E+01 3.390E+02 3.322E+01
   1340      5.800 6.182E+01 6.314E+02 3.911E+04 1.619E-03 5.717E-02 1.776E+01 1.910E+01 3.401E+02 3.344E+01
   1345      5.825 5.977E+01 6.399E+02 3.964E+04 1.662E-03 5.713E-02 1.788E+01 1.904E+01 3.410E+02 3.365E+01
   1350      5.850 5.769E+01 6.482E+02 4.015E+04 1.705E-03 5.707E-02 1.799E+01 1.897E+01 3.418E+02 3.386E+01
   1355      5.875 5.559E+01 6.564E+02 4.066E+04 1.747E-03 5.700E-02 1.811E+01 1.890E+01 3.424E+02 3.406E+01
   1360      5.900 5.348E+01 6.644E+02 4.115E+04 1.787E-03 5.693E-02 1.822E+01 1.882E+01 3.429E+02 3.426E+01
   1365      5.925 5.134E+01 6.723E+02 4.164E+04 1.823E-03 5.686E-02 1.832E+01 1.873E+01 3.433E+02 3.445E+01
   1370      5.950 4.920E+01 6.800E+02 4.212E+04 1.855E-03 5.679E-02 1.843E+01 1.864E+01 3.435E+02 3.464E+01
   1375      5.975 4.706E+01 6.875E+02 4.258E+04 1.883E-03 5.674E-02 1.853E+01 1.854E+01 3.436E+02 3.482E+01
   1380      6.000 4.491E+01 6.948E+02 4.303E+04 1.906E-03 5.670E-02 1.863E+01 1.844E+01 3.435E+02 3.499E+01
   1385      6.025 4.277E+01 7.019E+02 4.347E+04 1.923E-03 5.668E-02 1.872E+01 1.833E+01 3.433E+02 3.516E+01
   1390      6.050 4.064E+01 7.088E+02 4.390E+04 1.935E-03 5.668E-02 1.881E+01 1.822E+01 3.429E+02 3.532E+01
   1395      6.075 3.853E+01 7.155E+02 4.431E+04 1.940E-03 5.670E-02 1.890E+01 1.810E+01 3.424E+02 3.548E+01
   1400      6.100 3.644E+01 7.220E+02 4.471E+04 1.940E-03 5.674E-02 1.899E+01 1.797E+01 3.417E+02 3.565E+01
   1405      6.125 3.438E+01 7.282E+02 4.509E+04 1.934E-03 5.680E-02 1.907E+01 1.784E+01 3.409E+02 3.581E+01
   1410      6.150 3.235E+01 7.342E+02 4.546E+04 1.923E-03 5.688E-02 1.915E+01 1.770E+01 3.399E+02 3.597E+01
   1415      6.175 3.037E+01 7.399E+02 4.581E+04 1.907E-03 5.699E-02 1.922E+01 1.756E+01 3.388E+02 3.612E+01
   1420      6.200 2.843E+01 7.454E+02 4.615E+04 1.887E-03 5.711E-02 1.929E+01 1.741E+01 3.375E+02 3.627E+01
   1425      6.225 2.654E+01 7.505E+02 4.647E+04 1.864E-03 5.724E-02 1.936E+01 1.725E+01 3.361E+02 3.641E+01
   1430      6.250 2.471E+01 7.554E+02 4.677E+04 1.837E-03 5.739E-02 1.942E+01 1.709E+01 3.345E+02 3.654E+01
   1435      6.275 2.294E+01 7.600E+02 4.705E+04 1.809E-03 5.754E-02 1.948E+01 1.692E+01 3.328E+02 3.666E+01
   1440      6.300 2.125E+01 7.643E+02 4.731E+04 1.779E-03 5.770E-02 1.953E+01 1.674E+01 3.309E+02 3.678E+01
   1445      6.325 1.963E+01 7.683E+02 4.755E+04 1.748E-03 5.786E-02 1.958E+01 1.656E+01 3.289E+02 3.688E+01
   1450      6.350 1.810E+01 7.719E+02 4.778E+04 1.717E-03 5.801E-02 1.963E+01 1.638E+01 3.267E+02 3.698E+01
   1455      6.375 1.666E+01 7.753E+02 4.798E+04 1.688E-03 5.816E-02 1.967E+01 1.618E+01 3.244E+02 3.708E+01
   1460      6.400 1.532E+01 7.782E+02 4.816E+04 1.659E-03 5.829E-02 1.971E+01 1.598E+01 3.219E+02 3.716E+01
   1465      6.425 1.408E+01 7.809E+02 4.832E+04 1.633E-03 5.841E-02 1.974E+01 1.578E+01 3.193E+02 3.724E+01
   1470      6.450 1.295E+01 7.832E+02 4.846E+04 1.609E-03 5.851E-02 1.977E+01 1.557E+01 3.166E+02 3.730E+01
   1475      6.475 1.194E+01 7.851E+02 4.858E+04 1.588E-03 5.859E-02 1.979E+01 1.535E+01 3.137E+02 3.736E+01
   1480      6.500 1.106E+01 7.867E+02 4.867E+04 1.570E-03 5.865E-02 1.981E+01 1.513E+01 3.107E+02 3.741E+01
   1485      6.525 1.030E+01 7.879E+02 4.875E+04 1.555E-03 5.868E-02 1.983E+01 1.490E+01 3.076E+02 3.745E+01
   1490      6.550 9.684E+00 7.888E+02 4.879E+04 1.544E-03 5.868E-02 1.983E+01 1.467E+01 3.043E+02 3.749E+01
   1495      6.575 9.209E+00 7.892E+02 4.882E+04 1.535E-03 5.866E-02 1.984E+01 1.443E+01 3.010E+02 3.751E+01
   1500      6.600 8.882E+00 7.893E+02 4.882E+04 1.530E-03 5.860E-02 1.984E+01 1.419E+01 2.975E+02 3.753E+01
   1505      6.625 8.711E+00 7.889E+02 4.880E+04 1.528E-03 5.851E-02 1.984E+01 1.394E+01 2.939E+02 3.753E+01
   1510      6.650 8.701E+00 7.882E+02 4.875E+04 1.528E-03 5.839E-02 1.983E+01 1.368E+01 2.901E+02 3.753E+01
   1515      6.675 8.857E+00 7.871E+02 4.868E+04 1.531E-03 5.824E-02 1.981E+01 1.342E+01 2.863E+02 3.751E+01
   1520      6.700 9.186E+00 7.856E+02 4.858E+04 1.535E-03 5.806E-02 1.979E+01 1.316E+01 2.824E+02 3.749E+01
   1525      6.725 9.692E+00 7.836E+02 4.846E+04 1.541E-03 5.785E-02 1.977E+01 1.288E+01 2.783E+02 3.746E+01
   1530      6.750 1.038E+01 7.813E+02 4.831E+04 1.548E-03 5.760E-02 1.974E+01 1.261E+01 2.742E+02 3.742E+01
   1535      6.775 1.126E+01 7.785E+02 4.814E+04 1.556E-03 5.733E-02 1.970E+01 1.233E+01 2.700E+02 3.736E+01
   1540      6.800 1.233E+01 7.754E+02 4.794E+04 1.564E-03 5.702E-02 1.966E+01 1.204E+01 2.657E+02 3.730E+01
   1545      6.825 1.359E+01 7.718E+02 4.771E+04 1.573E-03 5.669E-02 1.961E+01 1.175E+01 2.613E+02 3.723E+01
   1550      6.850 1.506E+01 7.678E+02 4.747E+04 1.582E-03 5.632E-02 1.956E+01 1.145E+01 2.569E+02 3.715E+01
   1555      6.875 1.673E+01 7.634E+02 4.719E+04 1.590E-03 5.593E-02 1.951E+01 1.115E+01 2.524E+02 3.705E+01
   1560      6.900 1.861E+01 7.586E+02 4.689E+04 1.599E-03 5.551E-02 1.944E+01 1.084E+01 2.478E+02 3.695E+01
   1565      6.925 2.069E+01 7.534E+02 4.657E+04 1.608E-03 5.507E-02 1.938E+01 1.053E+01 2.432E+02 3.684E+01
   1570      6.950 2.300E+01 7.477E+02 4.622E+04 1.616E-03 5.460E-02 1.930E+01 1.022E+01 2.385E+02 3.671E+01
   1575      6.975 2.552E+01 7.417E+02 4.584E+04 1.625E-03 5.410E-02 1.923E+01 9.898E+00 2.338E+02 3.658E+01
   1580      7.000 2.825E+01 7.353E+02 4.544E+04 1.634E-03 5.358E-02 1.914E+01 9.574E+00 2.290E+02 3.643E+01
   1585      7.025 3.121E+01 7.284E+02 4.502E+04 1.644E-03 5.303E-02 1.905E+01 9.247E+00 2.242E+02 3.628E+01
   1590      7.050 3.439E+01 7.212E+02 4.457E+04 1.655E-03 5.246E-02 1.896E+01 8.915E+00 2.194E+02 3.611E+01
   1595      7.075 3.779E+01 7.136E+02 4.410E+04 1.667E-03 5.186E-02 1.886E+01 8.580E+00 2.146E+02 3.593E+01
   1600      7.100 4.142E+01 7.055E+02 4.360E+04 1.681E-03 5.124E-02 1.875E+01 8.241E+00 2.097E+02 3.574E+01
   1605      7.125 4.526E+01 6.972E+02 4.308E+04 1.697E-03 5.060E-02 1.864E+01 7.898E+00 2.049E+02 3.554E+01
   1610      7.150 4.933E+01 6.884E+02 4.254E+04 1.714E-03 4.994E-02 1.852E+01 7.552E+00 2.000E+02 3.533E+01
   1615      7.175 5.362E+01 6.793E+02 4.197E+04 1.734E-03 4.926E-02 1.840E+01 7.203E+00 1.952E+02 3.510E+01
   1620      7.200 5.813E+01 6.698E+02 4.139E+04 1.756E-03 4.856E-02 1.827E+01 6.851E+00 1.903E+02 3.487E+01
   1625      7.225 6.286E+01 6.600E+02 4.078E+04 1.781E-03 4.786E-02 1.813E+01 6.496E+00 1.855E+02 3.462E+01
   1630      7.250 6.780E+01 6.498E+02 4.015E+04 1.807E-03 4.714E-02 1.799E+01 6.138E+00 1.807E+02 3.437E+01
   1635      7.275 7.296E+01 6.393E+02 3.950E+04 1.835E-03 4.641E-02 1.785E+01 5.777E+00 1.759E+02 3.410E+01
   1640      7.300 7.833E+01 6.285E+02 3.883E+04 1.865E-03 4.569E-02 1.769E+01 5.414E+00 1.712E+02 3.382E+01
   1645      7.325 8.390E+01 6.173E+02 3.815E+04 1.895E-03 4.496E-02 1.754E+01 5.049E+00 1.665E+02 3.353E+01
   1650      7.350 8.968E+01 6.059E+02 3.744E+04 1.926E-03 4.425E-02 1.737E+01 4.681E+00 1.619E+02 3.323E+01
   1655      7.375 9.565E+01 5.942E+02 3.672E+04 1.956E-03 4.354E-02 1.721E+01 4.312E+00 1.573E+02 3.291E+01
   1660      7.400 1.018E+02 5.823E+02 3.598E+04 1.986E-03 4.286E-02 1.703E+01 3.941E+00 1.528E+02 3.259E+01
   1665      7.425 1.082E+02 5.700E+02 3.522E+04 2.014E-03 4.221E-02 1.685E+01 3.569E+00 1.484E+02 3.225E+01
   1670      7.450 1.147E+02 5.575E+02 3.445E+04 2.039E-03 4.158E-02 1.667E+01 3.197E+00 1.440E+02 3.190E+01
   1675      7.475 1.214E+02 5.448E+02 3.367E+04 2.062E-03 4.100E-02 1.648E+01 2.824E+00 1.397E+02 3.155E+01
   1680      7.500 1.283E+02 5.319E+02 3.287E+04 2.082E-03 4.046E-02 1.628E+01 2.451E+00 1.355E+02 3.118E+01
   1685      7.525 1.353E+02 5.188E+02 3.206E+04 2.097E-03 3.997E-02 1.608E+01 2.079E+00 1.314E+02 3.080E+01
   1690      7.550 1.425E+02 5.055E+02 3.124E+04 2.108E-03 3.953E-02 1.587E+01 1.711E+00 1.274E+02 3.040E+01
   1695      7.575 1.498E+02 4.920E+02 3.041E+04 2.115E-03 3.916E-02 1.566E+01 1.349E+00 1.235E+02 3.000E+01
   1700      7.600 1.573E+02 4.784E+02 2.957E+04 2.117E-03 3.884E-02 1.544E+01 1.002E+00 1.197E+02 2.959E+01
   1705      7.625 1.648E+02 4.647E+02 2.872E+04 2.114E-03 3.859E-02 1.522E+01 6.946E-01 1.160E+02 2.917E+01
   1710      7.650 1.725E+02 4.508E+02 2.786E+04 2.107E-03 3.840E-02 1.499E+01 5.041E-01 1.125E+02 2.873E+01
   1715      7.675 1.803E+02 4.368E+02 2.700E+04 2.097E-03 3.828E-02 1.475E+01 5.660E-01 1.090E+02 2.829E+01
   1720      7.700 1.882E+02 4.228E+02 2.613E+04 2.082E-03 3.822E-02 1.452E+01 8.252E-01 1.057E+02 2.783E+01
   1725      7.725 1.962E+02 4.087E+02 2.526E+04 2.066E-03 3.822E-02 1.427E+01 1.156E+00 1.025E+02 2.737E+01
   1730      7.750 2.042E+02 3.945E+02 2.439E+04 2.047E-03 3.828E-02 1.402E+01 1.511E+00 9.947E+01 2.689E+01
   1735      7.775 2.123E+02 3.803E+02 2.351E+04 2.027E-03 3.840E-02 1.377E+01 1.876E+00 9.656E+01 2.641E+01
   1740      7.800 2.205E+02 3.661E+02 2.264E+04 2.007E-03 3.856E-02 1.351E+01 2.246E+00 9.379E+01 2.591E+01
   1745      7.825 2.287E+02 3.520E+02 2.176E+04 1.987E-03 3.876E-02 1.325E+01 2.619E+00 9.117E+01 2.541E+01
   1750      7.850 2.369E+02 3.378E+02 2.089E+04 1.969E-03 3.901E-02 1.298E+01 2.992E+00 8.870E+01 2.489E+01
   1755      7.875 2.451E+02 3.237E+02 2.002E+04 1.953E-03 3.929E-02 1.271E+01 3.365E+00 8.638E+01 2.437E+01
   1760      7.900 2.533E+02 3.097E+02 1.916E+04 1.939E-03 3.960E-02 1.243E+01 3.738E+00 8.421E+01 2.384E+01
   1765      7.925 2.615E+02 2.958E+02 1.830E+04 1.929E-03 3.994E-02 1.215E+01 4.109E+00 8.220E+01 2.330E+01
   1770      7.950 2.697E+02 2.820E+02 1.744E+04 1.922E-03 4.031E-02 1.186E+01 4.479E+00 8.035E+01 2.275E+01
   1775      7.975 2.779E+02 2.683E+02 1.660E+04 1.920E-03 4.070E-02 1.157E+01 4.847E+00 7.866E+01 2.219E+01
   1780      8.000 2.859E+02 2.547E+02 1.576E+04 1.921E-03 4.111E-02 1.127E+01 5.213E+00 7.714E+01 2.162E+01
   1785      8.025 2.939E+02 2.414E+02 1.494E+04 1.925E-03 4.155E-02 1.097E+01 5.577E+00 7.577E+01 2.104E+01
   1790      8.050 3.019E+02 2.282E+02 1.412E+04 1.932E-03 4.201E-02 1.067E+01 5.938E+00 7.457E+01 2.046E+01
   1795      8.075 3.097E+02 2.152E+02 1.332E+04 1.943E-03 4.249E-02 1.036E+01 6.297E+00 7.354E+01 1.987E+01
   1800      8.100 3.174E+02 2.025E+02 1.254E+04 1.955E-03 4.300E-02 1.005E+01 6.653E+00 7.267E+01 1.927E+01
   1805      8.125 3.250E+02 1.900E+02 1.176E+04 1.968E-03 4.353E-02 9.739E+00 7.006E+00 7.196E+01 1.866E+01
   1810      8.150 3.325E+02 1.777E+02 1.101E+04 1.981E-03 4.409E-02 9.421E+00 7.355E+00 7.142E+01 1.805E+01
   1815      8.175 3.398E+02 1.658E+02 1.027E+04 1.993E-03 4.468E-02 9.099E+00 7.701E+00 7.105E+01 1.743E+01
   1820      8.200 3.470E+02 1.541E+02 9.549E+03 2.004E-03 4.529E-02 8.774E+00 8.043E+00 7.084E+01 1.680E+01
   1825      8.225 3.539E+02 1.428E+02 8.848E+03 2.012E-03 4.594E-02 8.446E+00 8.381E+00 7.079E+01 1.617E+01
   1830      8.250 3.607E+02 1.318E+02 8.168E+03 2.017E-03 4.661E-02 8.115E+00 8.715E+00 7.091E+01 1.553E+01
   1835      8.275 3.673E+02 1.211E+02 7.509E+03 2.018E-03 4.731E-02 7.781E+00 9.045E+00 7.118E+01 1.489E+01
   1840      8.300 3.737E+02 1.108E+02 6.873E+03 2.014E-03 4.804E-02 7.444E+00 9.371E+00 7.162E+01 1.424E+01
   1845      8.325 3.798E+02 1.009E+02 6.261E+03 2.004E-03 4.880E-02 7.105E+00 9.692E+00 7.221E+01 1.358E+01
   1850      8.350 3.858E+02 9.143E+01 5.673E+03 1.990E-03 4.958E-02 6.763E+00 1.001E+01 7.295E+01 1.292E+01
   1855      8.375 3.914E+02 8.233E+01 5.110E+03 1.969E-03 5.038E-02 6.419E+00 1.032E+01 7.385E+01 1.226E+01
   1860      8.400 3.968E+02 7.366E+01 4.573E+03 1.944E-03 5.119E-02 6.073E+00 1.063E+01 7.490E+01 1.159E+01
   1865      8.425 4.020E+02 6.543E+01 4.064E+03 1.913E-03 5.202E-02 5.724E+00 1.093E+01 7.609E+01 1.092E+01
   1870      8.450 4.068E+02 5.765E+01 3.582E+03 1.877E-03 5.286E-02 5.374E+00 1.122E+01 7.742E+01 1.024E+01
   1875      8.475 4.114E+02 5.033E+01 3.129E+03 1.837E-03 5.369E-02 5.023E+00 1.151E+01 7.890E+01 9.563E+00
   1880      8.500 4.156E+02 4.349E+01 2.705E+03 1.794E-03 5.452E-02 4.670E+00 1.180E+01 8.050E+01 8.881E+00
   1885      8.525 4.196E+02 3.713E+01 2.311E+03 1.748E-03 5.535E-02 4.317E+00 1.208E+01 8.225E+01 8.199E+00
   1890      8.550 4.232E+02 3.127E+01 1.948E+03 1.701E-03 5.615E-02 3.963E+00 1.235E+01 8.411E+01 7.515E+00
   1895      8.575 4.266E+02 2.591E+01 1.616E+03 1.652E-03 5.694E-02 3.609E+00 1.262E+01 8.610E+01 6.831E+00
   1900      8.600 4.295E+02 2.107E+01 1.315E+03 1.604E-03 5.769E-02 3.256E+00 1.288E+01 8.821E+01 6.148E+00
   1905      8.625 4.322E+02 1.675E+01 1.046E+03 1.557E-03 5.842E-02 2.905E+00 1.313E+01 9.044E+01 5.468E+00
   1910      8.650 4.345E+02 1.295E+01 8.102E+02 1.512E-03 5.911E-02 2.556E+00 1.338E+01 9.277E+01 4.793E+00
   1915      8.675 4.364E+02 9.686E+00 6.069E+02 1.470E-03 5.976E-02 2.212E+00 1.362E+01 9.521E+01 4.128E+00
   1920      8.700 4.380E+02 6.958E+00 4.366E+02 1.431E-03 6.036E-02 1.876E+00 1.386E+01 9.774E+01 3.496E+00
   1925      8.725 4.393E+02 4.771E+00 2.998E+02 1.396E-03 6.092E-02 1.555E+00 1.408E+01 1.004E+02 2.889E+00
   1930      8.750 4.402E+02 3.129E+00 1.966E+02 1.366E-03 6.142E-02 1.259E+00 1.430E+01 1.031E+02 2.444E+00
   1935      8.775 4.407E+02 2.032E+00 1.271E+02 1.341E-03 6.187E-02 1.012E+00 1.452E+01 1.059E+02 2.033E+00
   1940      8.800 4.408E+02 1.484E+00 9.140E+01 1.321E-03 6.227E-02 8.585E-01 1.472E+01 1.088E+02 1.711E+00
   1945      8.825 4.406E+02 1.483E+00 8.956E+01 1.307E-03 6.261E-02 8.498E-01 1.492E+01 1.117E+02 1.742E+00
   1950      8.850 4.400E+02 2.030E+00 1.215E+02 1.298E-03 6.289E-02 9.899E-01 1.512E+01 1.147E+02 2.162E+00
   1955      8.875 4.391E+02 3.123E+00 1.873E+02 1.294E-03 6.311E-02 1.229E+00 1.530E+01 1.178E+02 2.669E+00
   1960      8.900 4.377E+02 4.760E+00 2.866E+02 1.295E-03 6.327E-02 1.520E+00 1.548E+01 1.209E+02 3.200E+00
   1965      8.925 4.360E+02 6.937E+00 4.193E+02 1.302E-03 6.338E-02 1.839E+00 1.565E+01 1.241E+02 3.750E+00
   1970      8.950 4.340E+02 9.650E+00 5.851E+02 1.312E-03 6.343E-02 2.172E+00 1.581E+01 1.273E+02 4.315E+00
   1975      8.975 4.316E+02 1.289E+01 7.838E+02 1.327E-03 6.342E-02 2.514E+00 1.596E+01 1.305E+02 4.892E+00
   1980      9.000 4.288E+02 1.666E+01 1.015E+03 1.345E-03 6.336E-02 2.861E+00 1.611E+01 1.338E+02 5.553E+00
   1985      9.025 4.257E+02 2.095E+01 1.278E+03 1.366E-03 6.325E-02 3.210E+00 1.625E+01 1.371E+02 6.237E+00
   1990      9.050 4.222E+02 2.574E+01 1.573E+03 1.389E-03 6.309E-02 3.561E+00 1.638E+01 1.404E+02 6.922E+00
   1995      9.075 4.183E+02 3.104E+01 1.899E+03 1.415E-03 6.288E-02 3.913E+00 1.650E+01 1.438E+02 7.605E+00
   2000      9.100 4.142E+02 3.683E+01 2.255E+03 1.441E-03 6.263E-02 4.264E+00 1.661E+01 1.471E+02 8.287E+00
   2005      9.125 4.097E+02 4.310E+01 2.641E+03 1.469E-03 6.234E-02 4.615E+00 1.672E+01 1.504E+02 8.967E+00
   2010      9.150 4.049E+02 4.984E+01 3.056E+03 1.497E-03 6.200E-02 4.964E+00 1.682E+01 1.537E+02 9.643E+00
   2015      9.175 3.997E+02 5.704E+01 3.500E+03 1.525E-03 6.164E-02 5.312E+00 1.691E+01 1.570E+02 1.032E+01
   2020      9.200 3.943E+02 6.468E+01 3.971E+03 1.553E-03 6.124E-02 5.658E+00 1.699E+01 1.603E+02 1.098E+01
   2025      9.225 3.886E+02 7.275E+01 4.469E+03 1.580E-03 6.080E-02 6.003E+00 1.706E+01 1.636E+02 1.165E+01
   2030      9.250 3.825E+02 8.124E+01 4.992E+03 1.606E-03 6.035E-02 6.345E+00 1.713E+01 1.668E+02 1.231E+01
   2035      9.275 3.762E+02 9.013E+01 5.541E+03 1.631E-03 5.986E-02 6.684E+00 1.718E+01 1.700E+02 1.296E+01
   2040      9.300 3.697E+02 9.941E+01 6.113E+03 1.655E-03 5.936E-02 7.021E+00 1.723E+01 1.731E+02 1.361E+01
   2045      9.325 3.628E+02 1.091E+02 6.709E+03 1.677E-03 5.883E-02 7.355E+00 1.727E+01 1.762E+02 1.426E+01
   2050      9.350 3.558E+02 1.191E+02 7.326E+03 1.697E-03 5.829E-02 7.686E+00 1.730E+01 1.792E+02 1.489E+01
   2055      9.375 3.485E+02 1.294E+02 7.964E+03 1.717E-03 5.773E-02 8.013E+00 1.733E+01 1.822E+02 1.552E+01
   2060      9.400 3.409E+02 1.400E+02 8.622E+03 1.734E-03 5.715E-02 8.338E+00 1.734E+01 1.851E+02 1.615E+01
   2065      9.425 3.332E+02 1.510E+02 9.298E+03 1.751E-03 5.657E-02 8.658E+00 1.735E+01 1.880E+02 1.676E+01
   2070      9.450 3.253E+02 1.622E+02 9.991E+03 1.766E-03 5.598E-02 8.975E+00 1.735E+01 1.907E+02 1.737E+01
   2075      9.475 3.172E+02 1.737E+02 1.070E+04 1.781E-03 5.538E-02 9.289E+00 1.734E+01 1.934E+02 1.797E+01
   2080      9.500 3.090E+02 1.854E+02 1.142E+04 1.795E-03 5.477E-02 9.598E+00 1.732E+01 1.960E+02 1.856E+01
   2085      9.525 3.006E+02 1.973E+02 1.216E+04 1.808E-03 5.416E-02 9.902E+00 1.729E+01 1.985E+02 1.914E+01
   2090      9.550 2.921E+02 2.094E+02 1.291E+04 1.820E-03 5.355E-02 1.020E+01 1.726E+01 2.010E+02 1.972E+01
   2095      9.575 2.834E+02 2.217E+02 1.367E+04 1.833E-03 5.294E-02 1.050E+01 1.721E+01 2.033E+02 2.028E+01
   2100      9.600 2.747E+02 2.341E+02 1.444E+04 1.846E-03 5.232E-02 1.079E+01 1.716E+01 2.055E+02 2.084E+01
   2105      9.625 2.659E+02 2.467E+02 1.522E+04 1.858E-03 5.172E-02 1.108E+01 1.710E+01 2.076E+02 2.138E+01
   2110      9.650 2.570E+02 2.594E+02 1.600E+04 1.871E-03 5.111E-02 1.136E+01 1.704E+01 2.096E+02 2.192E+01
   2115      9.675 2.480E+02 2.721E+02 1.679E+04 1.884E-03 5.051E-02 1.164E+01 1.696E+01 2.115E+02 2.244E+01
   2120      9.700 2.390E+02 2.850E+02 1.759E+04 1.898E-03 4.992E-02 1.191E+01 1.688E+01 2.133E+02 2.296E+01
   2125      9.725 2.300E+02 2.978E+02 1.838E+04 1.911E-03 4.935E-02 1.217E+01 1.679E+01 2.150E+02 2.346E+01
   2130      9.750 2.210E+02 3.107E+02 1.918E+04 1.925E-03 4.878E-02 1.244E+01 1.669E+01 2.165E+02 2.396E+01
   2135      9.775 2.120E+02 3.235E+02 1.997E+04 1.938E-03 4.823E-02 1.269E+01 1.658E+01 2.180E+02 2.444E+01
   2140      9.800 2.030E+02 3.363E+02 2.077E+04 1.952E-03 4.771E-02 1.294E+01 1.647E+01 2.193E+02 2.491E+01
   2145      9.825 1.941E+02 3.491E+02 2.156E+04 1.964E-03 4.720E-02 1.318E+01 1.634E+01 2.205E+02 2.537E+01
   2150      9.850 1.853E+02 3.618E+02 2.235E+04 1.976E-03 4.672E-02 1.342E+01 1.621E+01 2.215E+02 2.581E+01
   2155      9.875 1.765E+02 3.744E+02 2.313E+04 1.987E-03 4.626E-02 1.365E+01 1.608E+01 2.224E+02 2.625E+01
   2160      9.900 1.678E+02 3.869E+02 2.390E+04 1.997E-03 4.583E-02 1.388E+01 1.593E+01 2.232E+02 2.667E+01
   2165      9.925 1.592E+02 3.992E+02 2.466E+04 2.005E-03 4.544E-02 1.410E+01 1.578E+01 2.239E+02 2.708E+01
   2170      9.950 1.507E+02 4.113E+02 2.541E+04 2.012E-03 4.508E-02 1.431E+01 1.562E+01 2.244E+02 2.747E+01
   2175      9.975 1.424E+02 4.233E+02 2.616E+04 2.017E-03 4.475E-02 1.452E+01 1.545E+01 2.248E+02 2.786E+01
   2180     10.000 1.342E+02 4.350E+02 2.688E+04 2.019E-03 4.446E-02 1.472E+01 1.528E+01 2.251E+02 2.823E+01
   2185     10.025 1.262E+02 4.465E+02 2.760E+04 2.020E-03 4.421E-02 1.492E+01 1.510E+01 2.252E+02 2.859E+01
   2190     10.050 1.184E+02 4.578E+02 2.830E+04 2.018E-03 4.400E-02 1.510E+01 1.491E+01 2.252E+02 2.893E+01
