#---it-------t--------ee2m------aa2m------emag------EEGW------hrms------brms------erms------EEEM------bmax------nlin0------nlin1------nlin2---
      0     -0.900 3.869E-17 1.942E-20 0.000E+00 0.000E+00 0.000E+00 0.000E+00 0.000E+00 0.000E+00 0.000E+00 0.0000E+00 0.0000E+00 0.0000E+00
      5     -0.875 1.145E-15 2.622E-19 3.666E-14 1.711E-29 7.230E-17 1.719E-08 4.016E-08 9.544E-16 6.804E-08 1.5063E-23 6.6487E-24 2.5179E-56
     10     -0.850 1.718E-14 5.520E-18 7.707E-13 2.606E-27 1.296E-15 7.883E-08 1.544E-07 1.502E-14 3.123E-07 1.7744E-21 7.8984E-22 1.8483E-51
     15     -0.825 1.516E-13 7.008E-17 9.341E-12 1.617E-25 1.226E-14 2.744E-07 4.626E-07 1.447E-13 1.087E-06 8.7386E-20 3.9235E-20 1.1511E-47
     20     -0.800 9.070E-13 5.878E-16 7.242E-11 4.916E-24 7.996E-14 7.642E-07 1.145E-06 9.477E-13 3.006E-06 2.1565E-18 9.7760E-19 1.5511E-44
     25     -0.775 4.063E-12 3.566E-15 3.944E-10 8.588E-23 3.900E-13 1.783E-06 2.451E-06 4.594E-12 6.897E-06 3.0608E-17 1.4184E-17 6.0834E-42
     30     -0.750 1.480E-11 1.687E-14 1.634E-09 9.937E-22 1.519E-12 3.630E-06 4.713E-06 1.769E-11 1.359E-05 2.7949E-16 1.3666E-16 8.8225E-40
     35     -0.725 4.656E-11 6.616E-14 5.532E-09 8.535E-21 4.997E-12 6.679E-06 8.387E-06 5.748E-11 2.365E-05 1.8025E-15 9.7811E-16 5.8206E-38
     40     -0.700 1.311E-10 2.253E-13 1.622E-08 5.878E-20 1.448E-11 1.144E-05 1.409E-05 1.647E-10 4.064E-05 8.8866E-15 5.6521E-15 2.0964E-36
     45     -0.675 3.370E-10 6.873E-13 4.287E-08 3.395E-19 3.799E-11 1.859E-05 2.261E-05 4.284E-10 6.549E-05 3.6011E-14 2.7750E-14 4.7963E-35
     50     -0.650 8.001E-10 1.914E-12 1.045E-07 1.691E-18 9.198E-11 2.903E-05 3.488E-05 1.030E-09 1.052E-04 1.2844E-13 1.1914E-13 7.9870E-34
     55     -0.625 1.776E-09 4.933E-12 2.378E-07 7.424E-18 2.079E-10 4.379E-05 5.204E-05 2.313E-09 1.587E-04 4.2358E-13 4.5594E-13 1.0986E-32
     60     -0.600 3.719E-09 1.188E-11 5.101E-07 2.922E-17 4.430E-10 6.413E-05 7.542E-05 4.900E-09 2.276E-04 1.3160E-12 1.5795E-12 1.3869E-31
     65     -0.575 7.404E-09 2.699E-11 1.039E-06 1.046E-16 8.963E-10 9.151E-05 1.066E-04 9.865E-09 3.144E-04 3.8783E-12 5.0174E-12 1.6881E-30
     70     -0.550 1.410E-08 5.818E-11 2.019E-06 3.445E-16 1.733E-09 1.276E-04 1.473E-04 1.898E-08 4.350E-04 1.1035E-11 1.4773E-11 1.9254E-29
     75     -0.525 2.580E-08 1.198E-10 3.770E-06 1.054E-15 3.218E-09 1.744E-04 1.995E-04 3.510E-08 5.860E-04 3.1006E-11 4.0671E-11 1.9851E-28
     80     -0.500 4.560E-08 2.366E-10 6.787E-06 3.021E-15 5.765E-09 2.339E-04 2.656E-04 6.262E-08 7.998E-04 8.6501E-11 1.0547E-10 1.8548E-27
     85     -0.475 7.810E-08 4.504E-10 1.183E-05 8.161E-15 1.000E-08 3.088E-04 3.480E-04 1.082E-07 1.059E-03 2.3537E-10 2.5919E-10 1.6017E-26
     90     -0.450 1.301E-07 8.295E-10 2.001E-05 2.092E-14 1.686E-08 4.017E-04 4.495E-04 1.817E-07 1.367E-03 6.1070E-10 6.0689E-10 1.2847E-25
     95     -0.425 2.112E-07 1.482E-09 3.298E-05 5.109E-14 2.768E-08 5.156E-04 5.733E-04 2.973E-07 1.729E-03 1.4979E-09 1.3602E-09 9.3931E-25
    100     -0.400 3.350E-07 2.577E-09 5.304E-05 1.194E-13 4.437E-08 6.539E-04 7.227E-04 4.750E-07 2.151E-03 3.4985E-09 2.9294E-09 6.1710E-24
    105     -0.375 5.204E-07 4.370E-09 8.345E-05 2.683E-13 6.958E-08 8.203E-04 9.013E-04 7.426E-07 2.701E-03 7.8820E-09 6.0834E-09 3.6741E-23
    110     -0.350 7.931E-07 7.244E-09 1.287E-04 5.811E-13 1.070E-07 1.019E-03 1.113E-03 1.138E-06 3.458E-03 1.7252E-08 1.2218E-08 2.0231E-22
    115     -0.325 1.187E-06 1.176E-08 1.948E-04 1.217E-12 1.614E-07 1.253E-03 1.363E-03 1.714E-06 4.329E-03 3.6577E-08 2.3797E-08 1.0404E-21
    120     -0.300 1.749E-06 1.872E-08 2.899E-04 2.472E-12 2.395E-07 1.529E-03 1.654E-03 2.536E-06 5.292E-03 7.4363E-08 4.5053E-08 4.9587E-21
    125     -0.275 2.537E-06 2.927E-08 4.246E-04 4.878E-12 3.498E-07 1.850E-03 1.992E-03 3.697E-06 6.323E-03 1.4335E-07 8.3089E-08 2.1506E-20
    130     -0.250 3.628E-06 4.501E-08 6.128E-04 9.375E-12 5.035E-07 2.223E-03 2.383E-03 5.310E-06 7.390E-03 2.5984E-07 1.4957E-07 8.3275E-20
    135     -0.225 5.122E-06 6.815E-08 8.725E-04 1.758E-11 7.150E-07 2.652E-03 2.831E-03 7.526E-06 8.475E-03 4.4133E-07 2.6324E-07 2.8395E-19
    140     -0.200 7.143E-06 1.017E-07 1.226E-03 3.223E-11 1.003E-06 3.145E-03 3.343E-03 1.053E-05 1.022E-02 7.0325E-07 4.5373E-07 8.4616E-19
    145     -0.175 9.847E-06 1.498E-07 1.703E-03 5.781E-11 1.389E-06 3.706E-03 3.926E-03 1.457E-05 1.231E-02 1.0565E-06 7.6701E-07 2.2006E-18
    150     -0.150 1.343E-05 2.177E-07 2.340E-03 1.016E-10 1.904E-06 4.343E-03 4.584E-03 1.994E-05 1.465E-02 1.5073E-06 1.2733E-06 5.0198E-18
    155     -0.125 1.814E-05 3.128E-07 3.180E-03 1.754E-10 2.583E-06 5.064E-03 5.327E-03 2.701E-05 1.724E-02 2.0577E-06 2.0785E-06 1.0170E-17
    160     -0.100 2.427E-05 4.444E-07 4.281E-03 2.976E-10 3.470E-06 5.875E-03 6.162E-03 3.624E-05 2.011E-02 2.7063E-06 3.3397E-06 1.8736E-17
    165     -0.075 3.217E-05 6.247E-07 5.710E-03 4.968E-10 4.619E-06 6.785E-03 7.095E-03 4.819E-05 2.330E-02 3.4490E-06 5.2875E-06 3.2646E-17
    170     -0.050 4.230E-05 8.694E-07 7.552E-03 8.168E-10 6.097E-06 7.803E-03 8.136E-03 6.354E-05 2.681E-02 4.2826E-06 8.2563E-06 5.6821E-17
    175     -0.025 5.517E-05 1.199E-06 9.908E-03 1.323E-09 7.983E-06 8.938E-03 9.292E-03 8.311E-05 3.069E-02 5.2109E-06 1.2725E-05 1.0385E-16
    180     -0.000 7.141E-05 1.638E-06 1.290E-02 2.115E-09 1.037E-05 1.020E-02 1.057E-02 1.079E-04 3.487E-02 6.2527E-06 1.9370E-05 2.0182E-16
    185      0.025 9.176E-05 2.219E-06 1.668E-02 3.332E-09 1.339E-05 1.160E-02 1.199E-02 1.391E-04 3.933E-02 7.4537E-06 2.9140E-05 4.0684E-16
    190      0.050 1.171E-04 2.983E-06 2.141E-02 5.187E-09 1.715E-05 1.314E-02 1.354E-02 1.780E-04 4.405E-02 8.9058E-06 4.3347E-05 8.2533E-16
    195      0.075 1.485E-04 3.978E-06 2.732E-02 7.980E-09 2.182E-05 1.484E-02 1.525E-02 2.264E-04 4.897E-02 1.0773E-05 6.3789E-05 1.6688E-15
    200      0.100 1.872E-04 5.267E-06 3.462E-02 1.214E-08 2.760E-05 1.671E-02 1.712E-02 2.861E-04 5.404E-02 1.3325E-05 9.2899E-05 3.3897E-15
    205      0.125 2.345E-04 6.925E-06 4.363E-02 1.827E-08 3.470E-05 1.876E-02 1.916E-02 3.594E-04 5.925E-02 1.6973E-05 1.3395E-04 7.0102E-15
    210      0.150 2.920E-04 9.044E-06 5.465E-02 2.720E-08 4.339E-05 2.099E-02 2.138E-02 4.489E-04 6.452E-02 2.2338E-05 1.9128E-04 1.4901E-14
    215      0.175 3.618E-04 1.174E-05 6.809E-02 4.009E-08 5.395E-05 2.343E-02 2.380E-02 5.577E-04 6.983E-02 3.0353E-05 2.7065E-04 3.2594E-14
    220      0.200 4.459E-04 1.514E-05 8.437E-02 5.852E-08 6.673E-05 2.608E-02 2.642E-02 6.891E-04 7.573E-02 4.2415E-05 3.7959E-04 7.2819E-14
    225      0.225 5.468E-04 1.941E-05 1.040E-01 8.467E-08 8.214E-05 2.896E-02 2.926E-02 8.473E-04 8.513E-02 6.0633E-05 5.2791E-04 1.6377E-13
    230      0.250 6.674E-04 2.475E-05 1.276E-01 1.214E-07 1.006E-04 3.208E-02 3.232E-02 1.037E-03 9.548E-02 8.8183E-05 7.2835E-04 3.6474E-13
    235      0.275 8.109E-04 3.139E-05 1.558E-01 1.728E-07 1.227E-04 3.544E-02 3.563E-02 1.263E-03 1.064E-01 1.2989E-04 9.9726E-04 7.9384E-13
    240      0.300 9.810E-04 3.961E-05 1.894E-01 2.438E-07 1.489E-04 3.908E-02 3.919E-02 1.531E-03 1.177E-01 1.9314E-04 1.3556E-03 1.6753E-12
    245      0.325 1.182E-03 4.972E-05 2.292E-01 3.416E-07 1.800E-04 4.299E-02 4.302E-02 1.849E-03 1.293E-01 2.8927E-04 1.8302E-03 3.4199E-12
    250      0.350 1.419E-03 6.213E-05 2.762E-01 4.751E-07 2.167E-04 4.719E-02 4.713E-02 2.224E-03 1.412E-01 4.3586E-04 2.4547E-03 6.7708E-12
    255      0.375 1.697E-03 7.727E-05 3.315E-01 6.563E-07 2.599E-04 5.170E-02 5.154E-02 2.665E-03 1.533E-01 6.6005E-04 3.2718E-03 1.3083E-11
    260      0.400 2.022E-03 9.569E-05 3.965E-01 9.006E-07 3.105E-04 5.654E-02 5.626E-02 3.181E-03 1.656E-01 1.0036E-03 4.3347E-03 2.4893E-11
    265      0.425 2.401E-03 1.180E-04 4.724E-01 1.227E-06 3.697E-04 6.171E-02 6.131E-02 3.784E-03 1.780E-01 1.5301E-03 5.7099E-03 4.7133E-11
    270      0.450 2.842E-03 1.449E-04 5.609E-01 1.662E-06 4.387E-04 6.725E-02 6.670E-02 4.486E-03 1.918E-01 2.3342E-03 7.4795E-03 8.9923E-11
    275      0.475 3.354E-03 1.773E-04 6.638E-01 2.238E-06 5.187E-04 7.316E-02 7.245E-02 5.301E-03 2.074E-01 3.5545E-03 9.7451E-03 1.7542E-10
    280      0.500 3.945E-03 2.161E-04 7.831E-01 2.996E-06 6.114E-04 7.946E-02 7.858E-02 6.244E-03 2.232E-01 5.3866E-03 1.2631E-02 3.5515E-10
    285      0.525 4.628E-03 2.624E-04 9.210E-01 3.989E-06 7.184E-04 8.618E-02 8.510E-02 7.334E-03 2.429E-01 8.0969E-03 1.6291E-02 7.5348E-10
    290      0.550 5.414E-03 3.176E-04 1.080E+00 5.285E-06 8.417E-04 9.332E-02 9.202E-02 8.588E-03 2.650E-01 1.2032E-02 2.0911E-02 1.6715E-09
    295      0.575 6.315E-03 3.831E-04 1.263E+00 6.965E-06 9.833E-04 1.009E-01 9.937E-02 1.003E-02 2.883E-01 1.7626E-02 2.6717E-02 3.8177E-09
    300      0.600 7.348E-03 4.606E-04 1.473E+00 9.136E-06 1.146E-03 1.090E-01 1.072E-01 1.168E-02 3.124E-01 2.5394E-02 3.3986E-02 8.7804E-09
    305      0.625 8.527E-03 5.521E-04 1.713E+00 1.193E-05 1.331E-03 1.175E-01 1.154E-01 1.357E-02 3.375E-01 3.5937E-02 4.3049E-02 1.9911E-08
    310      0.650 9.871E-03 6.598E-04 1.987E+00 1.551E-05 1.543E-03 1.266E-01 1.242E-01 1.572E-02 3.635E-01 4.9935E-02 5.4308E-02 4.3849E-08
    315      0.675 1.140E-02 7.862E-04 2.298E+00 2.007E-05 1.783E-03 1.361E-01 1.334E-01 1.817E-02 3.906E-01 6.8139E-02 6.8246E-02 9.2975E-08
    320      0.700 1.313E-02 9.342E-04 2.653E+00 2.588E-05 2.057E-03 1.463E-01 1.432E-01 2.095E-02 4.190E-01 9.1372E-02 8.5441E-02 1.8910E-07
    325      0.725 1.510E-02 1.107E-03 3.055E+00 3.324E-05 2.367E-03 1.569E-01 1.535E-01 2.410E-02 4.487E-01 1.2053E-01 1.0658E-01 3.6881E-07
    330      0.750 1.731E-02 1.309E-03 3.509E+00 4.254E-05 2.718E-03 1.682E-01 1.644E-01 2.766E-02 4.800E-01 1.5660E-01 1.3250E-01 6.9104E-07
    335      0.775 1.982E-02 1.543E-03 4.023E+00 5.425E-05 3.114E-03 1.801E-01 1.759E-01 3.169E-02 5.130E-01 2.0069E-01 1.6417E-01 1.2478E-06
    340      0.800 2.263E-02 1.814E-03 4.601E+00 6.895E-05 3.561E-03 1.926E-01 1.880E-01 3.622E-02 5.477E-01 2.5404E-01 2.0275E-01 2.1795E-06
    345      0.825 2.579E-02 2.128E-03 5.252E+00 8.734E-05 4.064E-03 2.058E-01 2.007E-01 4.132E-02 5.841E-01 3.1803E-01 2.4961E-01 3.6967E-06
    350      0.850 2.934E-02 2.491E-03 5.983E+00 1.103E-04 4.629E-03 2.196E-01 2.142E-01 4.706E-02 6.222E-01 3.9415E-01 3.0638E-01 6.1109E-06
    355      0.875 3.332E-02 2.909E-03 6.803E+00 1.389E-04 5.264E-03 2.342E-01 2.283E-01 5.348E-02 6.621E-01 4.8403E-01 3.7496E-01 9.8777E-06
    360      0.900 3.776E-02 3.390E-03 7.722E+00 1.743E-04 5.975E-03 2.495E-01 2.431E-01 6.068E-02 7.038E-01 5.8934E-01 4.5760E-01 1.5657E-05
    365      0.925 4.272E-02 3.941E-03 8.748E+00 2.182E-04 6.772E-03 2.656E-01 2.587E-01 6.873E-02 7.471E-01 7.1181E-01 5.5694E-01 2.4392E-05
    370      0.950 4.826E-02 4.573E-03 9.894E+00 2.725E-04 7.661E-03 2.824E-01 2.751E-01 7.772E-02 7.922E-01 8.5308E-01 6.7607E-01 3.7413E-05
    375      0.975 5.442E-02 5.295E-03 1.117E+01 3.393E-04 8.655E-03 3.001E-01 2.922E-01 8.774E-02 8.388E-01 1.0147E+00 8.1863E-01 5.6561E-05
    380      1.000 6.128E-02 6.118E-03 1.259E+01 4.214E-04 9.763E-03 3.186E-01 3.102E-01 9.889E-02 8.872E-01 1.1977E+00 9.8887E-01 8.4314E-05
    385      1.025 6.890E-02 7.057E-03 1.417E+01 3.069E-04 1.085E-02 3.381E-01 3.291E-01 1.113E-01 9.370E-01 0.0000E+00 0.0000E+00 1.1254E-04
    390      1.050 7.736E-02 8.124E-03 1.593E+01 2.263E-04 1.160E-02 3.584E-01 3.489E-01 1.251E-01 9.885E-01 0.0000E+00 0.0000E+00 1.1324E-04
    395      1.075 8.674E-02 9.336E-03 1.788E+01 2.438E-04 1.203E-02 3.797E-01 3.696E-01 1.404E-01 1.042E+00 0.0000E+00 0.0000E+00 8.8526E-05
    400      1.100 9.713E-02 1.071E-02 2.004E+01 3.405E-04 1.218E-02 4.019E-01 3.913E-01 1.573E-01 1.097E+00 0.0000E+00 0.0000E+00 5.6283E-05
    405      1.125 1.086E-01 1.227E-02 2.243E+01 4.816E-04 1.211E-02 4.252E-01 4.140E-01 1.761E-01 1.154E+00 0.0000E+00 0.0000E+00 3.2794E-05
    410      1.150 1.213E-01 1.402E-02 2.507E+01 6.278E-04 1.191E-02 4.496E-01 4.376E-01 1.968E-01 1.213E+00 0.0000E+00 0.0000E+00 2.1949E-05
    415      1.175 1.353E-01 1.601E-02 2.799E+01 7.461E-04 1.166E-02 4.751E-01 4.624E-01 2.197E-01 1.274E+00 0.0000E+00 0.0000E+00 1.9283E-05
    420      1.200 1.508E-01 1.824E-02 3.121E+01 8.169E-04 1.144E-02 5.017E-01 4.882E-01 2.450E-01 1.338E+00 0.0000E+00 0.0000E+00 2.1872E-05
    425      1.225 1.678E-01 2.076E-02 3.477E+01 8.368E-04 1.130E-02 5.295E-01 5.151E-01 2.728E-01 1.404E+00 0.0000E+00 0.0000E+00 3.1136E-05
    430      1.250 1.865E-01 2.359E-02 3.868E+01 8.155E-04 1.125E-02 5.585E-01 5.432E-01 3.035E-01 1.473E+00 0.0000E+00 0.0000E+00 4.7178E-05
    435      1.275 2.070E-01 2.677E-02 4.299E+01 7.706E-04 1.127E-02 5.888E-01 5.724E-01 3.372E-01 1.548E+00 0.0000E+00 0.0000E+00 6.4036E-05
    440      1.300 2.296E-01 3.033E-02 4.774E+01 7.209E-04 1.135E-02 6.204E-01 6.028E-01 3.741E-01 1.631E+00 0.0000E+00 0.0000E+00 7.2776E-05
    445      1.325 2.543E-01 3.432E-02 5.295E+01 6.809E-04 1.145E-02 6.534E-01 6.345E-01 4.147E-01 1.714E+00 0.0000E+00 0.0000E+00 6.8929E-05
    450      1.350 2.814E-01 3.878E-02 5.866E+01 6.580E-04 1.154E-02 6.877E-01 6.673E-01 4.592E-01 1.800E+00 0.0000E+00 0.0000E+00 5.5896E-05
    455      1.375 3.109E-01 4.377E-02 6.493E+01 6.526E-04 1.160E-02 7.236E-01 7.015E-01 5.078E-01 1.887E+00 0.0000E+00 0.0000E+00 4.1329E-05
    460      1.400 3.432E-01 4.933E-02 7.180E+01 6.599E-04 1.164E-02 7.609E-01 7.369E-01 5.610E-01 1.978E+00 0.0000E+00 0.0000E+00 3.1122E-05
    465      1.425 3.785E-01 5.554E-02 7.932E+01 6.729E-04 1.166E-02 7.997E-01 7.737E-01 6.191E-01 2.070E+00 0.0000E+00 0.0000E+00 2.6726E-05
    470      1.450 4.169E-01 6.245E-02 8.754E+01 6.854E-04 1.167E-02 8.402E-01 8.117E-01 6.824E-01 2.165E+00 0.0000E+00 0.0000E+00 2.6610E-05
    475      1.475 4.587E-01 7.013E-02 9.652E+01 6.935E-04 1.167E-02 8.822E-01 8.511E-01 7.513E-01 2.263E+00 0.0000E+00 0.0000E+00 2.8795E-05
    480      1.500 5.041E-01 7.867E-02 1.063E+02 6.962E-04 1.167E-02 9.259E-01 8.919E-01 8.264E-01 2.363E+00 0.0000E+00 0.0000E+00 3.2132E-05
    485      1.525 5.535E-01 8.814E-02 1.170E+02 6.948E-04 1.168E-02 9.712E-01 9.341E-01 9.079E-01 2.465E+00 0.0000E+00 0.0000E+00 3.6594E-05
    490      1.550 6.071E-01 9.865E-02 1.286E+02 6.917E-04 1.168E-02 1.018E+00 9.777E-01 9.965E-01 2.570E+00 0.0000E+00 0.0000E+00 4.3471E-05
    495      1.575 6.653E-01 1.103E-01 1.412E+02 6.891E-04 1.169E-02 1.067E+00 1.023E+00 1.092E+00 2.682E+00 0.0000E+00 0.0000E+00 5.5182E-05
    500      1.600 7.282E-01 1.231E-01 1.550E+02 6.887E-04 1.169E-02 1.118E+00 1.069E+00 1.196E+00 2.816E+00 0.0000E+00 0.0000E+00 7.3814E-05
    505      1.625 7.964E-01 1.374E-01 1.699E+02 6.907E-04 1.169E-02 1.170E+00 1.117E+00 1.309E+00 2.956E+00 0.0000E+00 0.0000E+00 9.8691E-05
    510      1.650 8.702E-01 1.531E-01 1.860E+02 6.945E-04 1.169E-02 1.225E+00 1.167E+00 1.430E+00 3.101E+00 0.0000E+00 0.0000E+00 1.2479E-04
    515      1.675 9.499E-01 1.704E-01 2.035E+02 6.988E-04 1.169E-02 1.281E+00 1.218E+00 1.562E+00 3.251E+00 0.0000E+00 0.0000E+00 1.4384E-04
    520      1.700 1.036E+00 1.895E-01 2.223E+02 7.023E-04 1.169E-02 1.339E+00 1.270E+00 1.703E+00 3.406E+00 0.0000E+00 0.0000E+00 1.4812E-04
    525      1.725 1.129E+00 2.105E-01 2.427E+02 7.039E-04 1.171E-02 1.399E+00 1.324E+00 1.855E+00 3.566E+00 0.0000E+00 0.0000E+00 1.3481E-04
    530      1.750 1.229E+00 2.335E-01 2.647E+02 7.031E-04 1.172E-02 1.461E+00 1.380E+00 2.019E+00 3.731E+00 0.0000E+00 0.0000E+00 1.0803E-04
    535      1.775 1.337E+00 2.589E-01 2.884E+02 6.999E-04 1.175E-02 1.525E+00 1.437E+00 2.195E+00 3.901E+00 0.0000E+00 0.0000E+00 7.6716E-05
    540      1.800 1.454E+00 2.868E-01 3.139E+02 6.949E-04 1.178E-02 1.591E+00 1.496E+00 2.384E+00 4.074E+00 0.0000E+00 0.0000E+00 4.9818E-05
    545      1.825 1.579E+00 3.173E-01 3.412E+02 6.891E-04 1.181E-02 1.659E+00 1.557E+00 2.587E+00 4.252E+00 0.0000E+00 0.0000E+00 3.2880E-05
    550      1.850 1.714E+00 3.507E-01 3.706E+02 6.835E-04 1.184E-02 1.729E+00 1.619E+00 2.805E+00 4.433E+00 0.0000E+00 0.0000E+00 2.9841E-05
    555      1.875 1.859E+00 3.874E-01 4.022E+02 6.790E-04 1.186E-02 1.801E+00 1.683E+00 3.037E+00 4.618E+00 0.0000E+00 0.0000E+00 4.9432E-05
    560      1.900 2.015E+00 4.274E-01 4.359E+02 6.765E-04 1.187E-02 1.875E+00 1.749E+00 3.287E+00 4.805E+00 0.0000E+00 0.0000E+00 1.0934E-04
    565      1.925 2.182E+00 4.712E-01 4.721E+02 6.762E-04 1.188E-02 1.951E+00 1.816E+00 3.553E+00 4.996E+00 0.0000E+00 0.0000E+00 2.2970E-04
    570      1.950 2.361E+00 5.190E-01 5.107E+02 6.780E-04 1.187E-02 2.029E+00 1.886E+00 3.837E+00 5.189E+00 0.0000E+00 0.0000E+00 4.1492E-04
    575      1.975 2.554E+00 5.712E-01 5.520E+02 6.813E-04 1.186E-02 2.110E+00 1.957E+00 4.141E+00 5.384E+00 0.0000E+00 0.0000E+00 6.3570E-04
    580      2.000 2.760E+00 6.281E-01 5.960E+02 6.854E-04 1.184E-02 2.192E+00 2.031E+00 4.465E+00 5.580E+00 0.0000E+00 0.0000E+00 8.2956E-04
    585      2.025 2.981E+00 6.901E-01 6.429E+02 6.893E-04 1.181E-02 2.277E+00 2.106E+00 4.810E+00 5.778E+00 0.0000E+00 0.0000E+00 9.2790E-04
    590      2.050 3.218E+00 7.576E-01 6.930E+02 6.925E-04 1.178E-02 2.364E+00 2.183E+00 5.177E+00 5.978E+00 0.0000E+00 0.0000E+00 8.9524E-04
    595      2.075 3.471E+00 8.310E-01 7.462E+02 6.946E-04 1.175E-02 2.453E+00 2.263E+00 5.569E+00 6.200E+00 0.0000E+00 0.0000E+00 7.5156E-04
    600      2.100 3.742E+00 9.108E-01 8.029E+02 6.957E-04 1.173E-02 2.544E+00 2.344E+00 5.985E+00 6.428E+00 0.0000E+00 0.0000E+00 5.5847E-04
    605      2.125 4.031E+00 9.976E-01 8.632E+02 6.964E-04 1.170E-02 2.638E+00 2.428E+00 6.428E+00 6.655E+00 0.0000E+00 0.0000E+00 3.7914E-04
    610      2.150 4.340E+00 1.092E+00 9.272E+02 6.972E-04 1.168E-02 2.734E+00 2.514E+00 6.899E+00 6.884E+00 0.0000E+00 0.0000E+00 2.4406E-04
    615      2.175 4.669E+00 1.194E+00 9.952E+02 6.986E-04 1.166E-02 2.833E+00 2.603E+00 7.399E+00 7.113E+00 0.0000E+00 0.0000E+00 1.4888E-04
    620      2.200 5.021E+00 1.305E+00 1.067E+03 7.009E-04 1.164E-02 2.934E+00 2.693E+00 7.929E+00 7.344E+00 0.0000E+00 0.0000E+00 7.9796E-05
    625      2.225 5.396E+00 1.425E+00 1.144E+03 7.038E-04 1.163E-02 3.037E+00 2.786E+00 8.492E+00 7.577E+00 0.0000E+00 0.0000E+00 3.7626E-05
    630      2.250 5.795E+00 1.554E+00 1.225E+03 7.067E-04 1.163E-02 3.143E+00 2.882E+00 9.090E+00 7.827E+00 0.0000E+00 0.0000E+00 3.6195E-05
    635      2.275 6.220E+00 1.695E+00 1.311E+03 7.089E-04 1.164E-02 3.251E+00 2.979E+00 9.723E+00 8.147E+00 0.0000E+00 0.0000E+00 8.0357E-05
    640      2.300 6.672E+00 1.847E+00 1.402E+03 7.095E-04 1.165E-02 3.362E+00 3.080E+00 1.039E+01 8.471E+00 0.0000E+00 0.0000E+00 1.5122E-04
    645      2.325 7.153E+00 2.011E+00 1.498E+03 7.080E-04 1.168E-02 3.476E+00 3.183E+00 1.111E+01 8.797E+00 0.0000E+00 0.0000E+00 2.1740E-04
    650      2.350 7.665E+00 2.189E+00 1.600E+03 7.044E-04 1.171E-02 3.592E+00 3.289E+00 1.186E+01 9.124E+00 0.0000E+00 0.0000E+00 2.6129E-04
    655      2.375 8.209E+00 2.380E+00 1.708E+03 6.989E-04 1.176E-02 3.711E+00 3.397E+00 1.266E+01 9.451E+00 0.0000E+00 0.0000E+00 2.9177E-04
    660      2.400 8.786E+00 2.587E+00 1.822E+03 6.924E-04 1.180E-02 3.833E+00 3.508E+00 1.350E+01 9.777E+00 0.0000E+00 0.0000E+00 3.2926E-04
    665      2.425 9.400E+00 2.809E+00 1.942E+03 6.860E-04 1.185E-02 3.957E+00 3.623E+00 1.439E+01 1.010E+01 0.0000E+00 0.0000E+00 3.7905E-04
    670      2.450 1.005E+01 3.049E+00 2.069E+03 6.807E-04 1.189E-02 4.084E+00 3.740E+00 1.533E+01 1.042E+01 0.0000E+00 0.0000E+00 4.2131E-04
    675      2.475 1.074E+01 3.307E+00 2.203E+03 6.774E-04 1.193E-02 4.215E+00 3.860E+00 1.633E+01 1.073E+01 0.0000E+00 0.0000E+00 4.2819E-04
    680      2.500 1.147E+01 3.585E+00 2.345E+03 6.767E-04 1.195E-02 4.348E+00 3.983E+00 1.738E+01 1.106E+01 0.0000E+00 0.0000E+00 3.8982E-04
    685      2.525 1.225E+01 3.884E+00 2.494E+03 6.786E-04 1.197E-02 4.484E+00 4.109E+00 1.850E+01 1.140E+01 0.0000E+00 0.0000E+00 3.2347E-04
    690      2.550 1.307E+01 4.206E+00 2.651E+03 6.828E-04 1.198E-02 4.624E+00 4.239E+00 1.967E+01 1.175E+01 0.0000E+00 0.0000E+00 2.5838E-04
    695      2.575 1.394E+01 4.551E+00 2.817E+03 6.883E-04 1.198E-02 4.766E+00 4.372E+00 2.091E+01 1.209E+01 0.0000E+00 0.0000E+00 2.1277E-04
    700      2.600 1.486E+01 4.922E+00 2.992E+03 6.941E-04 1.197E-02 4.912E+00 4.508E+00 2.222E+01 1.244E+01 0.0000E+00 0.0000E+00 1.8427E-04
    705      2.625 1.584E+01 5.320E+00 3.177E+03 6.991E-04 1.197E-02 5.061E+00 4.648E+00 2.361E+01 1.278E+01 0.0000E+00 0.0000E+00 1.5918E-04
    710      2.650 1.687E+01 5.747E+00 3.371E+03 7.024E-04 1.197E-02 5.213E+00 4.791E+00 2.507E+01 1.312E+01 0.0000E+00 0.0000E+00 1.2789E-04
    715      2.675 1.796E+01 6.205E+00 3.575E+03 7.033E-04 1.198E-02 5.369E+00 4.938E+00 2.661E+01 1.346E+01 0.0000E+00 0.0000E+00 9.1921E-05
    720      2.700 1.911E+01 6.696E+00 3.790E+03 7.017E-04 1.200E-02 5.528E+00 5.089E+00 2.823E+01 1.379E+01 0.0000E+00 0.0000E+00 5.9474E-05
    725      2.725 2.033E+01 7.222E+00 4.016E+03 6.980E-04 1.202E-02 5.690E+00 5.244E+00 2.994E+01 1.413E+01 0.0000E+00 0.0000E+00 3.7354E-05
    730      2.750 2.162E+01 7.784E+00 4.254E+03 6.930E-04 1.204E-02 5.857E+00 5.402E+00 3.174E+01 1.446E+01 0.0000E+00 0.0000E+00 2.7160E-05
    735      2.775 2.298E+01 8.387E+00 4.505E+03 6.874E-04 1.206E-02 6.027E+00 5.565E+00 3.364E+01 1.478E+01 0.0000E+00 0.0000E+00 2.6708E-05
    740      2.800 2.441E+01 9.031E+00 4.768E+03 6.826E-04 1.208E-02 6.200E+00 5.732E+00 3.565E+01 1.511E+01 0.0000E+00 0.0000E+00 3.2933E-05
    745      2.825 2.592E+01 9.720E+00 5.045E+03 6.791E-04 1.209E-02 6.378E+00 5.903E+00 3.776E+01 1.543E+01 0.0000E+00 0.0000E+00 4.3449E-05
    750      2.850 2.751E+01 1.046E+01 5.336E+03 6.777E-04 1.210E-02 6.559E+00 6.078E+00 3.998E+01 1.575E+01 0.0000E+00 0.0000E+00 5.6940E-05
    755      2.875 2.919E+01 1.124E+01 5.642E+03 6.784E-04 1.209E-02 6.745E+00 6.258E+00 4.232E+01 1.607E+01 0.0000E+00 0.0000E+00 7.3248E-05
    760      2.900 3.097E+01 1.208E+01 5.964E+03 6.810E-04 1.208E-02 6.934E+00 6.442E+00 4.479E+01 1.639E+01 0.0000E+00 0.0000E+00 9.2896E-05
    765      2.925 3.283E+01 1.298E+01 6.302E+03 6.847E-04 1.205E-02 7.128E+00 6.631E+00 4.739E+01 1.673E+01 0.0000E+00 0.0000E+00 1.1554E-04
    770      2.950 3.480E+01 1.393E+01 6.657E+03 6.888E-04 1.203E-02 7.326E+00 6.824E+00 5.012E+01 1.712E+01 0.0000E+00 0.0000E+00 1.3818E-04
    775      2.975 3.687E+01 1.495E+01 7.030E+03 6.924E-04 1.200E-02 7.529E+00 7.023E+00 5.300E+01 1.754E+01 0.0000E+00 0.0000E+00 1.5491E-04
    780      3.000 3.905E+01 1.604E+01 7.421E+03 6.949E-04 1.197E-02 7.735E+00 7.226E+00 5.603E+01 1.799E+01 0.0000E+00 0.0000E+00 1.5933E-04
    785      3.025 4.134E+01 1.720E+01 7.832E+03 6.958E-04 1.194E-02 7.947E+00 7.435E+00 5.921E+01 1.844E+01 0.0000E+00 0.0000E+00 1.4831E-04
    790      3.050 4.376E+01 1.843E+01 8.264E+03 6.950E-04 1.191E-02 8.163E+00 7.649E+00 6.257E+01 1.891E+01 0.0000E+00 0.0000E+00 1.2443E-04
    795      3.075 4.630E+01 1.974E+01 8.717E+03 6.929E-04 1.188E-02 8.384E+00 7.868E+00 6.609E+01 1.938E+01 0.0000E+00 0.0000E+00 9.5170E-05
    800      3.100 4.897E+01 2.114E+01 9.193E+03 6.898E-04 1.186E-02 8.609E+00 8.092E+00 6.980E+01 1.985E+01 0.0000E+00 0.0000E+00 6.8848E-05
    805      3.125 5.178E+01 2.262E+01 9.692E+03 6.865E-04 1.183E-02 8.840E+00 8.322E+00 7.370E+01 2.032E+01 0.0000E+00 0.0000E+00 5.0270E-05
    810      3.150 5.473E+01 2.420E+01 1.022E+04 6.837E-04 1.179E-02 9.076E+00 8.558E+00 7.781E+01 2.079E+01 0.0000E+00 0.0000E+00 3.9271E-05
    815      3.175 5.783E+01 2.588E+01 1.077E+04 6.821E-04 1.175E-02 9.317E+00 8.800E+00 8.212E+01 2.125E+01 0.0000E+00 0.0000E+00 3.3269E-05
    820      3.200 6.108E+01 2.767E+01 1.134E+04 6.822E-04 1.171E-02 9.563E+00 9.047E+00 8.666E+01 2.171E+01 0.0000E+00 0.0000E+00 3.1282E-05
    825      3.225 6.450E+01 2.956E+01 1.195E+04 6.841E-04 1.165E-02 9.815E+00 9.301E+00 9.142E+01 2.216E+01 0.0000E+00 0.0000E+00 3.5517E-05
    830      3.250 6.809E+01 3.158E+01 1.258E+04 6.877E-04 1.159E-02 1.007E+01 9.561E+00 9.643E+01 2.260E+01 0.0000E+00 0.0000E+00 4.9177E-05
    835      3.275 7.185E+01 3.371E+01 1.325E+04 6.923E-04 1.153E-02 1.034E+01 9.827E+00 1.017E+02 2.304E+01 0.0000E+00 0.0000E+00 7.2871E-05
    840      3.300 7.580E+01 3.598E+01 1.395E+04 6.974E-04 1.146E-02 1.061E+01 1.010E+01 1.072E+02 2.346E+01 0.0000E+00 0.0000E+00 1.0297E-04
    845      3.325 7.993E+01 3.839E+01 1.468E+04 7.022E-04 1.140E-02 1.088E+01 1.038E+01 1.130E+02 2.387E+01 0.0000E+00 0.0000E+00 1.3274E-04
    850      3.350 8.427E+01 4.094E+01 1.545E+04 7.058E-04 1.134E-02 1.116E+01 1.066E+01 1.192E+02 2.428E+01 0.0000E+00 0.0000E+00 1.5466E-04
    855      3.375 8.881E+01 4.364E+01 1.626E+04 7.078E-04 1.130E-02 1.145E+01 1.096E+01 1.256E+02 2.467E+01 0.0000E+00 0.0000E+00 1.6239E-04
    860      3.400 9.357E+01 4.651E+01 1.711E+04 7.080E-04 1.126E-02 1.175E+01 1.125E+01 1.323E+02 2.506E+01 0.0000E+00 0.0000E+00 1.5263E-04
    865      3.425 9.855E+01 4.954E+01 1.800E+04 7.062E-04 1.123E-02 1.205E+01 1.156E+01 1.394E+02 2.544E+01 0.0000E+00 0.0000E+00 1.2715E-04
    870      3.450 1.038E+02 5.275E+01 1.893E+04 7.029E-04 1.120E-02 1.236E+01 1.187E+01 1.468E+02 2.581E+01 0.0000E+00 0.0000E+00 9.3613E-05
    875      3.475 1.092E+02 5.616E+01 1.991E+04 6.984E-04 1.119E-02 1.267E+01 1.219E+01 1.546E+02 2.619E+01 0.0000E+00 0.0000E+00 6.3010E-05
    880      3.500 1.149E+02 5.976E+01 2.094E+04 6.932E-04 1.118E-02 1.299E+01 1.252E+01 1.628E+02 2.687E+01 0.0000E+00 0.0000E+00 4.3878E-05
    885      3.525 1.209E+02 6.357E+01 2.202E+04 6.881E-04 1.116E-02 1.332E+01 1.285E+01 1.714E+02 2.775E+01 0.0000E+00 0.0000E+00 3.7535E-05
    890      3.550 1.272E+02 6.760E+01 2.314E+04 6.835E-04 1.115E-02 1.366E+01 1.320E+01 1.804E+02 2.864E+01 0.0000E+00 0.0000E+00 3.8663E-05
    895      3.575 1.337E+02 7.186E+01 2.433E+04 6.799E-04 1.113E-02 1.401E+01 1.355E+01 1.898E+02 2.955E+01 0.0000E+00 0.0000E+00 4.1114E-05
    900      3.600 1.405E+02 7.636E+01 2.557E+04 6.777E-04 1.110E-02 1.436E+01 1.390E+01 1.997E+02 3.048E+01 0.0000E+00 0.0000E+00 4.3501E-05
    905      3.625 1.477E+02 8.112E+01 2.687E+04 6.768E-04 1.106E-02 1.472E+01 1.427E+01 2.101E+02 3.141E+01 0.0000E+00 0.0000E+00 4.8997E-05
    910      3.650 1.551E+02 8.615E+01 2.823E+04 6.774E-04 1.100E-02 1.509E+01 1.464E+01 2.210E+02 3.236E+01 0.0000E+00 0.0000E+00 5.9678E-05
    915      3.675 1.629E+02 9.145E+01 2.966E+04 6.792E-04 1.094E-02 1.547E+01 1.502E+01 2.324E+02 3.333E+01 0.0000E+00 0.0000E+00 7.1616E-05
    920      3.700 1.711E+02 9.706E+01 3.116E+04 6.822E-04 1.086E-02 1.585E+01 1.541E+01 2.444E+02 3.429E+01 0.0000E+00 0.0000E+00 7.6485E-05
    925      3.725 1.796E+02 1.030E+02 3.273E+04 6.863E-04 1.078E-02 1.625E+01 1.581E+01 2.569E+02 3.527E+01 0.0000E+00 0.0000E+00 6.8688E-05
    930      3.750 1.885E+02 1.092E+02 3.438E+04 6.917E-04 1.069E-02 1.665E+01 1.621E+01 2.700E+02 3.625E+01 0.0000E+00 0.0000E+00 5.0988E-05
    935      3.775 1.977E+02 1.158E+02 3.610E+04 6.985E-04 1.061E-02 1.706E+01 1.663E+01 2.837E+02 3.724E+01 0.0000E+00 0.0000E+00 3.2742E-05
    940      3.800 2.074E+02 1.227E+02 3.790E+04 7.070E-04 1.052E-02 1.748E+01 1.705E+01 2.981E+02 3.824E+01 0.0000E+00 0.0000E+00 2.2072E-05
    945      3.825 2.175E+02 1.300E+02 3.979E+04 7.168E-04 1.044E-02 1.791E+01 1.748E+01 3.132E+02 3.924E+01 0.0000E+00 0.0000E+00 1.9460E-05
    950      3.850 2.280E+02 1.378E+02 4.177E+04 7.271E-04 1.038E-02 1.835E+01 1.792E+01 3.290E+02 4.024E+01 0.0000E+00 0.0000E+00 1.9017E-05
    955      3.875 2.390E+02 1.459E+02 4.384E+04 7.363E-04 1.034E-02 1.880E+01 1.837E+01 3.454E+02 4.125E+01 0.0000E+00 0.0000E+00 1.6204E-05
    960      3.900 2.504E+02 1.544E+02 4.601E+04 7.425E-04 1.034E-02 1.926E+01 1.883E+01 3.627E+02 4.226E+01 0.0000E+00 0.0000E+00 1.4316E-05
    965      3.925 2.623E+02 1.635E+02 4.829E+04 7.439E-04 1.037E-02 1.973E+01 1.929E+01 3.807E+02 4.328E+01 0.0000E+00 0.0000E+00 2.3004E-05
    970      3.950 2.747E+02 1.729E+02 5.067E+04 7.389E-04 1.043E-02 2.021E+01 1.977E+01 3.996E+02 4.430E+01 0.0000E+00 0.0000E+00 4.9523E-05
    975      3.975 2.875E+02 1.829E+02 5.316E+04 7.274E-04 1.053E-02 2.070E+01 2.025E+01 4.193E+02 4.531E+01 0.0000E+00 0.0000E+00 9.0393E-05
    980      4.000 3.009E+02 1.934E+02 5.576E+04 7.103E-04 1.065E-02 2.120E+01 2.074E+01 4.399E+02 4.633E+01 0.0000E+00 0.0000E+00 1.3116E-04
    985      4.025 3.148E+02 2.045E+02 5.849E+04 6.900E-04 1.078E-02 2.172E+01 2.124E+01 4.615E+02 4.735E+01 0.0000E+00 0.0000E+00 1.5496E-04
    990      4.050 3.293E+02 2.161E+02 6.135E+04 6.698E-04 1.091E-02 2.224E+01 2.176E+01 4.840E+02 4.838E+01 0.0000E+00 0.0000E+00 1.5302E-04
    995      4.075 3.443E+02 2.283E+02 6.433E+04 6.530E-04 1.102E-02 2.278E+01 2.228E+01 5.074E+02 4.940E+01 0.0000E+00 0.0000E+00 1.2895E-04
   1000      4.100 3.599E+02 2.412E+02 6.746E+04 6.425E-04 1.110E-02 2.332E+01 2.280E+01 5.320E+02 5.043E+01 0.0000E+00 0.0000E+00 9.4388E-05
   1005      4.125 3.760E+02 2.547E+02 7.073E+04 6.397E-04 1.114E-02 2.388E+01 2.334E+01 5.576E+02 5.146E+01 0.0000E+00 0.0000E+00 6.1061E-05
   1010      4.150 3.928E+02 2.688E+02 7.415E+04 6.448E-04 1.115E-02 2.445E+01 2.389E+01 5.843E+02 5.249E+01 0.0000E+00 0.0000E+00 3.5541E-05
   1015      4.175 4.101E+02 2.837E+02 7.772E+04 6.563E-04 1.113E-02 2.503E+01 2.445E+01 6.121E+02 5.353E+01 0.0000E+00 0.0000E+00 1.9027E-05
   1020      4.200 4.281E+02 2.993E+02 8.146E+04 6.715E-04 1.109E-02 2.563E+01 2.501E+01 6.412E+02 5.457E+01 0.0000E+00 0.0000E+00 9.7948E-06
   1025      4.225 4.466E+02 3.157E+02 8.536E+04 6.875E-04 1.103E-02 2.624E+01 2.558E+01 6.714E+02 5.563E+01 0.0000E+00 0.0000E+00 5.3336E-06
   1030      4.250 4.658E+02 3.329E+02 8.945E+04 7.015E-04 1.096E-02 2.686E+01 2.617E+01 7.030E+02 5.670E+01 0.0000E+00 0.0000E+00 3.6279E-06
   1035      4.275 4.856E+02 3.510E+02 9.371E+04 7.113E-04 1.090E-02 2.749E+01 2.676E+01 7.358E+02 5.778E+01 0.0000E+00 0.0000E+00 4.3875E-06
   1040      4.300 5.061E+02 3.699E+02 9.817E+04 7.157E-04 1.085E-02 2.813E+01 2.736E+01 7.701E+02 5.890E+01 0.0000E+00 0.0000E+00 9.8859E-06
   1045      4.325 5.272E+02 3.897E+02 1.028E+05 7.147E-04 1.082E-02 2.879E+01 2.797E+01 8.057E+02 6.035E+01 0.0000E+00 0.0000E+00 2.3764E-05
   1050      4.350 5.490E+02 4.105E+02 1.077E+05 7.093E-04 1.080E-02 2.947E+01 2.859E+01 8.428E+02 6.185E+01 0.0000E+00 0.0000E+00 4.7470E-05
   1055      4.375 5.715E+02 4.323E+02 1.127E+05 7.012E-04 1.079E-02 3.015E+01 2.922E+01 8.813E+02 6.337E+01 0.0000E+00 0.0000E+00 7.6900E-05
   1060      4.400 5.946E+02 4.551E+02 1.180E+05 6.924E-04 1.079E-02 3.085E+01 2.985E+01 9.215E+02 6.490E+01 0.0000E+00 0.0000E+00 1.0270E-04
   1065      4.425 6.184E+02 4.789E+02 1.236E+05 6.851E-04 1.078E-02 3.156E+01 3.050E+01 9.631E+02 6.645E+01 0.0000E+00 0.0000E+00 1.1489E-04
   1070      4.450 6.430E+02 5.039E+02 1.293E+05 6.807E-04 1.078E-02 3.229E+01 3.115E+01 1.006E+03 6.802E+01 0.0000E+00 0.0000E+00 1.0868E-04
   1075      4.475 6.682E+02 5.300E+02 1.353E+05 6.802E-04 1.076E-02 3.303E+01 3.181E+01 1.051E+03 6.959E+01 0.0000E+00 0.0000E+00 8.7194E-05
   1080      4.500 6.941E+02 5.573E+02 1.415E+05 6.837E-04 1.073E-02 3.378E+01 3.248E+01 1.098E+03 7.117E+01 0.0000E+00 0.0000E+00 5.9340E-05
   1085      4.525 7.208E+02 5.859E+02 1.480E+05 6.903E-04 1.070E-02 3.455E+01 3.316E+01 1.147E+03 7.275E+01 0.0000E+00 0.0000E+00 3.4493E-05
   1090      4.550 7.481E+02 6.157E+02 1.548E+05 6.983E-04 1.066E-02 3.533E+01 3.385E+01 1.197E+03 7.434E+01 0.0000E+00 0.0000E+00 1.7768E-05
   1095      4.575 7.763E+02 6.469E+02 1.618E+05 7.059E-04 1.063E-02 3.612E+01 3.455E+01 1.249E+03 7.665E+01 0.0000E+00 0.0000E+00 8.8641E-06
   1100      4.600 8.051E+02 6.794E+02 1.692E+05 7.111E-04 1.060E-02 3.693E+01 3.525E+01 1.303E+03 7.905E+01 0.0000E+00 0.0000E+00 4.9160E-06
   1105      4.625 8.347E+02 7.134E+02 1.768E+05 7.128E-04 1.059E-02 3.776E+01 3.597E+01 1.359E+03 8.146E+01 0.0000E+00 0.0000E+00 4.8165E-06
   1110      4.650 8.651E+02 7.488E+02 1.847E+05 7.105E-04 1.059E-02 3.859E+01 3.669E+01 1.418E+03 8.389E+01 0.0000E+00 0.0000E+00 1.1309E-05
   1115      4.675 8.963E+02 7.858E+02 1.929E+05 7.048E-04 1.061E-02 3.944E+01 3.742E+01 1.478E+03 8.633E+01 0.0000E+00 0.0000E+00 2.9006E-05
   1120      4.700 9.282E+02 8.244E+02 2.015E+05 6.969E-04 1.063E-02 4.030E+01 3.816E+01 1.540E+03 8.878E+01 0.0000E+00 0.0000E+00 6.0106E-05
   1125      4.725 9.609E+02 8.645E+02 2.103E+05 6.888E-04 1.065E-02 4.118E+01 3.890E+01 1.605E+03 9.124E+01 0.0000E+00 0.0000E+00 1.0154E-04
   1130      4.750 9.945E+02 9.064E+02 2.195E+05 6.823E-04 1.067E-02 4.207E+01 3.966E+01 1.671E+03 9.370E+01 0.0000E+00 0.0000E+00 1.4564E-04
   1135      4.775 1.029E+03 9.500E+02 2.291E+05 6.787E-04 1.069E-02 4.298E+01 4.042E+01 1.740E+03 9.616E+01 0.0000E+00 0.0000E+00 1.8314E-04
   1140      4.800 1.064E+03 9.954E+02 2.390E+05 6.787E-04 1.069E-02 4.389E+01 4.119E+01 1.812E+03 9.862E+01 0.0000E+00 0.0000E+00 2.0589E-04
   1145      4.825 1.100E+03 1.043E+03 2.492E+05 6.819E-04 1.068E-02 4.482E+01 4.197E+01 1.885E+03 1.011E+02 0.0000E+00 0.0000E+00 2.0854E-04
   1150      4.850 1.137E+03 1.092E+03 2.598E+05 6.872E-04 1.067E-02 4.577E+01 4.276E+01 1.962E+03 1.035E+02 0.0000E+00 0.0000E+00 1.8991E-04
   1155      4.875 1.175E+03 1.143E+03 2.708E+05 6.931E-04 1.065E-02 4.673E+01 4.356E+01 2.040E+03 1.060E+02 0.0000E+00 0.0000E+00 1.5446E-04
   1160      4.900 1.213E+03 1.196E+03 2.822E+05 6.979E-04 1.063E-02 4.770E+01 4.436E+01 2.122E+03 1.084E+02 0.0000E+00 0.0000E+00 1.1208E-04
   1165      4.925 1.253E+03 1.251E+03 2.939E+05 7.002E-04 1.061E-02 4.868E+01 4.518E+01 2.205E+03 1.109E+02 0.0000E+00 0.0000E+00 7.4482E-05
   1170      4.950 1.293E+03 1.309E+03 3.061E+05 6.995E-04 1.060E-02 4.968E+01 4.600E+01 2.292E+03 1.133E+02 0.0000E+00 0.0000E+00 4.9364E-05
   1175      4.975 1.335E+03 1.368E+03 3.187E+05 6.960E-04 1.059E-02 5.069E+01 4.683E+01 2.381E+03 1.157E+02 0.0000E+00 0.0000E+00 3.6763E-05
   1180      5.000 1.377E+03 1.430E+03 3.316E+05 6.910E-04 1.058E-02 5.171E+01 4.767E+01 2.473E+03 1.181E+02 0.0000E+00 0.0000E+00 3.0947E-05
   1185      5.025 1.420E+03 1.494E+03 3.451E+05 6.862E-04 1.057E-02 5.275E+01 4.852E+01 2.568E+03 1.205E+02 0.0000E+00 0.0000E+00 2.6557E-05
   1190      5.050 1.465E+03 1.561E+03 3.589E+05 6.839E-04 1.056E-02 5.379E+01 4.938E+01 2.666E+03 1.228E+02 0.0000E+00 0.0000E+00 2.3455E-05
   1195      5.075 1.510E+03 1.630E+03 3.732E+05 6.858E-04 1.054E-02 5.486E+01 5.024E+01 2.767E+03 1.252E+02 0.0000E+00 0.0000E+00 2.5881E-05
   1200      5.100 1.556E+03 1.702E+03 3.879E+05 6.927E-04 1.051E-02 5.593E+01 5.112E+01 2.870E+03 1.276E+02 0.0000E+00 0.0000E+00 3.7017E-05
   1205      5.125 1.604E+03 1.776E+03 4.032E+05 7.044E-04 1.049E-02 5.701E+01 5.200E+01 2.977E+03 1.299E+02 0.0000E+00 0.0000E+00 5.4515E-05
   1210      5.150 1.653E+03 1.853E+03 4.188E+05 7.192E-04 1.047E-02 5.811E+01 5.289E+01 3.087E+03 1.323E+02 0.0000E+00 0.0000E+00 7.1391E-05
   1215      5.175 1.703E+03 1.933E+03 4.350E+05 7.341E-04 1.047E-02 5.922E+01 5.379E+01 3.200E+03 1.346E+02 0.0000E+00 0.0000E+00 8.1448E-05
   1220      5.200 1.754E+03 2.015E+03 4.516E+05 7.459E-04 1.050E-02 6.034E+01 5.470E+01 3.317E+03 1.369E+02 0.0000E+00 0.0000E+00 8.4126E-05
   1225      5.225 1.806E+03 2.101E+03 4.687E+05 7.514E-04 1.056E-02 6.148E+01 5.562E+01 3.437E+03 1.392E+02 0.0000E+00 0.0000E+00 8.4538E-05
   1230      5.250 1.860E+03 2.189E+03 4.863E+05 7.485E-04 1.067E-02 6.262E+01 5.655E+01 3.560E+03 1.415E+02 0.0000E+00 0.0000E+00 8.8990E-05
   1235      5.275 1.915E+03 2.280E+03 5.045E+05 7.370E-04 1.081E-02 6.378E+01 5.749E+01 3.686E+03 1.438E+02 0.0000E+00 0.0000E+00 1.0011E-04
   1240      5.300 1.972E+03 2.375E+03 5.231E+05 7.184E-04 1.098E-02 6.494E+01 5.844E+01 3.817E+03 1.461E+02 0.0000E+00 0.0000E+00 1.1538E-04
   1245      5.325 2.030E+03 2.473E+03 5.423E+05 6.959E-04 1.116E-02 6.612E+01 5.940E+01 3.950E+03 1.484E+02 0.0000E+00 0.0000E+00 1.2930E-04
   1250      5.350 2.090E+03 2.574E+03 5.620E+05 6.737E-04 1.135E-02 6.731E+01 6.037E+01 4.088E+03 1.507E+02 0.0000E+00 0.0000E+00 1.3673E-04
   1255      5.375 2.151E+03 2.679E+03 5.822E+05 6.556E-04 1.151E-02 6.851E+01 6.135E+01 4.229E+03 1.530E+02 0.0000E+00 0.0000E+00 1.3464E-04
   1260      5.400 2.215E+03 2.787E+03 6.030E+05 6.449E-04 1.165E-02 6.973E+01 6.234E+01 4.374E+03 1.552E+02 0.0000E+00 0.0000E+00 1.2246E-04
   1265      5.425 2.280E+03 2.898E+03 6.243E+05 6.426E-04 1.176E-02 7.095E+01 6.334E+01 4.523E+03 1.575E+02 0.0000E+00 0.0000E+00 1.0189E-04
   1270      5.450 2.347E+03 3.014E+03 6.462E+05 6.481E-04 1.184E-02 7.218E+01 6.436E+01 4.676E+03 1.598E+02 0.0000E+00 0.0000E+00 7.6838E-05
   1275      5.475 2.417E+03 3.133E+03 6.686E+05 6.590E-04 1.188E-02 7.342E+01 6.538E+01 4.833E+03 1.620E+02 0.0000E+00 0.0000E+00 5.2537E-05
   1280      5.500 2.489E+03 3.255E+03 6.916E+05 6.723E-04 1.191E-02 7.468E+01 6.642E+01 4.994E+03 1.643E+02 0.0000E+00 0.0000E+00 3.3426E-05
   1285      5.525 2.563E+03 3.382E+03 7.152E+05 6.845E-04 1.192E-02 7.594E+01 6.747E+01 5.159E+03 1.665E+02 0.0000E+00 0.0000E+00 2.1196E-05
   1290      5.550 2.640E+03 3.513E+03 7.394E+05 6.936E-04 1.192E-02 7.721E+01 6.853E+01 5.329E+03 1.687E+02 0.0000E+00 0.0000E+00 1.4862E-05
   1295      5.575 2.720E+03 3.649E+03 7.642E+05 6.982E-04 1.193E-02 7.849E+01 6.960E+01 5.503E+03 1.710E+02 0.0000E+00 0.0000E+00 1.2917E-05
   1300      5.600 2.802E+03 3.788E+03 7.895E+05 6.988E-04 1.193E-02 7.979E+01 7.069E+01 5.682E+03 1.732E+02 0.0000E+00 0.0000E+00 1.5237E-05
   1305      5.625 2.888E+03 3.932E+03 8.155E+05 6.967E-04 1.194E-02 8.109E+01 7.180E+01 5.865E+03 1.754E+02 0.0000E+00 0.0000E+00 2.2560E-05
   1310      5.650 2.977E+03 4.081E+03 8.421E+05 6.934E-04 1.196E-02 8.240E+01 7.291E+01 6.053E+03 1.777E+02 0.0000E+00 0.0000E+00 3.4009E-05
   1315      5.675 3.069E+03 4.234E+03 8.693E+05 6.905E-04 1.197E-02 8.372E+01 7.404E+01 6.246E+03 1.799E+02 0.0000E+00 0.0000E+00 4.5602E-05
   1320      5.700 3.165E+03 4.392E+03 8.972E+05 6.889E-04 1.198E-02 8.505E+01 7.519E+01 6.444E+03 1.822E+02 0.0000E+00 0.0000E+00 5.1949E-05
   1325      5.725 3.265E+03 4.555E+03 9.257E+05 6.888E-04 1.199E-02 8.639E+01 7.635E+01 6.647E+03 1.845E+02 0.0000E+00 0.0000E+00 5.0204E-05
   1330      5.750 3.369E+03 4.723E+03 9.548E+05 6.898E-04 1.199E-02 8.774E+01 7.753E+01 6.855E+03 1.868E+02 0.0000E+00 0.0000E+00 4.2865E-05
   1335      5.775 3.477E+03 4.897E+03 9.846E+05 6.912E-04 1.199E-02 8.910E+01 7.873E+01 7.068E+03 1.891E+02 0.0000E+00 0.0000E+00 3.6757E-05
   1340      5.800 3.590E+03 5.076E+03 1.015E+06 6.922E-04 1.199E-02 9.047E+01 7.994E+01 7.287E+03 1.914E+02 0.0000E+00 0.0000E+00 3.8761E-05
   1345      5.825 3.707E+03 5.261E+03 1.046E+06 6.923E-04 1.199E-02 9.184E+01 8.117E+01 7.512E+03 1.938E+02 0.0000E+00 0.0000E+00 5.1575E-05
   1350      5.850 3.830E+03 5.451E+03 1.078E+06 6.914E-04 1.199E-02 9.323E+01 8.242E+01 7.743E+03 1.962E+02 0.0000E+00 0.0000E+00 7.2627E-05
   1355      5.875 3.957E+03 5.648E+03 1.111E+06 6.897E-04 1.199E-02 9.463E+01 8.369E+01 7.979E+03 1.987E+02 0.0000E+00 0.0000E+00 9.6519E-05
   1360      5.900 4.090E+03 5.851E+03 1.144E+06 6.876E-04 1.198E-02 9.603E+01 8.498E+01 8.222E+03 2.012E+02 0.0000E+00 0.0000E+00 1.1844E-04
   1365      5.925 4.228E+03 6.060E+03 1.178E+06 6.854E-04 1.197E-02 9.745E+01 8.629E+01 8.471E+03 2.038E+02 0.0000E+00 0.0000E+00 1.3559E-04
   1370      5.950 4.373E+03 6.276E+03 1.212E+06 6.836E-04 1.195E-02 9.887E+01 8.761E+01 8.726E+03 2.064E+02 0.0000E+00 0.0000E+00 1.4614E-04
   1375      5.975 4.523E+03 6.500E+03 1.248E+06 6.823E-04 1.193E-02 1.003E+02 8.896E+01 8.988E+03 2.091E+02 0.0000E+00 0.0000E+00 1.4776E-04
   1380      6.000 4.680E+03 6.730E+03 1.284E+06 6.820E-04 1.190E-02 1.018E+02 9.033E+01 9.257E+03 2.119E+02 0.0000E+00 0.0000E+00 1.3824E-04
   1385      6.025 4.844E+03 6.968E+03 1.321E+06 6.828E-04 1.187E-02 1.032E+02 9.172E+01 9.533E+03 2.147E+02 0.0000E+00 0.0000E+00 1.1816E-04
   1390      6.050 5.014E+03 7.214E+03 1.359E+06 6.851E-04 1.182E-02 1.047E+02 9.314E+01 9.816E+03 2.176E+02 0.0000E+00 0.0000E+00 9.2464E-05
   1395      6.075 5.192E+03 7.467E+03 1.398E+06 6.889E-04 1.177E-02 1.062E+02 9.458E+01 1.011E+04 2.206E+02 0.0000E+00 0.0000E+00 6.8837E-05
   1400      6.100 5.376E+03 7.729E+03 1.437E+06 6.942E-04 1.172E-02 1.077E+02 9.604E+01 1.041E+04 2.237E+02 0.0000E+00 0.0000E+00 5.3324E-05
   1405      6.125 5.569E+03 8.000E+03 1.478E+06 7.005E-04 1.167E-02 1.092E+02 9.752E+01 1.071E+04 2.269E+02 0.0000E+00 0.0000E+00 4.7027E-05
   1410      6.150 5.769E+03 8.280E+03 1.519E+06 7.071E-04 1.162E-02 1.107E+02 9.903E+01 1.103E+04 2.302E+02 0.0000E+00 0.0000E+00 4.6545E-05
   1415      6.175 5.977E+03 8.570E+03 1.561E+06 7.126E-04 1.158E-02 1.122E+02 1.006E+02 1.135E+04 2.336E+02 0.0000E+00 0.0000E+00 4.7421E-05
   1420      6.200 6.193E+03 8.869E+03 1.605E+06 7.159E-04 1.156E-02 1.137E+02 1.021E+02 1.168E+04 2.370E+02 0.0000E+00 0.0000E+00 4.7270E-05
   1425      6.225 6.418E+03 9.178E+03 1.649E+06 7.160E-04 1.154E-02 1.153E+02 1.037E+02 1.203E+04 2.406E+02 0.0000E+00 0.0000E+00 4.6140E-05
   1430      6.250 6.651E+03 9.498E+03 1.694E+06 7.124E-04 1.154E-02 1.169E+02 1.053E+02 1.238E+04 2.443E+02 0.0000E+00 0.0000E+00 4.4634E-05
   1435      6.275 6.893E+03 9.829E+03 1.741E+06 7.054E-04 1.156E-02 1.185E+02 1.069E+02 1.274E+04 2.480E+02 0.0000E+00 0.0000E+00 4.2336E-05
   1440      6.300 7.144E+03 1.017E+04 1.788E+06 6.963E-04 1.158E-02 1.201E+02 1.086E+02 1.311E+04 2.518E+02 0.0000E+00 0.0000E+00 3.8256E-05
   1445      6.325 7.405E+03 1.053E+04 1.837E+06 6.867E-04 1.160E-02 1.217E+02 1.103E+02 1.349E+04 2.557E+02 0.0000E+00 0.0000E+00 3.2635E-05
   1450      6.350 7.674E+03 1.089E+04 1.887E+06 6.786E-04 1.161E-02 1.233E+02 1.120E+02 1.388E+04 2.597E+02 0.0000E+00 0.0000E+00 2.8040E-05
   1455      6.375 7.954E+03 1.127E+04 1.938E+06 6.735E-04 1.162E-02 1.250E+02 1.138E+02 1.428E+04 2.637E+02 0.0000E+00 0.0000E+00 2.8465E-05
   1460      6.400 8.243E+03 1.167E+04 1.990E+06 6.723E-04 1.162E-02 1.267E+02 1.155E+02 1.470E+04 2.678E+02 0.0000E+00 0.0000E+00 3.7056E-05
   1465      6.425 8.541E+03 1.207E+04 2.044E+06 6.750E-04 1.160E-02 1.284E+02 1.173E+02 1.512E+04 2.719E+02 0.0000E+00 0.0000E+00 5.4232E-05
   1470      6.450 8.850E+03 1.250E+04 2.099E+06 6.807E-04 1.157E-02 1.301E+02 1.192E+02 1.556E+04 2.761E+02 0.0000E+00 0.0000E+00 7.7452E-05
   1475      6.475 9.169E+03 1.293E+04 2.156E+06 6.881E-04 1.153E-02 1.318E+02 1.210E+02 1.601E+04 2.803E+02 0.0000E+00 0.0000E+00 1.0236E-04
   1480      6.500 9.498E+03 1.339E+04 2.214E+06 6.954E-04 1.148E-02 1.336E+02 1.229E+02 1.648E+04 2.846E+02 0.0000E+00 0.0000E+00 1.2422E-04
   1485      6.525 9.838E+03 1.386E+04 2.273E+06 7.012E-04 1.144E-02 1.354E+02 1.248E+02 1.695E+04 2.890E+02 0.0000E+00 0.0000E+00 1.3892E-04
   1490      6.550 1.019E+04 1.434E+04 2.335E+06 7.047E-04 1.140E-02 1.372E+02 1.267E+02 1.744E+04 2.934E+02 0.0000E+00 0.0000E+00 1.4403E-04
   1495      6.575 1.055E+04 1.485E+04 2.397E+06 7.055E-04 1.137E-02 1.390E+02 1.287E+02 1.795E+04 2.978E+02 0.0000E+00 0.0000E+00 1.4001E-04
   1500      6.600 1.092E+04 1.537E+04 2.462E+06 7.041E-04 1.135E-02 1.409E+02 1.307E+02 1.847E+04 3.023E+02 0.0000E+00 0.0000E+00 1.3053E-04
   1505      6.625 1.130E+04 1.591E+04 2.528E+06 7.012E-04 1.133E-02 1.428E+02 1.327E+02 1.900E+04 3.068E+02 0.0000E+00 0.0000E+00 1.2069E-04
   1510      6.650 1.170E+04 1.647E+04 2.597E+06 6.978E-04 1.132E-02 1.447E+02 1.348E+02 1.955E+04 3.114E+02 0.0000E+00 0.0000E+00 1.1337E-04
   1515      6.675 1.210E+04 1.706E+04 2.667E+06 6.944E-04 1.131E-02 1.466E+02 1.369E+02 2.012E+04 3.161E+02 0.0000E+00 0.0000E+00 1.0704E-04
   1520      6.700 1.252E+04 1.766E+04 2.739E+06 6.918E-04 1.130E-02 1.486E+02 1.390E+02 2.070E+04 3.208E+02 0.0000E+00 0.0000E+00 9.7717E-05
   1525      6.725 1.294E+04 1.829E+04 2.813E+06 6.901E-04 1.129E-02 1.506E+02 1.411E+02 2.130E+04 3.255E+02 0.0000E+00 0.0000E+00 8.3713E-05
   1530      6.750 1.338E+04 1.893E+04 2.890E+06 6.893E-04 1.128E-02 1.526E+02 1.433E+02 2.191E+04 3.303E+02 0.0000E+00 0.0000E+00 6.8259E-05
   1535      6.775 1.383E+04 1.961E+04 2.968E+06 6.894E-04 1.126E-02 1.547E+02 1.455E+02 2.255E+04 3.352E+02 0.0000E+00 0.0000E+00 5.6726E-05
   1540      6.800 1.429E+04 2.031E+04 3.049E+06 6.901E-04 1.124E-02 1.568E+02 1.477E+02 2.320E+04 3.401E+02 0.0000E+00 0.0000E+00 5.1167E-05
   1545      6.825 1.476E+04 2.103E+04 3.133E+06 6.913E-04 1.122E-02 1.589E+02 1.499E+02 2.387E+04 3.451E+02 0.0000E+00 0.0000E+00 4.8453E-05
   1550      6.850 1.524E+04 2.178E+04 3.218E+06 6.929E-04 1.120E-02 1.611E+02 1.522E+02 2.456E+04 3.501E+02 0.0000E+00 0.0000E+00 4.4800E-05
   1555      6.875 1.574E+04 2.256E+04 3.307E+06 6.949E-04 1.117E-02 1.633E+02 1.545E+02 2.527E+04 3.552E+02 0.0000E+00 0.0000E+00 4.2108E-05
   1560      6.900 1.624E+04 2.336E+04 3.398E+06 6.970E-04 1.115E-02 1.655E+02 1.569E+02 2.600E+04 3.604E+02 0.0000E+00 0.0000E+00 4.8532E-05
   1565      6.925 1.676E+04 2.420E+04 3.491E+06 6.992E-04 1.113E-02 1.678E+02 1.592E+02 2.675E+04 3.657E+02 0.0000E+00 0.0000E+00 7.1026E-05
   1570      6.950 1.729E+04 2.506E+04 3.588E+06 7.012E-04 1.111E-02 1.701E+02 1.616E+02 2.753E+04 3.710E+02 0.0000E+00 0.0000E+00 1.0638E-04
   1575      6.975 1.783E+04 2.596E+04 3.687E+06 7.028E-04 1.110E-02 1.724E+02 1.641E+02 2.832E+04 3.764E+02 0.0000E+00 0.0000E+00 1.4012E-04
   1580      7.000 1.839E+04 2.689E+04 3.789E+06 7.035E-04 1.109E-02 1.748E+02 1.665E+02 2.914E+04 3.818E+02 0.0000E+00 0.0000E+00 1.5560E-04
   1585      7.025 1.895E+04 2.786E+04 3.894E+06 7.030E-04 1.109E-02 1.772E+02 1.690E+02 2.998E+04 3.874E+02 0.0000E+00 0.0000E+00 1.4566E-04
   1590      7.050 1.953E+04 2.885E+04 4.002E+06 7.011E-04 1.110E-02 1.796E+02 1.715E+02 3.084E+04 3.930E+02 0.0000E+00 0.0000E+00 1.1661E-04
   1595      7.075 2.012E+04 2.989E+04 4.114E+06 6.978E-04 1.111E-02 1.821E+02 1.740E+02 3.173E+04 3.987E+02 0.0000E+00 0.0000E+00 8.2277E-05
   1600      7.100 2.072E+04 3.096E+04 4.229E+06 6.932E-04 1.112E-02 1.847E+02 1.766E+02 3.264E+04 4.044E+02 0.0000E+00 0.0000E+00 5.4898E-05
   1605      7.125 2.134E+04 3.207E+04 4.347E+06 6.880E-04 1.114E-02 1.872E+02 1.792E+02 3.358E+04 4.103E+02 0.0000E+00 0.0000E+00 4.1302E-05
   1610      7.150 2.196E+04 3.322E+04 4.469E+06 6.829E-04 1.115E-02 1.898E+02 1.818E+02 3.454E+04 4.162E+02 0.0000E+00 0.0000E+00 4.4788E-05
   1615      7.175 2.260E+04 3.441E+04 4.594E+06 6.788E-04 1.115E-02 1.925E+02 1.845E+02 3.554E+04 4.221E+02 0.0000E+00 0.0000E+00 6.6956E-05
   1620      7.200 2.325E+04 3.564E+04 4.723E+06 6.763E-04 1.114E-02 1.951E+02 1.872E+02 3.655E+04 4.282E+02 0.0000E+00 0.0000E+00 1.0556E-04
   1625      7.225 2.392E+04 3.691E+04 4.856E+06 6.761E-04 1.112E-02 1.979E+02 1.899E+02 3.760E+04 4.343E+02 0.0000E+00 0.0000E+00 1.5148E-04
   1630      7.250 2.459E+04 3.823E+04 4.992E+06 6.778E-04 1.109E-02 2.006E+02 1.926E+02 3.867E+04 4.405E+02 0.0000E+00 0.0000E+00 1.9054E-04
   1635      7.275 2.528E+04 3.959E+04 5.133E+06 6.811E-04 1.105E-02 2.034E+02 1.954E+02 3.978E+04 4.468E+02 0.0000E+00 0.0000E+00 2.1070E-04
   1640      7.300 2.598E+04 4.100E+04 5.277E+06 6.848E-04 1.099E-02 2.063E+02 1.982E+02 4.091E+04 4.531E+02 0.0000E+00 0.0000E+00 2.0880E-04
   1645      7.325 2.670E+04 4.246E+04 5.426E+06 6.879E-04 1.094E-02 2.092E+02 2.010E+02 4.207E+04 4.595E+02 0.0000E+00 0.0000E+00 1.9085E-04
   1650      7.350 2.743E+04 4.397E+04 5.579E+06 6.896E-04 1.087E-02 2.121E+02 2.038E+02 4.327E+04 4.660E+02 0.0000E+00 0.0000E+00 1.6619E-04
   1655      7.375 2.817E+04 4.553E+04 5.737E+06 6.895E-04 1.081E-02 2.151E+02 2.067E+02 4.449E+04 4.726E+02 0.0000E+00 0.0000E+00 1.4120E-04
   1660      7.400 2.892E+04 4.714E+04 5.899E+06 6.877E-04 1.074E-02 2.181E+02 2.096E+02 4.575E+04 4.792E+02 0.0000E+00 0.0000E+00 1.1750E-04
   1665      7.425 2.969E+04 4.881E+04 6.066E+06 6.852E-04 1.066E-02 2.211E+02 2.125E+02 4.704E+04 4.860E+02 0.0000E+00 0.0000E+00 9.4840E-05
   1670      7.450 3.048E+04 5.053E+04 6.237E+06 6.831E-04 1.058E-02 2.243E+02 2.155E+02 4.837E+04 4.928E+02 0.0000E+00 0.0000E+00 7.4576E-05
   1675      7.475 3.127E+04 5.230E+04 6.413E+06 6.823E-04 1.049E-02 2.274E+02 2.185E+02 4.973E+04 4.997E+02 0.0000E+00 0.0000E+00 6.0164E-05
   1680      7.500 3.208E+04 5.414E+04 6.594E+06 6.836E-04 1.040E-02 2.306E+02 2.215E+02 5.112E+04 5.066E+02 0.0000E+00 0.0000E+00 5.4381E-05
   1685      7.525 3.291E+04 5.603E+04 6.781E+06 6.869E-04 1.029E-02 2.338E+02 2.246E+02 5.255E+04 5.137E+02 0.0000E+00 0.0000E+00 5.6314E-05
   1690      7.550 3.374E+04 5.799E+04 6.972E+06 6.919E-04 1.018E-02 2.371E+02 2.276E+02 5.402E+04 5.208E+02 0.0000E+00 0.0000E+00 6.1159E-05
   1695      7.575 3.460E+04 6.000E+04 7.169E+06 6.977E-04 1.006E-02 2.404E+02 2.307E+02 5.552E+04 5.280E+02 0.0000E+00 0.0000E+00 6.3148E-05
   1700      7.600 3.547E+04 6.209E+04 7.371E+06 7.036E-04 9.950E-03 2.438E+02 2.339E+02 5.706E+04 5.353E+02 0.0000E+00 0.0000E+00 5.9086E-05
   1705      7.625 3.635E+04 6.423E+04 7.579E+06 7.092E-04 9.843E-03 2.472E+02 2.370E+02 5.864E+04 5.426E+02 0.0000E+00 0.0000E+00 4.9760E-05
   1710      7.650 3.725E+04 6.645E+04 7.792E+06 7.147E-04 9.747E-03 2.507E+02 2.402E+02 6.026E+04 5.500E+02 0.0000E+00 0.0000E+00 3.8708E-05
   1715      7.675 3.816E+04 6.873E+04 8.011E+06 7.207E-04 9.666E-03 2.542E+02 2.434E+02 6.192E+04 5.575E+02 0.0000E+00 0.0000E+00 2.9930E-05
   1720      7.700 3.909E+04 7.109E+04 8.236E+06 7.277E-04 9.605E-03 2.577E+02 2.466E+02 6.362E+04 5.650E+02 0.0000E+00 0.0000E+00 2.6347E-05
   1725      7.725 4.004E+04 7.351E+04 8.468E+06 7.358E-04 9.570E-03 2.613E+02 2.499E+02 6.536E+04 5.726E+02 0.0000E+00 0.0000E+00 2.9421E-05
   1730      7.750 4.100E+04 7.601E+04 8.705E+06 7.440E-04 9.569E-03 2.649E+02 2.532E+02 6.714E+04 5.802E+02 0.0000E+00 0.0000E+00 3.9192E-05
   1735      7.775 4.198E+04 7.859E+04 8.948E+06 7.506E-04 9.607E-03 2.686E+02 2.565E+02 6.897E+04 5.878E+02 0.0000E+00 0.0000E+00 5.4024E-05
   1740      7.800 4.298E+04 8.124E+04 9.198E+06 7.530E-04 9.688E-03 2.723E+02 2.598E+02 7.084E+04 5.955E+02 0.0000E+00 0.0000E+00 7.0300E-05
   1745      7.825 4.400E+04 8.398E+04 9.455E+06 7.491E-04 9.813E-03 2.761E+02 2.632E+02 7.275E+04 6.032E+02 0.0000E+00 0.0000E+00 8.3127E-05
   1750      7.850 4.503E+04 8.679E+04 9.718E+06 7.373E-04 9.978E-03 2.799E+02 2.666E+02 7.471E+04 6.109E+02 0.0000E+00 0.0000E+00 8.8752E-05
   1755      7.875 4.608E+04 8.969E+04 9.988E+06 7.178E-04 1.017E-02 2.838E+02 2.700E+02 7.672E+04 6.186E+02 0.0000E+00 0.0000E+00 8.7605E-05
   1760      7.900 4.715E+04 9.267E+04 1.027E+07 6.930E-04 1.038E-02 2.877E+02 2.735E+02 7.877E+04 6.264E+02 0.0000E+00 0.0000E+00 8.5228E-05
   1765      7.925 4.824E+04 9.574E+04 1.055E+07 6.666E-04 1.058E-02 2.916E+02 2.769E+02 8.087E+04 6.341E+02 0.0000E+00 0.0000E+00 8.9026E-05
   1770      7.950 4.935E+04 9.889E+04 1.084E+07 6.433E-04 1.076E-02 2.956E+02 2.804E+02 8.302E+04 6.419E+02 0.0000E+00 0.0000E+00 1.0227E-04
   1775      7.975 5.048E+04 1.021E+05 1.114E+07 6.274E-04 1.090E-02 2.997E+02 2.839E+02 8.522E+04 6.496E+02 0.0000E+00 0.0000E+00 1.2020E-04
   1780      8.000 5.163E+04 1.055E+05 1.144E+07 6.220E-04 1.100E-02 3.038E+02 2.875E+02 8.746E+04 6.574E+02 0.0000E+00 0.0000E+00 1.3255E-04
   1785      8.025 5.280E+04 1.089E+05 1.176E+07 6.277E-04 1.105E-02 3.079E+02 2.911E+02 8.976E+04 6.651E+02 0.0000E+00 0.0000E+00 1.3127E-04
   1790      8.050 5.399E+04 1.124E+05 1.208E+07 6.427E-04 1.105E-02 3.121E+02 2.947E+02 9.211E+04 6.728E+02 0.0000E+00 0.0000E+00 1.1724E-04
   1795      8.075 5.520E+04 1.161E+05 1.241E+07 6.635E-04 1.102E-02 3.163E+02 2.983E+02 9.451E+04 6.805E+02 0.0000E+00 0.0000E+00 9.9535E-05
   1800      8.100 5.644E+04 1.198E+05 1.275E+07 6.854E-04 1.097E-02 3.206E+02 3.019E+02 9.696E+04 6.882E+02 0.0000E+00 0.0000E+00 8.7490E-05
   1805      8.125 5.770E+04 1.236E+05 1.309E+07 7.039E-04 1.091E-02 3.249E+02 3.056E+02 9.947E+04 6.958E+02 0.0000E+00 0.0000E+00 8.2905E-05
   1810      8.150 5.898E+04 1.276E+05 1.344E+07 7.157E-04 1.086E-02 3.292E+02 3.093E+02 1.020E+05 7.034E+02 0.0000E+00 0.0000E+00 7.9915E-05
   1815      8.175 6.029E+04 1.316E+05 1.381E+07 7.193E-04 1.082E-02 3.336E+02 3.130E+02 1.046E+05 7.109E+02 0.0000E+00 0.0000E+00 7.2924E-05
   1820      8.200 6.162E+04 1.358E+05 1.418E+07 7.152E-04 1.080E-02 3.381E+02 3.168E+02 1.073E+05 7.184E+02 0.0000E+00 0.0000E+00 6.4726E-05
   1825      8.225 6.298E+04 1.400E+05 1.456E+07 7.056E-04 1.079E-02 3.426E+02 3.205E+02 1.101E+05 7.259E+02 0.0000E+00 0.0000E+00 6.6029E-05
   1830      8.250 6.436E+04 1.444E+05 1.494E+07 6.936E-04 1.079E-02 3.471E+02 3.243E+02 1.128E+05 7.333E+02 0.0000E+00 0.0000E+00 8.5464E-05
   1835      8.275 6.577E+04 1.489E+05 1.534E+07 6.829E-04 1.079E-02 3.517E+02 3.282E+02 1.157E+05 7.406E+02 0.0000E+00 0.0000E+00 1.1890E-04
   1840      8.300 6.721E+04 1.535E+05 1.575E+07 6.764E-04 1.079E-02 3.563E+02 3.320E+02 1.186E+05 7.479E+02 0.0000E+00 0.0000E+00 1.4902E-04
   1845      8.325 6.868E+04 1.583E+05 1.616E+07 6.764E-04 1.077E-02 3.610E+02 3.359E+02 1.216E+05 7.552E+02 0.0000E+00 0.0000E+00 1.5761E-04
   1850      8.350 7.017E+04 1.631E+05 1.658E+07 6.835E-04 1.074E-02 3.657E+02 3.398E+02 1.246E+05 7.623E+02 0.0000E+00 0.0000E+00 1.4098E-04
   1855      8.375 7.169E+04 1.681E+05 1.702E+07 6.969E-04 1.070E-02 3.704E+02 3.437E+02 1.277E+05 7.695E+02 0.0000E+00 0.0000E+00 1.1455E-04
   1860      8.400 7.324E+04 1.732E+05 1.746E+07 7.145E-04 1.067E-02 3.752E+02 3.477E+02 1.308E+05 7.765E+02 0.0000E+00 0.0000E+00 1.0123E-04
   1865      8.425 7.483E+04 1.785E+05 1.791E+07 7.329E-04 1.064E-02 3.800E+02 3.516E+02 1.340E+05 7.835E+02 0.0000E+00 0.0000E+00 1.1257E-04
   1870      8.450 7.644E+04 1.838E+05 1.838E+07 7.485E-04 1.065E-02 3.849E+02 3.556E+02 1.373E+05 7.905E+02 0.0000E+00 0.0000E+00 1.3881E-04
   1875      8.475 7.808E+04 1.893E+05 1.885E+07 7.578E-04 1.070E-02 3.898E+02 3.597E+02 1.407E+05 7.973E+02 0.0000E+00 0.0000E+00 1.5700E-04
   1880      8.500 7.976E+04 1.950E+05 1.933E+07 7.583E-04 1.079E-02 3.948E+02 3.637E+02 1.441E+05 8.042E+02 0.0000E+00 0.0000E+00 1.5075E-04
   1885      8.525 8.147E+04 2.008E+05 1.982E+07 7.491E-04 1.092E-02 3.998E+02 3.678E+02 1.475E+05 8.109E+02 0.0000E+00 0.0000E+00 1.2529E-04
   1890      8.550 8.321E+04 2.067E+05 2.033E+07 7.315E-04 1.108E-02 4.048E+02 3.719E+02 1.511E+05 8.176E+02 0.0000E+00 0.0000E+00 1.0561E-04
   1895      8.575 8.499E+04 2.128E+05 2.084E+07 7.083E-04 1.127E-02 4.099E+02 3.760E+02 1.547E+05 8.242E+02 0.0000E+00 0.0000E+00 1.1981E-04
   1900      8.600 8.680E+04 2.191E+05 2.137E+07 6.837E-04 1.147E-02 4.150E+02 3.801E+02 1.584E+05 8.308E+02 0.0000E+00 0.0000E+00 1.8109E-04
   1905      8.625 8.865E+04 2.254E+05 2.190E+07 6.620E-04 1.166E-02 4.202E+02 3.843E+02 1.621E+05 8.373E+02 0.0000E+00 0.0000E+00 2.8012E-04
   1910      8.650 9.053E+04 2.320E+05 2.245E+07 6.469E-04 1.182E-02 4.254E+02 3.885E+02 1.660E+05 8.437E+02 0.0000E+00 0.0000E+00 3.8995E-04
   1915      8.675 9.245E+04 2.387E+05 2.300E+07 6.404E-04 1.195E-02 4.307E+02 3.928E+02 1.699E+05 8.501E+02 0.0000E+00 0.0000E+00 4.7784E-04
   1920      8.700 9.441E+04 2.456E+05 2.357E+07 6.427E-04 1.205E-02 4.359E+02 3.970E+02 1.738E+05 8.564E+02 0.0000E+00 0.0000E+00 5.1739E-04
   1925      8.725 9.641E+04 2.526E+05 2.415E+07 6.519E-04 1.211E-02 4.413E+02 4.013E+02 1.779E+05 8.627E+02 0.0000E+00 0.0000E+00 4.9787E-04
   1930      8.750 9.845E+04 2.598E+05 2.474E+07 6.649E-04 1.215E-02 4.466E+02 4.056E+02 1.820E+05 8.689E+02 0.0000E+00 0.0000E+00 4.2867E-04
   1935      8.775 1.005E+05 2.672E+05 2.534E+07 6.781E-04 1.217E-02 4.520E+02 4.099E+02 1.862E+05 8.751E+02 0.0000E+00 0.0000E+00 3.3593E-04
   1940      8.800 1.026E+05 2.748E+05 2.595E+07 6.887E-04 1.219E-02 4.575E+02 4.143E+02 1.905E+05 8.813E+02 0.0000E+00 0.0000E+00 2.5043E-04
   1945      8.825 1.048E+05 2.825E+05 2.658E+07 6.950E-04 1.219E-02 4.629E+02 4.187E+02 1.948E+05 8.875E+02 0.0000E+00 0.0000E+00 1.9190E-04
   1950      8.850 1.070E+05 2.904E+05 2.722E+07 6.967E-04 1.220E-02 4.684E+02 4.231E+02 1.992E+05 8.936E+02 0.0000E+00 0.0000E+00 1.6021E-04
   1955      8.875 1.093E+05 2.985E+05 2.786E+07 6.950E-04 1.221E-02 4.740E+02 4.275E+02 2.037E+05 8.998E+02 0.0000E+00 0.0000E+00 1.4057E-04
   1960      8.900 1.115E+05 3.068E+05 2.852E+07 6.917E-04 1.222E-02 4.796E+02 4.320E+02 2.083E+05 9.059E+02 0.0000E+00 0.0000E+00 1.1867E-04
   1965      8.925 1.139E+05 3.153E+05 2.920E+07 6.885E-04 1.223E-02 4.852E+02 4.365E+02 2.130E+05 9.121E+02 0.0000E+00 0.0000E+00 9.2858E-05
   1970      8.950 1.163E+05 3.240E+05 2.988E+07 6.867E-04 1.224E-02 4.908E+02 4.411E+02 2.177E+05 9.183E+02 0.0000E+00 0.0000E+00 7.2749E-05
   1975      8.975 1.187E+05 3.329E+05 3.058E+07 6.866E-04 1.224E-02 4.965E+02 4.456E+02 2.226E+05 9.245E+02 0.0000E+00 0.0000E+00 6.6967E-05
   1980      9.000 1.212E+05 3.420E+05 3.129E+07 6.879E-04 1.223E-02 5.023E+02 4.502E+02 2.275E+05 9.308E+02 0.0000E+00 0.0000E+00 7.3542E-05
   1985      9.025 1.237E+05 3.513E+05 3.201E+07 6.894E-04 1.223E-02 5.080E+02 4.548E+02 2.325E+05 9.371E+02 0.0000E+00 0.0000E+00 8.3566E-05
   1990      9.050 1.263E+05 3.608E+05 3.274E+07 6.904E-04 1.222E-02 5.138E+02 4.595E+02 2.376E+05 9.435E+02 0.0000E+00 0.0000E+00 9.4082E-05
   1995      9.075 1.289E+05 3.706E+05 3.349E+07 6.901E-04 1.221E-02 5.196E+02 4.642E+02 2.427E+05 9.500E+02 0.0000E+00 0.0000E+00 1.1498E-04
   2000      9.100 1.316E+05 3.806E+05 3.425E+07 6.885E-04 1.219E-02 5.255E+02 4.689E+02 2.480E+05 9.565E+02 0.0000E+00 0.0000E+00 1.5986E-04
   2005      9.125 1.343E+05 3.908E+05 3.502E+07 6.863E-04 1.217E-02 5.314E+02 4.737E+02 2.534E+05 9.633E+02 0.0000E+00 0.0000E+00 2.2803E-04
   2010      9.150 1.371E+05 4.012E+05 3.581E+07 6.844E-04 1.215E-02 5.373E+02 4.784E+02 2.588E+05 9.701E+02 0.0000E+00 0.0000E+00 2.9636E-04
   2015      9.175 1.399E+05 4.118E+05 3.661E+07 6.836E-04 1.212E-02 5.433E+02 4.833E+02 2.644E+05 9.771E+02 0.0000E+00 0.0000E+00 3.3152E-04
   2020      9.200 1.428E+05 4.228E+05 3.742E+07 6.846E-04 1.209E-02 5.493E+02 4.881E+02 2.700E+05 9.843E+02 0.0000E+00 0.0000E+00 3.1379E-04
   2025      9.225 1.457E+05 4.339E+05 3.825E+07 6.872E-04 1.205E-02 5.553E+02 4.930E+02 2.757E+05 9.916E+02 0.0000E+00 0.0000E+00 2.5173E-04
   2030      9.250 1.488E+05 4.453E+05 3.909E+07 6.908E-04 1.200E-02 5.614E+02 4.979E+02 2.816E+05 9.991E+02 0.0000E+00 0.0000E+00 1.7553E-04
   2035      9.275 1.518E+05 4.570E+05 3.994E+07 6.946E-04 1.195E-02 5.675E+02 5.029E+02 2.875E+05 1.007E+03 0.0000E+00 0.0000E+00 1.1585E-04
   2040      9.300 1.549E+05 4.689E+05 4.081E+07 6.974E-04 1.190E-02 5.736E+02 5.079E+02 2.935E+05 1.015E+03 0.0000E+00 0.0000E+00 8.6270E-05
   2045      9.325 1.581E+05 4.811E+05 4.169E+07 6.985E-04 1.186E-02 5.798E+02 5.129E+02 2.996E+05 1.023E+03 0.0000E+00 0.0000E+00 8.1222E-05
   2050      9.350 1.614E+05 4.935E+05 4.258E+07 6.978E-04 1.182E-02 5.860E+02 5.180E+02 3.058E+05 1.031E+03 0.0000E+00 0.0000E+00 8.6715E-05
   2055      9.375 1.647E+05 5.063E+05 4.349E+07 6.953E-04 1.177E-02 5.922E+02 5.231E+02 3.122E+05 1.040E+03 0.0000E+00 0.0000E+00 9.2248E-05
   2060      9.400 1.681E+05 5.193E+05 4.442E+07 6.921E-04 1.173E-02 5.984E+02 5.283E+02 3.186E+05 1.049E+03 0.0000E+00 0.0000E+00 9.6014E-05
   2065      9.425 1.715E+05 5.326E+05 4.536E+07 6.890E-04 1.169E-02 6.047E+02 5.335E+02 3.252E+05 1.058E+03 0.0000E+00 0.0000E+00 1.0330E-04
   2070      9.450 1.750E+05 5.462E+05 4.631E+07 6.870E-04 1.165E-02 6.111E+02 5.387E+02 3.318E+05 1.068E+03 0.0000E+00 0.0000E+00 1.2168E-04
   2075      9.475 1.786E+05 5.601E+05 4.728E+07 6.869E-04 1.160E-02 6.174E+02 5.440E+02 3.386E+05 1.078E+03 0.0000E+00 0.0000E+00 1.5541E-04
   2080      9.500 1.822E+05 5.743E+05 4.826E+07 6.889E-04 1.154E-02 6.238E+02 5.493E+02 3.454E+05 1.088E+03 0.0000E+00 0.0000E+00 2.0087E-04
   2085      9.525 1.859E+05 5.888E+05 4.926E+07 6.928E-04 1.149E-02 6.302E+02 5.547E+02 3.524E+05 1.098E+03 0.0000E+00 0.0000E+00 2.4516E-04
   2090      9.550 1.897E+05 6.036E+05 5.027E+07 6.980E-04 1.143E-02 6.367E+02 5.601E+02 3.595E+05 1.109E+03 0.0000E+00 0.0000E+00 2.7046E-04
   2095      9.575 1.936E+05 6.188E+05 5.130E+07 7.036E-04 1.137E-02 6.432E+02 5.656E+02 3.667E+05 1.119E+03 0.0000E+00 0.0000E+00 2.6307E-04
   2100      9.600 1.975E+05 6.342E+05 5.235E+07 7.083E-04 1.132E-02 6.497E+02 5.710E+02 3.741E+05 1.131E+03 0.0000E+00 0.0000E+00 2.2197E-04
   2105      9.625 2.015E+05 6.500E+05 5.341E+07 7.112E-04 1.128E-02 6.562E+02 5.766E+02 3.815E+05 1.142E+03 0.0000E+00 0.0000E+00 1.6064E-04
   2110      9.650 2.056E+05 6.662E+05 5.449E+07 7.115E-04 1.125E-02 6.628E+02 5.822E+02 3.891E+05 1.153E+03 0.0000E+00 0.0000E+00 1.0020E-04
   2115      9.675 2.097E+05 6.827E+05 5.558E+07 7.087E-04 1.123E-02 6.694E+02 5.878E+02 3.968E+05 1.164E+03 0.0000E+00 0.0000E+00 5.8099E-05
   2120      9.700 2.140E+05 6.996E+05 5.669E+07 7.033E-04 1.122E-02 6.761E+02 5.935E+02 4.047E+05 1.176E+03 0.0000E+00 0.0000E+00 3.9975E-05
   2125      9.725 2.183E+05 7.168E+05 5.782E+07 6.958E-04 1.121E-02 6.828E+02 5.992E+02 4.126E+05 1.188E+03 0.0000E+00 0.0000E+00 3.9724E-05
   2130      9.750 2.227E+05 7.344E+05 5.897E+07 6.878E-04 1.121E-02 6.895E+02 6.050E+02 4.207E+05 1.199E+03 0.0000E+00 0.0000E+00 4.6505E-05
   2135      9.775 2.272E+05 7.524E+05 6.013E+07 6.807E-04 1.120E-02 6.963E+02 6.108E+02 4.290E+05 1.211E+03 0.0000E+00 0.0000E+00 5.2629E-05
   2140      9.800 2.317E+05 7.708E+05 6.131E+07 6.759E-04 1.119E-02 7.031E+02 6.167E+02 4.373E+05 1.223E+03 0.0000E+00 0.0000E+00 5.6717E-05
   2145      9.825 2.364E+05 7.895E+05 6.251E+07 6.743E-04 1.116E-02 7.099E+02 6.226E+02 4.458E+05 1.234E+03 0.0000E+00 0.0000E+00 6.1174E-05
   2150      9.850 2.411E+05 8.087E+05 6.373E+07 6.760E-04 1.112E-02 7.168E+02 6.286E+02 4.545E+05 1.246E+03 0.0000E+00 0.0000E+00 6.7496E-05
   2155      9.875 2.459E+05 8.282E+05 6.496E+07 6.805E-04 1.107E-02 7.237E+02 6.346E+02 4.633E+05 1.258E+03 0.0000E+00 0.0000E+00 7.3800E-05
   2160      9.900 2.509E+05 8.482E+05 6.622E+07 6.863E-04 1.100E-02 7.307E+02 6.407E+02 4.722E+05 1.269E+03 0.0000E+00 0.0000E+00 7.6091E-05
   2165      9.925 2.559E+05 8.686E+05 6.750E+07 6.918E-04 1.093E-02 7.377E+02 6.468E+02 4.813E+05 1.281E+03 0.0000E+00 0.0000E+00 7.1435E-05
   2170      9.950 2.610E+05 8.895E+05 6.879E+07 6.957E-04 1.086E-02 7.448E+02 6.529E+02 4.905E+05 1.292E+03 0.0000E+00 0.0000E+00 6.0083E-05
   2175      9.975 2.662E+05 9.108E+05 7.011E+07 6.973E-04 1.079E-02 7.518E+02 6.592E+02 4.999E+05 1.304E+03 0.0000E+00 0.0000E+00 4.5140E-05
   2180     10.000 2.715E+05 9.325E+05 7.144E+07 6.969E-04 1.072E-02 7.590E+02 6.654E+02 5.094E+05 1.315E+03 0.0000E+00 0.0000E+00 3.0622E-05
   2185     10.025 2.768E+05 9.547E+05 7.280E+07 6.956E-04 1.066E-02 7.661E+02 6.718E+02 5.191E+05 1.327E+03 0.0000E+00 0.0000E+00 1.9568E-05
   2190     10.050 2.823E+05 9.773E+05 7.418E+07 6.951E-04 1.059E-02 7.734E+02 6.781E+02 5.290E+05 1.338E+03 0.0000E+00 0.0000E+00 1.3204E-05
