#---it-------t--------ee2m------aa2m------emag------EEGW------hrms------brms------erms------EEEM------bmax---
      0     -0.900 3.869E-17 1.945E-20 0.000E+00 0.000E+00 0.000E+00 0.000E+00 0.000E+00 0.000E+00 0.000E+00
      5     -0.875 1.146E-15 2.624E-19 3.667E-14 1.718E-29 7.244E-17 1.719E-08 4.020E-08 9.557E-16 5.918E-08
     10     -0.850 1.718E-14 5.523E-18 7.708E-13 2.616E-27 1.299E-15 7.884E-08 1.545E-07 1.504E-14 2.776E-07
     15     -0.825 1.516E-13 7.010E-17 9.342E-12 1.623E-25 1.228E-14 2.745E-07 4.629E-07 1.448E-13 9.900E-07
     20     -0.800 9.073E-13 5.880E-16 7.244E-11 4.938E-24 8.012E-14 7.643E-07 1.146E-06 9.487E-13 2.815E-06
     25     -0.775 4.064E-12 3.567E-15 3.946E-10 8.635E-23 3.909E-13 1.784E-06 2.453E-06 4.600E-12 6.627E-06
     30     -0.750 1.481E-11 1.687E-14 1.636E-09 9.999E-22 1.524E-12 3.632E-06 4.717E-06 1.772E-11 1.330E-05
     35     -0.725 4.659E-11 6.619E-14 5.539E-09 8.595E-21 5.014E-12 6.683E-06 8.397E-06 5.759E-11 2.387E-05
     40     -0.700 1.313E-10 2.255E-13 1.625E-08 5.923E-20 1.453E-11 1.145E-05 1.411E-05 1.650E-10 4.169E-05
     45     -0.675 3.372E-10 6.878E-13 4.296E-08 3.425E-19 3.814E-11 1.861E-05 2.264E-05 4.294E-10 6.750E-05
     50     -0.650 8.005E-10 1.916E-12 1.047E-07 1.708E-18 9.239E-11 2.906E-05 3.492E-05 1.032E-09 9.998E-05
     55     -0.625 1.776E-09 4.936E-12 2.384E-07 7.504E-18 2.090E-10 4.384E-05 5.210E-05 2.318E-09 1.489E-04
     60     -0.600 3.719E-09 1.189E-11 5.113E-07 2.953E-17 4.453E-10 6.420E-05 7.549E-05 4.911E-09 2.196E-04
     65     -0.575 7.401E-09 2.699E-11 1.041E-06 1.056E-16 9.010E-10 9.160E-05 1.067E-04 9.883E-09 3.156E-04
     70     -0.550 1.409E-08 5.817E-11 2.023E-06 3.473E-16 1.741E-09 1.277E-04 1.474E-04 1.901E-08 4.388E-04
     75     -0.525 2.579E-08 1.197E-10 3.775E-06 1.060E-15 3.231E-09 1.745E-04 1.996E-04 3.514E-08 6.121E-04
     80     -0.500 4.559E-08 2.365E-10 6.792E-06 3.030E-15 5.783E-09 2.340E-04 2.657E-04 6.267E-08 8.247E-04
     85     -0.475 7.812E-08 4.503E-10 1.183E-05 8.173E-15 1.002E-08 3.088E-04 3.481E-04 1.083E-07 1.071E-03
     90     -0.450 1.301E-07 8.293E-10 2.000E-05 2.093E-14 1.688E-08 4.015E-04 4.498E-04 1.818E-07 1.350E-03
     95     -0.425 2.114E-07 1.482E-09 3.292E-05 5.113E-14 2.769E-08 5.152E-04 5.738E-04 2.973E-07 1.760E-03
    100     -0.400 3.355E-07 2.578E-09 5.293E-05 1.197E-13 4.438E-08 6.533E-04 7.236E-04 4.752E-07 2.298E-03
    105     -0.375 5.215E-07 4.374E-09 8.325E-05 2.695E-13 6.963E-08 8.193E-04 9.030E-04 7.433E-07 2.911E-03
    110     -0.350 7.950E-07 7.252E-09 1.284E-04 5.853E-13 1.071E-07 1.017E-03 1.116E-03 1.140E-06 3.606E-03
    115     -0.325 1.191E-06 1.178E-08 1.943E-04 1.230E-12 1.618E-07 1.252E-03 1.367E-03 1.718E-06 4.411E-03
    120     -0.300 1.755E-06 1.875E-08 2.893E-04 2.509E-12 2.404E-07 1.527E-03 1.662E-03 2.547E-06 5.300E-03
    125     -0.275 2.547E-06 2.934E-08 4.239E-04 4.976E-12 3.516E-07 1.849E-03 2.004E-03 3.717E-06 6.557E-03
    130     -0.250 3.645E-06 4.514E-08 6.125E-04 9.619E-12 5.072E-07 2.222E-03 2.400E-03 5.349E-06 7.990E-03
    135     -0.225 5.149E-06 6.838E-08 8.731E-04 1.815E-11 7.219E-07 2.653E-03 2.856E-03 7.598E-06 9.596E-03
    140     -0.200 7.186E-06 1.021E-07 1.229E-03 3.351E-11 1.015E-06 3.148E-03 3.378E-03 1.066E-05 1.137E-02
    145     -0.175 9.915E-06 1.504E-07 1.711E-03 6.056E-11 1.410E-06 3.714E-03 3.972E-03 1.479E-05 1.329E-02
    150     -0.150 1.353E-05 2.188E-07 2.355E-03 1.073E-10 1.939E-06 4.358E-03 4.646E-03 2.029E-05 1.537E-02
    155     -0.125 1.829E-05 3.146E-07 3.209E-03 1.867E-10 2.639E-06 5.087E-03 5.408E-03 2.756E-05 1.758E-02
    160     -0.100 2.448E-05 4.472E-07 4.332E-03 3.193E-10 3.557E-06 5.910E-03 6.265E-03 3.709E-05 1.988E-02
    165     -0.075 3.248E-05 6.290E-07 5.794E-03 5.371E-10 4.753E-06 6.835E-03 7.225E-03 4.946E-05 2.222E-02
    170     -0.050 4.273E-05 8.759E-07 7.684E-03 8.894E-10 6.295E-06 7.871E-03 8.298E-03 6.540E-05 2.457E-02
    175     -0.025 5.578E-05 1.208E-06 1.011E-02 1.451E-09 8.272E-06 9.028E-03 9.492E-03 8.580E-05 2.779E-02
    180     -0.000 7.228E-05 1.652E-06 1.320E-02 2.334E-09 1.079E-05 1.031E-02 1.082E-02 1.117E-04 3.145E-02
    185      0.025 9.300E-05 2.240E-06 1.710E-02 3.702E-09 1.396E-05 1.174E-02 1.228E-02 1.444E-04 3.539E-02
    190      0.050 1.189E-04 3.013E-06 2.201E-02 5.798E-09 1.795E-05 1.332E-02 1.390E-02 1.854E-04 3.976E-02
    195      0.075 1.509E-04 4.022E-06 2.815E-02 8.974E-09 2.291E-05 1.507E-02 1.568E-02 2.364E-04 4.458E-02
    200      0.100 1.905E-04 5.330E-06 3.578E-02 1.373E-08 2.907E-05 1.698E-02 1.764E-02 2.997E-04 4.984E-02
    205      0.125 2.391E-04 7.014E-06 4.520E-02 2.078E-08 3.666E-05 1.909E-02 1.977E-02 3.777E-04 5.580E-02
    210      0.150 2.984E-04 9.171E-06 5.679E-02 3.113E-08 4.597E-05 2.140E-02 2.211E-02 4.733E-04 6.217E-02
    215      0.175 3.704E-04 1.192E-05 7.096E-02 4.617E-08 5.732E-05 2.392E-02 2.465E-02 5.899E-04 6.911E-02
    220      0.200 4.575E-04 1.539E-05 8.822E-02 6.783E-08 7.110E-05 2.667E-02 2.741E-02 7.314E-04 7.650E-02
    225      0.225 5.622E-04 1.976E-05 1.091E-01 9.873E-08 8.776E-05 2.966E-02 3.041E-02 9.022E-04 8.434E-02
    230      0.250 6.877E-04 2.524E-05 1.343E-01 1.424E-07 1.078E-04 3.291E-02 3.365E-02 1.108E-03 9.327E-02
    235      0.275 8.374E-04 3.206E-05 1.646E-01 2.038E-07 1.318E-04 3.643E-02 3.715E-02 1.354E-03 1.031E-01
    240      0.300 1.015E-03 4.051E-05 2.008E-01 2.892E-07 1.604E-04 4.023E-02 4.092E-02 1.647E-03 1.135E-01
    245      0.325 1.226E-03 5.095E-05 2.438E-01 4.073E-07 1.945E-04 4.434E-02 4.498E-02 1.995E-03 1.244E-01
    250      0.350 1.475E-03 6.378E-05 2.949E-01 5.693E-07 2.348E-04 4.876E-02 4.934E-02 2.406E-03 1.360E-01
    255      0.375 1.767E-03 7.947E-05 3.551E-01 7.900E-07 2.823E-04 5.351E-02 5.402E-02 2.891E-03 1.487E-01
    260      0.400 2.110E-03 9.859E-05 4.260E-01 1.089E-06 3.381E-04 5.861E-02 5.903E-02 3.460E-03 1.633E-01
    265      0.425 2.510E-03 1.218E-04 5.091E-01 1.489E-06 4.035E-04 6.407E-02 6.439E-02 4.126E-03 1.792E-01
    270      0.450 2.977E-03 1.499E-04 6.061E-01 2.023E-06 4.798E-04 6.991E-02 7.012E-02 4.902E-03 1.960E-01
    275      0.475 3.519E-03 1.837E-04 7.191E-01 2.733E-06 5.685E-04 7.614E-02 7.624E-02 5.805E-03 2.134E-01
    280      0.500 4.146E-03 2.243E-04 8.501E-01 3.670E-06 6.714E-04 8.279E-02 8.276E-02 6.851E-03 2.315E-01
    285      0.525 4.871E-03 2.729E-04 1.002E+00 4.902E-06 7.904E-04 8.987E-02 8.970E-02 8.061E-03 2.517E-01
    290      0.550 5.705E-03 3.309E-04 1.176E+00 6.511E-06 9.276E-04 9.739E-02 9.710E-02 9.457E-03 2.737E-01
    295      0.575 6.665E-03 3.999E-04 1.377E+00 8.606E-06 1.085E-03 1.054E-01 1.050E-01 1.106E-02 2.962E-01
    300      0.600 7.764E-03 4.816E-04 1.608E+00 1.132E-05 1.266E-03 1.139E-01 1.133E-01 1.290E-02 3.192E-01
    305      0.625 9.023E-03 5.782E-04 1.872E+00 1.482E-05 1.474E-03 1.228E-01 1.222E-01 1.501E-02 3.429E-01
    310      0.650 1.046E-02 6.921E-04 2.173E+00 1.931E-05 1.710E-03 1.324E-01 1.317E-01 1.742E-02 3.669E-01
    315      0.675 1.210E-02 8.260E-04 2.516E+00 2.507E-05 1.980E-03 1.424E-01 1.417E-01 2.018E-02 3.911E-01
    320      0.700 1.396E-02 9.830E-04 2.906E+00 3.242E-05 2.287E-03 1.531E-01 1.523E-01 2.331E-02 4.176E-01
    325      0.725 1.607E-02 1.167E-03 3.348E+00 4.178E-05 2.635E-03 1.643E-01 1.635E-01 2.687E-02 4.531E-01
    330      0.750 1.847E-02 1.381E-03 3.850E+00 5.367E-05 3.029E-03 1.762E-01 1.755E-01 3.091E-02 4.911E-01
    335      0.775 2.118E-02 1.630E-03 4.417E+00 6.872E-05 3.476E-03 1.887E-01 1.881E-01 3.550E-02 5.303E-01
    340      0.800 2.424E-02 1.920E-03 5.059E+00 8.774E-05 3.980E-03 2.020E-01 2.015E-01 4.069E-02 5.706E-01
    345      0.825 2.769E-02 2.256E-03 5.782E+00 1.117E-04 4.549E-03 2.159E-01 2.156E-01 4.655E-02 6.121E-01
    350      0.850 3.157E-02 2.644E-03 6.597E+00 1.419E-04 5.190E-03 2.306E-01 2.305E-01 5.316E-02 6.546E-01
    355      0.875 3.594E-02 3.092E-03 7.515E+00 1.798E-04 5.912E-03 2.462E-01 2.463E-01 6.062E-02 6.982E-01
    360      0.900 4.085E-02 3.609E-03 8.547E+00 2.273E-04 6.724E-03 2.625E-01 2.629E-01 6.902E-02 7.434E-01
    365      0.925 4.635E-02 4.203E-03 9.706E+00 2.868E-04 7.635E-03 2.797E-01 2.805E-01 7.846E-02 7.903E-01
    370      0.950 5.251E-02 4.885E-03 1.101E+01 3.610E-04 8.658E-03 2.979E-01 2.989E-01 8.905E-02 8.391E-01
    375      0.975 5.939E-02 5.666E-03 1.246E+01 4.535E-04 9.805E-03 3.170E-01 3.184E-01 1.009E-01 8.925E-01
    380      1.000 6.707E-02 6.560E-03 1.409E+01 5.684E-04 1.109E-02 3.371E-01 3.389E-01 1.142E-01 9.494E-01
    385      1.025 7.564E-02 7.581E-03 1.592E+01 4.149E-04 1.235E-02 3.583E-01 3.604E-01 1.291E-01 1.008E+00
    390      1.050 8.517E-02 8.745E-03 1.796E+01 3.010E-04 1.324E-02 3.805E-01 3.830E-01 1.457E-01 1.068E+00
    395      1.075 9.578E-02 1.007E-02 2.023E+01 3.159E-04 1.374E-02 4.039E-01 4.068E-01 1.643E-01 1.129E+00
    400      1.100 1.076E-01 1.158E-02 2.277E+01 4.368E-04 1.392E-02 4.284E-01 4.317E-01 1.850E-01 1.198E+00
    405      1.125 1.206E-01 1.329E-02 2.559E+01 6.194E-04 1.384E-02 4.542E-01 4.578E-01 2.079E-01 1.276E+00
    410      1.150 1.351E-01 1.523E-02 2.873E+01 8.123E-04 1.361E-02 4.813E-01 4.851E-01 2.335E-01 1.355E+00
    415      1.175 1.511E-01 1.742E-02 3.222E+01 9.715E-04 1.331E-02 5.097E-01 5.138E-01 2.619E-01 1.435E+00
    420      1.200 1.688E-01 1.990E-02 3.609E+01 1.070E-03 1.305E-02 5.394E-01 5.437E-01 2.933E-01 1.515E+00
    425      1.225 1.883E-01 2.270E-02 4.038E+01 1.101E-03 1.286E-02 5.706E-01 5.750E-01 3.281E-01 1.594E+00
    430      1.250 2.098E-01 2.586E-02 4.513E+01 1.077E-03 1.279E-02 6.032E-01 6.077E-01 3.666E-01 1.691E+00
    435      1.275 2.335E-01 2.942E-02 5.039E+01 1.020E-03 1.281E-02 6.374E-01 6.418E-01 4.091E-01 1.797E+00
    440      1.300 2.596E-01 3.341E-02 5.620E+01 9.540E-04 1.289E-02 6.732E-01 6.774E-01 4.560E-01 1.909E+00
    445      1.325 2.882E-01 3.790E-02 6.261E+01 8.994E-04 1.300E-02 7.105E-01 7.145E-01 5.077E-01 2.026E+00
    450      1.350 3.196E-01 4.294E-02 6.968E+01 8.665E-04 1.311E-02 7.496E-01 7.532E-01 5.646E-01 2.148E+00
    455      1.375 3.541E-01 4.858E-02 7.747E+01 8.566E-04 1.319E-02 7.903E-01 7.934E-01 6.271E-01 2.276E+00
    460      1.400 3.918E-01 5.489E-02 8.604E+01 8.641E-04 1.324E-02 8.329E-01 8.353E-01 6.957E-01 2.408E+00
    465      1.425 4.330E-01 6.194E-02 9.545E+01 8.801E-04 1.326E-02 8.773E-01 8.788E-01 7.709E-01 2.545E+00
    470      1.450 4.780E-01 6.981E-02 1.058E+02 8.965E-04 1.327E-02 9.236E-01 9.240E-01 8.534E-01 2.686E+00
    475      1.475 5.272E-01 7.859E-02 1.171E+02 9.080E-04 1.327E-02 9.718E-01 9.709E-01 9.435E-01 2.831E+00
    480      1.500 5.807E-01 8.837E-02 1.295E+02 9.131E-04 1.327E-02 1.022E+00 1.020E+00 1.042E+00 2.980E+00
    485      1.525 6.391E-01 9.924E-02 1.431E+02 9.132E-04 1.327E-02 1.074E+00 1.070E+00 1.150E+00 3.132E+00
    490      1.550 7.026E-01 1.113E-01 1.580E+02 9.112E-04 1.327E-02 1.129E+00 1.122E+00 1.267E+00 3.288E+00
    495      1.575 7.717E-01 1.247E-01 1.742E+02 9.098E-04 1.327E-02 1.185E+00 1.176E+00 1.394E+00 3.450E+00
    500      1.600 8.467E-01 1.396E-01 1.919E+02 9.104E-04 1.327E-02 1.244E+00 1.233E+00 1.533E+00 3.616E+00
    505      1.625 9.281E-01 1.561E-01 2.112E+02 9.132E-04 1.327E-02 1.305E+00 1.291E+00 1.684E+00 3.788E+00
    510      1.650 1.016E+00 1.743E-01 2.321E+02 9.168E-04 1.327E-02 1.368E+00 1.350E+00 1.848E+00 3.964E+00
    515      1.675 1.112E+00 1.945E-01 2.549E+02 9.199E-04 1.328E-02 1.434E+00 1.412E+00 2.025E+00 4.144E+00
    520      1.700 1.216E+00 2.168E-01 2.797E+02 9.210E-04 1.328E-02 1.502E+00 1.476E+00 2.217E+00 4.328E+00
    525      1.725 1.328E+00 2.413E-01 3.065E+02 9.197E-04 1.330E-02 1.572E+00 1.542E+00 2.425E+00 4.516E+00
    530      1.750 1.449E+00 2.684E-01 3.355E+02 9.162E-04 1.332E-02 1.645E+00 1.611E+00 2.650E+00 4.707E+00
    535      1.775 1.580E+00 2.982E-01 3.670E+02 9.116E-04 1.334E-02 1.720E+00 1.681E+00 2.892E+00 4.902E+00
    540      1.800 1.722E+00 3.310E-01 4.009E+02 9.069E-04 1.336E-02 1.798E+00 1.753E+00 3.153E+00 5.100E+00
    545      1.825 1.875E+00 3.670E-01 4.376E+02 9.032E-04 1.338E-02 1.878E+00 1.828E+00 3.435E+00 5.300E+00
    550      1.850 2.039E+00 4.066E-01 4.772E+02 9.009E-04 1.340E-02 1.961E+00 1.905E+00 3.738E+00 5.502E+00
    555      1.875 2.217E+00 4.500E-01 5.198E+02 9.002E-04 1.341E-02 2.047E+00 1.984E+00 4.064E+00 5.705E+00
    560      1.900 2.409E+00 4.976E-01 5.656E+02 9.009E-04 1.341E-02 2.136E+00 2.066E+00 4.415E+00 5.910E+00
    565      1.925 2.615E+00 5.498E-01 6.149E+02 9.026E-04 1.341E-02 2.227E+00 2.150E+00 4.791E+00 6.115E+00
    570      1.950 2.837E+00 6.068E-01 6.679E+02 9.050E-04 1.340E-02 2.321E+00 2.237E+00 5.195E+00 6.320E+00
    575      1.975 3.076E+00 6.693E-01 7.247E+02 9.078E-04 1.338E-02 2.417E+00 2.326E+00 5.627E+00 6.525E+00
    580      2.000 3.333E+00 7.375E-01 7.856E+02 9.108E-04 1.337E-02 2.517E+00 2.418E+00 6.090E+00 6.827E+00
    585      2.025 3.608E+00 8.120E-01 8.509E+02 9.138E-04 1.335E-02 2.619E+00 2.512E+00 6.586E+00 7.158E+00
    590      2.050 3.904E+00 8.933E-01 9.207E+02 9.165E-04 1.334E-02 2.725E+00 2.609E+00 7.117E+00 7.500E+00
    595      2.075 4.222E+00 9.820E-01 9.954E+02 9.184E-04 1.333E-02 2.833E+00 2.709E+00 7.683E+00 7.852E+00
    600      2.100 4.562E+00 1.079E+00 1.075E+03 9.193E-04 1.332E-02 2.944E+00 2.812E+00 8.289E+00 8.215E+00
    605      2.125 4.927E+00 1.184E+00 1.161E+03 9.190E-04 1.331E-02 3.059E+00 2.918E+00 8.935E+00 8.590E+00
    610      2.150 5.318E+00 1.298E+00 1.252E+03 9.177E-04 1.331E-02 3.177E+00 3.026E+00 9.624E+00 8.976E+00
    615      2.175 5.736E+00 1.423E+00 1.349E+03 9.159E-04 1.332E-02 3.298E+00 3.138E+00 1.036E+01 9.375E+00
    620      2.200 6.182E+00 1.558E+00 1.452E+03 9.144E-04 1.332E-02 3.422E+00 3.252E+00 1.114E+01 9.786E+00
    625      2.225 6.660E+00 1.705E+00 1.562E+03 9.139E-04 1.333E-02 3.549E+00 3.370E+00 1.198E+01 1.021E+01
    630      2.250 7.170E+00 1.864E+00 1.679E+03 9.148E-04 1.333E-02 3.680E+00 3.491E+00 1.286E+01 1.064E+01
    635      2.275 7.715E+00 2.037E+00 1.804E+03 9.169E-04 1.334E-02 3.814E+00 3.615E+00 1.381E+01 1.108E+01
    640      2.300 8.296E+00 2.225E+00 1.937E+03 9.196E-04 1.335E-02 3.952E+00 3.742E+00 1.481E+01 1.154E+01
    645      2.325 8.915E+00 2.428E+00 2.078E+03 9.219E-04 1.336E-02 4.093E+00 3.873E+00 1.588E+01 1.201E+01
    650      2.350 9.575E+00 2.648E+00 2.227E+03 9.227E-04 1.338E-02 4.238E+00 4.007E+00 1.701E+01 1.248E+01
    655      2.375 1.028E+01 2.886E+00 2.386E+03 9.213E-04 1.341E-02 4.386E+00 4.145E+00 1.821E+01 1.296E+01
    660      2.400 1.103E+01 3.143E+00 2.554E+03 9.177E-04 1.344E-02 4.538E+00 4.287E+00 1.949E+01 1.345E+01
    665      2.425 1.182E+01 3.421E+00 2.732E+03 9.122E-04 1.347E-02 4.694E+00 4.432E+00 2.084E+01 1.395E+01
    670      2.450 1.267E+01 3.721E+00 2.921E+03 9.062E-04 1.350E-02 4.853E+00 4.582E+00 2.227E+01 1.445E+01
    675      2.475 1.357E+01 4.044E+00 3.121E+03 9.009E-04 1.353E-02 5.017E+00 4.735E+00 2.379E+01 1.496E+01
    680      2.500 1.453E+01 4.394E+00 3.333E+03 8.976E-04 1.355E-02 5.184E+00 4.892E+00 2.540E+01 1.547E+01
    685      2.525 1.554E+01 4.770E+00 3.557E+03 8.971E-04 1.356E-02 5.355E+00 5.053E+00 2.711E+01 1.598E+01
    690      2.550 1.662E+01 5.176E+00 3.793E+03 8.993E-04 1.356E-02 5.531E+00 5.219E+00 2.891E+01 1.649E+01
    695      2.575 1.776E+01 5.613E+00 4.044E+03 9.037E-04 1.356E-02 5.710E+00 5.389E+00 3.082E+01 1.701E+01
    700      2.600 1.898E+01 6.084E+00 4.308E+03 9.094E-04 1.355E-02 5.894E+00 5.564E+00 3.284E+01 1.753E+01
    705      2.625 2.026E+01 6.589E+00 4.587E+03 9.151E-04 1.354E-02 6.081E+00 5.743E+00 3.498E+01 1.805E+01
    710      2.650 2.163E+01 7.133E+00 4.881E+03 9.200E-04 1.353E-02 6.274E+00 5.927E+00 3.724E+01 1.858E+01
    715      2.675 2.307E+01 7.718E+00 5.192E+03 9.237E-04 1.353E-02 6.470E+00 6.115E+00 3.963E+01 1.911E+01
    720      2.700 2.460E+01 8.345E+00 5.520E+03 9.261E-04 1.353E-02 6.671E+00 6.309E+00 4.216E+01 1.965E+01
    725      2.725 2.622E+01 9.019E+00 5.866E+03 9.274E-04 1.353E-02 6.877E+00 6.508E+00 4.483E+01 2.020E+01
    730      2.750 2.793E+01 9.742E+00 6.230E+03 9.280E-04 1.355E-02 7.087E+00 6.712E+00 4.765E+01 2.075E+01
    735      2.775 2.974E+01 1.052E+01 6.614E+03 9.279E-04 1.357E-02 7.303E+00 6.922E+00 5.062E+01 2.130E+01
    740      2.800 3.165E+01 1.135E+01 7.020E+03 9.269E-04 1.360E-02 7.523E+00 7.137E+00 5.377E+01 2.186E+01
    745      2.825 3.367E+01 1.224E+01 7.447E+03 9.244E-04 1.364E-02 7.749E+00 7.358E+00 5.709E+01 2.244E+01
    750      2.850 3.580E+01 1.319E+01 7.897E+03 9.201E-04 1.369E-02 7.979E+00 7.585E+00 6.060E+01 2.301E+01
    755      2.875 3.805E+01 1.421E+01 8.371E+03 9.135E-04 1.374E-02 8.215E+00 7.817E+00 6.430E+01 2.360E+01
    760      2.900 4.042E+01 1.530E+01 8.871E+03 9.050E-04 1.378E-02 8.457E+00 8.055E+00 6.821E+01 2.420E+01
    765      2.925 4.293E+01 1.647E+01 9.397E+03 8.955E-04 1.383E-02 8.705E+00 8.300E+00 7.233E+01 2.481E+01
    770      2.950 4.556E+01 1.772E+01 9.952E+03 8.864E-04 1.386E-02 8.958E+00 8.550E+00 7.668E+01 2.543E+01
    775      2.975 4.834E+01 1.905E+01 1.054E+04 8.793E-04 1.388E-02 9.217E+00 8.807E+00 8.127E+01 2.607E+01
    780      3.000 5.126E+01 2.047E+01 1.115E+04 8.755E-04 1.388E-02 9.483E+00 9.071E+00 8.610E+01 2.672E+01
    785      3.025 5.433E+01 2.199E+01 1.180E+04 8.760E-04 1.386E-02 9.755E+00 9.340E+00 9.121E+01 2.739E+01
    790      3.050 5.755E+01 2.361E+01 1.249E+04 8.806E-04 1.382E-02 1.003E+01 9.617E+00 9.658E+01 2.807E+01
    795      3.075 6.094E+01 2.533E+01 1.321E+04 8.885E-04 1.376E-02 1.032E+01 9.900E+00 1.023E+02 2.878E+01
    800      3.100 6.450E+01 2.717E+01 1.397E+04 8.980E-04 1.369E-02 1.061E+01 1.019E+01 1.082E+02 2.950E+01
    805      3.125 6.824E+01 2.913E+01 1.477E+04 9.074E-04 1.361E-02 1.091E+01 1.049E+01 1.145E+02 3.026E+01
    810      3.150 7.216E+01 3.122E+01 1.561E+04 9.153E-04 1.352E-02 1.122E+01 1.079E+01 1.211E+02 3.104E+01
    815      3.175 7.626E+01 3.344E+01 1.650E+04 9.207E-04 1.344E-02 1.153E+01 1.110E+01 1.281E+02 3.186E+01
    820      3.200 8.057E+01 3.580E+01 1.744E+04 9.234E-04 1.336E-02 1.186E+01 1.142E+01 1.355E+02 3.272E+01
    825      3.225 8.507E+01 3.831E+01 1.842E+04 9.238E-04 1.328E-02 1.219E+01 1.174E+01 1.432E+02 3.361E+01
    830      3.250 8.978E+01 4.098E+01 1.946E+04 9.225E-04 1.321E-02 1.253E+01 1.207E+01 1.513E+02 3.454E+01
    835      3.275 9.472E+01 4.382E+01 2.055E+04 9.204E-04 1.315E-02 1.287E+01 1.241E+01 1.599E+02 3.549E+01
    840      3.300 9.987E+01 4.683E+01 2.170E+04 9.180E-04 1.308E-02 1.323E+01 1.276E+01 1.689E+02 3.647E+01
    845      3.325 1.053E+02 5.003E+01 2.291E+04 9.156E-04 1.302E-02 1.359E+01 1.311E+01 1.783E+02 3.748E+01
    850      3.350 1.109E+02 5.342E+01 2.419E+04 9.132E-04 1.296E-02 1.396E+01 1.347E+01 1.882E+02 3.850E+01
    855      3.375 1.168E+02 5.702E+01 2.553E+04 9.108E-04 1.290E-02 1.435E+01 1.384E+01 1.986E+02 3.953E+01
    860      3.400 1.229E+02 6.083E+01 2.693E+04 9.083E-04 1.284E-02 1.474E+01 1.421E+01 2.096E+02 4.058E+01
    865      3.425 1.293E+02 6.487E+01 2.841E+04 9.062E-04 1.277E-02 1.514E+01 1.460E+01 2.211E+02 4.164E+01
    870      3.450 1.360E+02 6.914E+01 2.997E+04 9.050E-04 1.270E-02 1.554E+01 1.499E+01 2.331E+02 4.271E+01
    875      3.475 1.430E+02 7.367E+01 3.160E+04 9.052E-04 1.263E-02 1.596E+01 1.538E+01 2.457E+02 4.378E+01
    880      3.500 1.503E+02 7.846E+01 3.331E+04 9.072E-04 1.255E-02 1.639E+01 1.579E+01 2.590E+02 4.486E+01
    885      3.525 1.579E+02 8.352E+01 3.511E+04 9.110E-04 1.246E-02 1.683E+01 1.620E+01 2.728E+02 4.594E+01
    890      3.550 1.658E+02 8.888E+01 3.700E+04 9.160E-04 1.237E-02 1.727E+01 1.663E+01 2.874E+02 4.703E+01
    895      3.575 1.741E+02 9.453E+01 3.898E+04 9.213E-04 1.228E-02 1.773E+01 1.706E+01 3.026E+02 4.811E+01
    900      3.600 1.827E+02 1.005E+02 4.105E+04 9.257E-04 1.220E-02 1.819E+01 1.749E+01 3.185E+02 4.918E+01
    905      3.625 1.917E+02 1.068E+02 4.322E+04 9.283E-04 1.212E-02 1.867E+01 1.794E+01 3.352E+02 5.025E+01
    910      3.650 2.011E+02 1.135E+02 4.550E+04 9.286E-04 1.205E-02 1.915E+01 1.839E+01 3.526E+02 5.132E+01
    915      3.675 2.109E+02 1.205E+02 4.788E+04 9.267E-04 1.199E-02 1.965E+01 1.886E+01 3.708E+02 5.237E+01
    920      3.700 2.211E+02 1.279E+02 5.037E+04 9.236E-04 1.194E-02 2.015E+01 1.933E+01 3.899E+02 5.341E+01
    925      3.725 2.317E+02 1.357E+02 5.298E+04 9.206E-04 1.189E-02 2.067E+01 1.981E+01 4.098E+02 5.444E+01
    930      3.750 2.428E+02 1.440E+02 5.570E+04 9.192E-04 1.185E-02 2.119E+01 2.030E+01 4.306E+02 5.546E+01
    935      3.775 2.544E+02 1.526E+02 5.855E+04 9.207E-04 1.181E-02 2.173E+01 2.080E+01 4.524E+02 5.647E+01
    940      3.800 2.664E+02 1.618E+02 6.153E+04 9.255E-04 1.177E-02 2.227E+01 2.131E+01 4.750E+02 5.746E+01
    945      3.825 2.790E+02 1.714E+02 6.465E+04 9.332E-04 1.175E-02 2.283E+01 2.182E+01 4.987E+02 5.844E+01
    950      3.850 2.921E+02 1.815E+02 6.790E+04 9.427E-04 1.173E-02 2.340E+01 2.235E+01 5.235E+02 5.941E+01
    955      3.875 3.057E+02 1.921E+02 7.129E+04 9.519E-04 1.173E-02 2.398E+01 2.288E+01 5.493E+02 6.037E+01
    960      3.900 3.199E+02 2.033E+02 7.484E+04 9.588E-04 1.176E-02 2.456E+01 2.343E+01 5.762E+02 6.131E+01
    965      3.925 3.347E+02 2.151E+02 7.854E+04 9.612E-04 1.182E-02 2.516E+01 2.398E+01 6.042E+02 6.223E+01
    970      3.950 3.500E+02 2.275E+02 8.240E+04 9.582E-04 1.190E-02 2.578E+01 2.455E+01 6.335E+02 6.314E+01
    975      3.975 3.661E+02 2.405E+02 8.642E+04 9.493E-04 1.201E-02 2.640E+01 2.512E+01 6.639E+02 6.404E+01
    980      4.000 3.827E+02 2.542E+02 9.063E+04 9.357E-04 1.214E-02 2.703E+01 2.570E+01 6.957E+02 6.492E+01
    985      4.025 4.000E+02 2.685E+02 9.501E+04 9.191E-04 1.229E-02 2.768E+01 2.630E+01 7.288E+02 6.579E+01
    990      4.050 4.180E+02 2.836E+02 9.958E+04 9.020E-04 1.243E-02 2.834E+01 2.690E+01 7.633E+02 6.665E+01
    995      4.075 4.367E+02 2.994E+02 1.043E+05 8.866E-04 1.257E-02 2.901E+01 2.751E+01 7.991E+02 6.750E+01
   1000      4.100 4.561E+02 3.160E+02 1.093E+05 8.751E-04 1.268E-02 2.969E+01 2.814E+01 8.365E+02 6.835E+01
   1005      4.125 4.763E+02 3.334E+02 1.145E+05 8.686E-04 1.278E-02 3.038E+01 2.877E+01 8.753E+02 6.919E+01
   1010      4.150 4.972E+02 3.517E+02 1.199E+05 8.674E-04 1.285E-02 3.109E+01 2.941E+01 9.157E+02 7.002E+01
   1015      4.175 5.188E+02 3.708E+02 1.255E+05 8.707E-04 1.289E-02 3.181E+01 3.006E+01 9.578E+02 7.084E+01
   1020      4.200 5.413E+02 3.909E+02 1.314E+05 8.773E-04 1.290E-02 3.254E+01 3.072E+01 1.001E+03 7.192E+01
   1025      4.225 5.646E+02 4.120E+02 1.374E+05 8.859E-04 1.289E-02 3.329E+01 3.140E+01 1.047E+03 7.333E+01
   1030      4.250 5.887E+02 4.340E+02 1.438E+05 8.951E-04 1.287E-02 3.405E+01 3.208E+01 1.094E+03 7.475E+01
   1035      4.275 6.136E+02 4.571E+02 1.504E+05 9.038E-04 1.284E-02 3.482E+01 3.277E+01 1.143E+03 7.617E+01
   1040      4.300 6.395E+02 4.813E+02 1.573E+05 9.115E-04 1.280E-02 3.561E+01 3.347E+01 1.194E+03 7.759E+01
   1045      4.325 6.661E+02 5.067E+02 1.644E+05 9.179E-04 1.276E-02 3.641E+01 3.418E+01 1.247E+03 7.902E+01
   1050      4.350 6.937E+02 5.332E+02 1.719E+05 9.230E-04 1.272E-02 3.722E+01 3.490E+01 1.302E+03 8.046E+01
   1055      4.375 7.222E+02 5.609E+02 1.796E+05 9.266E-04 1.268E-02 3.805E+01 3.563E+01 1.359E+03 8.192E+01
   1060      4.400 7.516E+02 5.899E+02 1.876E+05 9.286E-04 1.265E-02 3.890E+01 3.637E+01 1.418E+03 8.338E+01
   1065      4.425 7.820E+02 6.203E+02 1.960E+05 9.289E-04 1.263E-02 3.975E+01 3.712E+01 1.479E+03 8.485E+01
   1070      4.450 8.133E+02 6.520E+02 2.047E+05 9.274E-04 1.262E-02 4.062E+01 3.788E+01 1.543E+03 8.635E+01
   1075      4.475 8.456E+02 6.852E+02 2.137E+05 9.240E-04 1.262E-02 4.151E+01 3.865E+01 1.608E+03 8.786E+01
   1080      4.500 8.789E+02 7.199E+02 2.230E+05 9.193E-04 1.262E-02 4.241E+01 3.943E+01 1.677E+03 8.938E+01
   1085      4.525 9.132E+02 7.561E+02 2.327E+05 9.138E-04 1.263E-02 4.332E+01 4.022E+01 1.747E+03 9.093E+01
   1090      4.550 9.486E+02 7.939E+02 2.428E+05 9.085E-04 1.263E-02 4.425E+01 4.102E+01 1.820E+03 9.249E+01
   1095      4.575 9.850E+02 8.334E+02 2.533E+05 9.042E-04 1.263E-02 4.519E+01 4.183E+01 1.896E+03 9.408E+01
   1100      4.600 1.022E+03 8.746E+02 2.641E+05 9.017E-04 1.263E-02 4.614E+01 4.265E+01 1.974E+03 9.570E+01
   1105      4.625 1.061E+03 9.176E+02 2.753E+05 9.012E-04 1.262E-02 4.711E+01 4.348E+01 2.055E+03 9.735E+01
   1110      4.650 1.101E+03 9.625E+02 2.869E+05 9.025E-04 1.260E-02 4.810E+01 4.432E+01 2.139E+03 9.903E+01
   1115      4.675 1.142E+03 1.009E+03 2.990E+05 9.051E-04 1.257E-02 4.910E+01 4.517E+01 2.225E+03 1.007E+02
   1120      4.700 1.184E+03 1.058E+03 3.114E+05 9.082E-04 1.254E-02 5.011E+01 4.603E+01 2.315E+03 1.025E+02
   1125      4.725 1.227E+03 1.109E+03 3.243E+05 9.110E-04 1.251E-02 5.114E+01 4.690E+01 2.407E+03 1.042E+02
   1130      4.750 1.272E+03 1.162E+03 3.376E+05 9.129E-04 1.247E-02 5.218E+01 4.778E+01 2.503E+03 1.060E+02
   1135      4.775 1.318E+03 1.217E+03 3.514E+05 9.139E-04 1.243E-02 5.323E+01 4.867E+01 2.601E+03 1.079E+02
   1140      4.800 1.365E+03 1.275E+03 3.657E+05 9.142E-04 1.239E-02 5.430E+01 4.957E+01 2.703E+03 1.098E+02
   1145      4.825 1.413E+03 1.334E+03 3.804E+05 9.141E-04 1.235E-02 5.538E+01 5.049E+01 2.808E+03 1.117E+02
   1150      4.850 1.463E+03 1.397E+03 3.955E+05 9.143E-04 1.231E-02 5.647E+01 5.141E+01 2.916E+03 1.136E+02
   1155      4.875 1.514E+03 1.461E+03 4.112E+05 9.149E-04 1.227E-02 5.758E+01 5.235E+01 3.028E+03 1.156E+02
   1160      4.900 1.567E+03 1.529E+03 4.274E+05 9.161E-04 1.223E-02 5.870E+01 5.329E+01 3.143E+03 1.177E+02
   1165      4.925 1.621E+03 1.599E+03 4.441E+05 9.174E-04 1.219E-02 5.984E+01 5.425E+01 3.262E+03 1.197E+02
   1170      4.950 1.677E+03 1.672E+03 4.613E+05 9.183E-04 1.216E-02 6.099E+01 5.522E+01 3.384E+03 1.218E+02
   1175      4.975 1.735E+03 1.748E+03 4.791E+05 9.185E-04 1.212E-02 6.215E+01 5.620E+01 3.511E+03 1.239E+02
   1180      5.000 1.794E+03 1.826E+03 4.974E+05 9.177E-04 1.209E-02 6.333E+01 5.720E+01 3.641E+03 1.261E+02
   1185      5.025 1.855E+03 1.908E+03 5.162E+05 9.166E-04 1.206E-02 6.451E+01 5.820E+01 3.775E+03 1.283E+02
   1190      5.050 1.917E+03 1.993E+03 5.356E+05 9.163E-04 1.203E-02 6.572E+01 5.922E+01 3.913E+03 1.306E+02
   1195      5.075 1.982E+03 2.081E+03 5.556E+05 9.181E-04 1.200E-02 6.693E+01 6.025E+01 4.055E+03 1.328E+02
   1200      5.100 2.048E+03 2.173E+03 5.762E+05 9.234E-04 1.198E-02 6.816E+01 6.130E+01 4.202E+03 1.351E+02
   1205      5.125 2.117E+03 2.268E+03 5.973E+05 9.328E-04 1.196E-02 6.940E+01 6.236E+01 4.352E+03 1.374E+02
   1210      5.150 2.187E+03 2.367E+03 6.191E+05 9.456E-04 1.195E-02 7.065E+01 6.343E+01 4.508E+03 1.398E+02
   1215      5.175 2.260E+03 2.469E+03 6.415E+05 9.600E-04 1.196E-02 7.192E+01 6.452E+01 4.667E+03 1.422E+02
   1220      5.200 2.335E+03 2.575E+03 6.645E+05 9.730E-04 1.200E-02 7.320E+01 6.562E+01 4.832E+03 1.446E+02
   1225      5.225 2.412E+03 2.685E+03 6.882E+05 9.811E-04 1.208E-02 7.449E+01 6.673E+01 5.001E+03 1.470E+02
   1230      5.250 2.491E+03 2.799E+03 7.125E+05 9.811E-04 1.220E-02 7.580E+01 6.786E+01 5.175E+03 1.495E+02
   1235      5.275 2.574E+03 2.918E+03 7.375E+05 9.715E-04 1.235E-02 7.711E+01 6.900E+01 5.354E+03 1.519E+02
   1240      5.300 2.658E+03 3.040E+03 7.632E+05 9.525E-04 1.254E-02 7.844E+01 7.017E+01 5.538E+03 1.544E+02
   1245      5.325 2.746E+03 3.167E+03 7.895E+05 9.265E-04 1.275E-02 7.979E+01 7.134E+01 5.728E+03 1.569E+02
   1250      5.350 2.837E+03 3.299E+03 8.166E+05 8.980E-04 1.296E-02 8.114E+01 7.254E+01 5.923E+03 1.595E+02
   1255      5.375 2.930E+03 3.435E+03 8.444E+05 8.719E-04 1.315E-02 8.251E+01 7.375E+01 6.123E+03 1.620E+02
   1260      5.400 3.027E+03 3.577E+03 8.729E+05 8.530E-04 1.332E-02 8.389E+01 7.497E+01 6.330E+03 1.646E+02
   1265      5.425 3.127E+03 3.723E+03 9.022E+05 8.444E-04 1.346E-02 8.529E+01 7.622E+01 6.542E+03 1.671E+02
   1270      5.450 3.231E+03 3.875E+03 9.322E+05 8.471E-04 1.355E-02 8.670E+01 7.748E+01 6.760E+03 1.697E+02
   1275      5.475 3.338E+03 4.032E+03 9.630E+05 8.596E-04 1.361E-02 8.812E+01 7.876E+01 6.984E+03 1.722E+02
   1280      5.500 3.449E+03 4.194E+03 9.945E+05 8.786E-04 1.364E-02 8.955E+01 8.007E+01 7.215E+03 1.750E+02
   1285      5.525 3.564E+03 4.363E+03 1.027E+06 8.996E-04 1.365E-02 9.099E+01 8.139E+01 7.452E+03 1.787E+02
   1290      5.550 3.683E+03 4.537E+03 1.060E+06 9.181E-04 1.365E-02 9.245E+01 8.273E+01 7.696E+03 1.824E+02
   1295      5.575 3.807E+03 4.717E+03 1.094E+06 9.309E-04 1.365E-02 9.393E+01 8.409E+01 7.947E+03 1.862E+02
   1300      5.600 3.935E+03 4.904E+03 1.129E+06 9.359E-04 1.366E-02 9.541E+01 8.548E+01 8.205E+03 1.900E+02
   1305      5.625 4.068E+03 5.097E+03 1.165E+06 9.333E-04 1.368E-02 9.691E+01 8.688E+01 8.470E+03 1.938E+02
   1310      5.650 4.206E+03 5.297E+03 1.202E+06 9.246E-04 1.372E-02 9.843E+01 8.831E+01 8.743E+03 1.977E+02
   1315      5.675 4.349E+03 5.504E+03 1.239E+06 9.124E-04 1.375E-02 9.995E+01 8.977E+01 9.024E+03 2.016E+02
   1320      5.700 4.497E+03 5.719E+03 1.278E+06 8.997E-04 1.379E-02 1.015E+02 9.124E+01 9.313E+03 2.056E+02
   1325      5.725 4.651E+03 5.940E+03 1.317E+06 8.895E-04 1.382E-02 1.031E+02 9.274E+01 9.611E+03 2.095E+02
   1330      5.750 4.811E+03 6.170E+03 1.358E+06 8.837E-04 1.383E-02 1.046E+02 9.427E+01 9.916E+03 2.135E+02
   1335      5.775 4.977E+03 6.408E+03 1.399E+06 8.833E-04 1.383E-02 1.062E+02 9.582E+01 1.023E+04 2.175E+02
   1340      5.800 5.149E+03 6.654E+03 1.442E+06 8.882E-04 1.381E-02 1.078E+02 9.740E+01 1.056E+04 2.216E+02
   1345      5.825 5.327E+03 6.908E+03 1.485E+06 8.973E-04 1.378E-02 1.094E+02 9.900E+01 1.089E+04 2.256E+02
   1350      5.850 5.512E+03 7.172E+03 1.530E+06 9.083E-04 1.373E-02 1.111E+02 1.006E+02 1.123E+04 2.296E+02
   1355      5.875 5.705E+03 7.445E+03 1.576E+06 9.191E-04 1.369E-02 1.127E+02 1.023E+02 1.158E+04 2.337E+02
   1360      5.900 5.904E+03 7.727E+03 1.623E+06 9.273E-04 1.364E-02 1.144E+02 1.040E+02 1.195E+04 2.378E+02
   1365      5.925 6.111E+03 8.020E+03 1.671E+06 9.313E-04 1.360E-02 1.161E+02 1.057E+02 1.232E+04 2.418E+02
   1370      5.950 6.325E+03 8.323E+03 1.721E+06 9.304E-04 1.358E-02 1.178E+02 1.074E+02 1.271E+04 2.459E+02
   1375      5.975 6.547E+03 8.636E+03 1.772E+06 9.252E-04 1.356E-02 1.195E+02 1.092E+02 1.311E+04 2.499E+02
   1380      6.000 6.777E+03 8.961E+03 1.824E+06 9.170E-04 1.354E-02 1.213E+02 1.110E+02 1.352E+04 2.540E+02
   1385      6.025 7.015E+03 9.297E+03 1.878E+06 9.084E-04 1.353E-02 1.230E+02 1.128E+02 1.394E+04 2.580E+02
   1390      6.050 7.261E+03 9.645E+03 1.933E+06 9.017E-04 1.351E-02 1.248E+02 1.147E+02 1.437E+04 2.620E+02
   1395      6.075 7.516E+03 1.001E+04 1.990E+06 8.990E-04 1.349E-02 1.267E+02 1.166E+02 1.482E+04 2.660E+02
   1400      6.100 7.780E+03 1.038E+04 2.048E+06 9.015E-04 1.346E-02 1.285E+02 1.185E+02 1.528E+04 2.700E+02
   1405      6.125 8.052E+03 1.077E+04 2.108E+06 9.089E-04 1.342E-02 1.304E+02 1.205E+02 1.575E+04 2.739E+02
   1410      6.150 8.334E+03 1.117E+04 2.169E+06 9.196E-04 1.338E-02 1.323E+02 1.225E+02 1.624E+04 2.779E+02
   1415      6.175 8.625E+03 1.158E+04 2.233E+06 9.309E-04 1.334E-02 1.342E+02 1.245E+02 1.675E+04 2.818E+02
   1420      6.200 8.924E+03 1.201E+04 2.298E+06 9.401E-04 1.331E-02 1.361E+02 1.265E+02 1.727E+04 2.857E+02
   1425      6.225 9.234E+03 1.246E+04 2.366E+06 9.445E-04 1.329E-02 1.381E+02 1.286E+02 1.781E+04 2.896E+02
   1430      6.250 9.552E+03 1.292E+04 2.435E+06 9.429E-04 1.329E-02 1.401E+02 1.307E+02 1.836E+04 2.935E+02
   1435      6.275 9.881E+03 1.340E+04 2.507E+06 9.354E-04 1.330E-02 1.422E+02 1.328E+02 1.893E+04 2.974E+02
   1440      6.300 1.022E+04 1.389E+04 2.580E+06 9.236E-04 1.333E-02 1.442E+02 1.350E+02 1.952E+04 3.012E+02
   1445      6.325 1.057E+04 1.440E+04 2.656E+06 9.104E-04 1.336E-02 1.463E+02 1.372E+02 2.012E+04 3.050E+02
   1450      6.350 1.092E+04 1.494E+04 2.735E+06 8.986E-04 1.339E-02 1.485E+02 1.394E+02 2.075E+04 3.088E+02
   1455      6.375 1.129E+04 1.549E+04 2.816E+06 8.908E-04 1.341E-02 1.507E+02 1.417E+02 2.139E+04 3.126E+02
   1460      6.400 1.167E+04 1.606E+04 2.899E+06 8.882E-04 1.342E-02 1.529E+02 1.440E+02 2.206E+04 3.163E+02
   1465      6.425 1.205E+04 1.665E+04 2.986E+06 8.907E-04 1.342E-02 1.552E+02 1.463E+02 2.274E+04 3.200E+02
   1470      6.450 1.245E+04 1.726E+04 3.075E+06 8.968E-04 1.339E-02 1.575E+02 1.487E+02 2.345E+04 3.237E+02
   1475      6.475 1.286E+04 1.789E+04 3.167E+06 9.045E-04 1.336E-02 1.598E+02 1.510E+02 2.417E+04 3.273E+02
   1480      6.500 1.327E+04 1.855E+04 3.262E+06 9.112E-04 1.333E-02 1.622E+02 1.534E+02 2.492E+04 3.310E+02
   1485      6.525 1.370E+04 1.923E+04 3.361E+06 9.154E-04 1.329E-02 1.646E+02 1.559E+02 2.570E+04 3.346E+02
   1490      6.550 1.413E+04 1.994E+04 3.463E+06 9.164E-04 1.325E-02 1.671E+02 1.583E+02 2.649E+04 3.381E+02
   1495      6.575 1.458E+04 2.067E+04 3.568E+06 9.144E-04 1.322E-02 1.696E+02 1.608E+02 2.731E+04 3.417E+02
   1500      6.600 1.503E+04 2.142E+04 3.677E+06 9.109E-04 1.318E-02 1.722E+02 1.633E+02 2.816E+04 3.451E+02
   1505      6.625 1.549E+04 2.221E+04 3.789E+06 9.074E-04 1.314E-02 1.748E+02 1.658E+02 2.903E+04 3.486E+02
   1510      6.650 1.597E+04 2.302E+04 3.906E+06 9.055E-04 1.309E-02 1.775E+02 1.684E+02 2.992E+04 3.520E+02
   1515      6.675 1.645E+04 2.386E+04 4.026E+06 9.060E-04 1.304E-02 1.802E+02 1.710E+02 3.084E+04 3.554E+02
   1520      6.700 1.694E+04 2.472E+04 4.150E+06 9.091E-04 1.299E-02 1.829E+02 1.736E+02 3.179E+04 3.588E+02
   1525      6.725 1.744E+04 2.562E+04 4.279E+06 9.140E-04 1.293E-02 1.857E+02 1.762E+02 3.277E+04 3.621E+02
   1530      6.750 1.795E+04 2.655E+04 4.412E+06 9.193E-04 1.287E-02 1.886E+02 1.788E+02 3.377E+04 3.654E+02
   1535      6.775 1.846E+04 2.751E+04 4.550E+06 9.237E-04 1.282E-02 1.915E+02 1.815E+02 3.481E+04 3.687E+02
   1540      6.800 1.899E+04 2.851E+04 4.692E+06 9.259E-04 1.277E-02 1.945E+02 1.842E+02 3.587E+04 3.719E+02
   1545      6.825 1.952E+04 2.954E+04 4.839E+06 9.255E-04 1.272E-02 1.975E+02 1.869E+02 3.697E+04 3.751E+02
   1550      6.850 2.006E+04 3.060E+04 4.991E+06 9.227E-04 1.268E-02 2.006E+02 1.896E+02 3.809E+04 3.783E+02
   1555      6.875 2.062E+04 3.170E+04 5.148E+06 9.186E-04 1.265E-02 2.037E+02 1.923E+02 3.924E+04 3.815E+02
   1560      6.900 2.117E+04 3.284E+04 5.310E+06 9.147E-04 1.261E-02 2.069E+02 1.951E+02 4.043E+04 3.846E+02
   1565      6.925 2.174E+04 3.401E+04 5.478E+06 9.127E-04 1.258E-02 2.102E+02 1.978E+02 4.165E+04 3.877E+02
   1570      6.950 2.231E+04 3.523E+04 5.651E+06 9.135E-04 1.255E-02 2.135E+02 2.006E+02 4.290E+04 3.908E+02
   1575      6.975 2.290E+04 3.648E+04 5.829E+06 9.177E-04 1.251E-02 2.168E+02 2.034E+02 4.418E+04 3.939E+02
   1580      7.000 2.349E+04 3.778E+04 6.014E+06 9.245E-04 1.248E-02 2.202E+02 2.062E+02 4.550E+04 3.969E+02
   1585      7.025 2.408E+04 3.911E+04 6.204E+06 9.324E-04 1.246E-02 2.237E+02 2.090E+02 4.685E+04 3.999E+02
   1590      7.050 2.469E+04 4.049E+04 6.400E+06 9.393E-04 1.244E-02 2.272E+02 2.118E+02 4.824E+04 4.029E+02
   1595      7.075 2.530E+04 4.191E+04 6.603E+06 9.433E-04 1.244E-02 2.307E+02 2.147E+02 4.966E+04 4.059E+02
   1600      7.100 2.592E+04 4.338E+04 6.812E+06 9.428E-04 1.245E-02 2.344E+02 2.175E+02 5.112E+04 4.089E+02
   1605      7.125 2.655E+04 4.490E+04 7.027E+06 9.372E-04 1.249E-02 2.380E+02 2.204E+02 5.261E+04 4.119E+02
   1610      7.150 2.718E+04 4.646E+04 7.248E+06 9.271E-04 1.253E-02 2.418E+02 2.232E+02 5.414E+04 4.150E+02
   1615      7.175 2.782E+04 4.807E+04 7.477E+06 9.140E-04 1.258E-02 2.455E+02 2.261E+02 5.570E+04 4.180E+02
   1620      7.200 2.847E+04 4.973E+04 7.712E+06 9.000E-04 1.264E-02 2.494E+02 2.290E+02 5.731E+04 4.211E+02
   1625      7.225 2.912E+04 5.144E+04 7.954E+06 8.872E-04 1.268E-02 2.532E+02 2.319E+02 5.895E+04 4.259E+02
   1630      7.250 2.979E+04 5.320E+04 8.203E+06 8.774E-04 1.271E-02 2.572E+02 2.347E+02 6.062E+04 4.322E+02
   1635      7.275 3.045E+04 5.501E+04 8.459E+06 8.715E-04 1.271E-02 2.612E+02 2.376E+02 6.234E+04 4.386E+02
   1640      7.300 3.113E+04 5.688E+04 8.722E+06 8.698E-04 1.269E-02 2.652E+02 2.405E+02 6.409E+04 4.451E+02
   1645      7.325 3.181E+04 5.880E+04 8.993E+06 8.721E-04 1.264E-02 2.693E+02 2.434E+02 6.588E+04 4.517E+02
   1650      7.350 3.250E+04 6.077E+04 9.271E+06 8.777E-04 1.257E-02 2.734E+02 2.463E+02 6.771E+04 4.583E+02
   1655      7.375 3.320E+04 6.281E+04 9.557E+06 8.860E-04 1.247E-02 2.776E+02 2.492E+02 6.958E+04 4.650E+02
   1660      7.400 3.391E+04 6.490E+04 9.850E+06 8.961E-04 1.236E-02 2.818E+02 2.521E+02 7.148E+04 4.719E+02
   1665      7.425 3.462E+04 6.705E+04 1.015E+07 9.074E-04 1.224E-02 2.861E+02 2.550E+02 7.343E+04 4.789E+02
   1670      7.450 3.534E+04 6.926E+04 1.046E+07 9.186E-04 1.210E-02 2.904E+02 2.579E+02 7.542E+04 4.859E+02
   1675      7.475 3.606E+04 7.153E+04 1.078E+07 9.284E-04 1.197E-02 2.948E+02 2.607E+02 7.744E+04 4.931E+02
   1680      7.500 3.680E+04 7.387E+04 1.110E+07 9.354E-04 1.185E-02 2.992E+02 2.636E+02 7.950E+04 5.005E+02
   1685      7.525 3.754E+04 7.626E+04 1.144E+07 9.382E-04 1.174E-02 3.036E+02 2.665E+02 8.161E+04 5.080E+02
   1690      7.550 3.828E+04 7.873E+04 1.178E+07 9.362E-04 1.164E-02 3.081E+02 2.693E+02 8.375E+04 5.156E+02
   1695      7.575 3.904E+04 8.125E+04 1.213E+07 9.298E-04 1.155E-02 3.127E+02 2.722E+02 8.593E+04 5.234E+02
   1700      7.600 3.981E+04 8.385E+04 1.248E+07 9.210E-04 1.148E-02 3.173E+02 2.750E+02 8.815E+04 5.315E+02
   1705      7.625 4.058E+04 8.651E+04 1.285E+07 9.128E-04 1.140E-02 3.219E+02 2.779E+02 9.041E+04 5.397E+02
   1710      7.650 4.136E+04 8.924E+04 1.322E+07 9.087E-04 1.133E-02 3.265E+02 2.807E+02 9.271E+04 5.483E+02
   1715      7.675 4.215E+04 9.204E+04 1.361E+07 9.117E-04 1.125E-02 3.312E+02 2.835E+02 9.505E+04 5.571E+02
   1720      7.700 4.295E+04 9.491E+04 1.400E+07 9.233E-04 1.117E-02 3.360E+02 2.863E+02 9.743E+04 5.663E+02
   1725      7.725 4.375E+04 9.785E+04 1.440E+07 9.428E-04 1.109E-02 3.407E+02 2.891E+02 9.984E+04 5.761E+02
   1730      7.750 4.457E+04 1.009E+05 1.481E+07 9.668E-04 1.104E-02 3.456E+02 2.919E+02 1.023E+05 5.867E+02
   1735      7.775 4.539E+04 1.040E+05 1.523E+07 9.902E-04 1.102E-02 3.504E+02 2.946E+02 1.048E+05 5.976E+02
   1740      7.800 4.623E+04 1.071E+05 1.565E+07 1.007E-03 1.105E-02 3.553E+02 2.973E+02 1.073E+05 6.088E+02
   1745      7.825 4.707E+04 1.104E+05 1.609E+07 1.012E-03 1.114E-02 3.602E+02 3.001E+02 1.099E+05 6.201E+02
   1750      7.850 4.793E+04 1.137E+05 1.653E+07 1.003E-03 1.129E-02 3.651E+02 3.028E+02 1.125E+05 6.315E+02
   1755      7.875 4.879E+04 1.171E+05 1.699E+07 9.791E-04 1.150E-02 3.701E+02 3.054E+02 1.151E+05 6.430E+02
   1760      7.900 4.967E+04 1.206E+05 1.745E+07 9.441E-04 1.175E-02 3.751E+02 3.081E+02 1.178E+05 6.547E+02
   1765      7.925 5.055E+04 1.241E+05 1.792E+07 9.041E-04 1.201E-02 3.801E+02 3.107E+02 1.205E+05 6.664E+02
   1770      7.950 5.145E+04 1.278E+05 1.840E+07 8.660E-04 1.225E-02 3.852E+02 3.133E+02 1.233E+05 6.782E+02
   1775      7.975 5.236E+04 1.315E+05 1.889E+07 8.367E-04 1.247E-02 3.902E+02 3.159E+02 1.260E+05 6.901E+02
   1780      8.000 5.328E+04 1.353E+05 1.938E+07 8.208E-04 1.263E-02 3.953E+02 3.184E+02 1.289E+05 7.021E+02
   1785      8.025 5.421E+04 1.392E+05 1.989E+07 8.198E-04 1.274E-02 4.005E+02 3.210E+02 1.317E+05 7.141E+02
   1790      8.050 5.515E+04 1.432E+05 2.041E+07 8.323E-04 1.279E-02 4.056E+02 3.235E+02 1.346E+05 7.262E+02
   1795      8.075 5.611E+04 1.472E+05 2.093E+07 8.544E-04 1.279E-02 4.108E+02 3.259E+02 1.375E+05 7.384E+02
   1800      8.100 5.708E+04 1.514E+05 2.146E+07 8.807E-04 1.276E-02 4.160E+02 3.284E+02 1.404E+05 7.507E+02
   1805      8.125 5.806E+04 1.556E+05 2.200E+07 9.060E-04 1.271E-02 4.212E+02 3.308E+02 1.434E+05 7.630E+02
   1810      8.150 5.906E+04 1.600E+05 2.255E+07 9.258E-04 1.265E-02 4.264E+02 3.331E+02 1.464E+05 7.753E+02
   1815      8.175 6.007E+04 1.644E+05 2.311E+07 9.379E-04 1.260E-02 4.317E+02 3.355E+02 1.494E+05 7.877E+02
   1820      8.200 6.109E+04 1.689E+05 2.368E+07 9.417E-04 1.256E-02 4.369E+02 3.378E+02 1.525E+05 8.001E+02
   1825      8.225 6.213E+04 1.735E+05 2.425E+07 9.384E-04 1.254E-02 4.422E+02 3.400E+02 1.556E+05 8.126E+02
   1830      8.250 6.318E+04 1.782E+05 2.484E+07 9.305E-04 1.253E-02 4.475E+02 3.422E+02 1.587E+05 8.251E+02
   1835      8.275 6.425E+04 1.830E+05 2.543E+07 9.211E-04 1.253E-02 4.528E+02 3.444E+02 1.618E+05 8.377E+02
   1840      8.300 6.533E+04 1.879E+05 2.603E+07 9.133E-04 1.254E-02 4.581E+02 3.466E+02 1.650E+05 8.503E+02
   1845      8.325 6.642E+04 1.930E+05 2.664E+07 9.098E-04 1.254E-02 4.634E+02 3.486E+02 1.682E+05 8.629E+02
   1850      8.350 6.754E+04 1.981E+05 2.725E+07 9.121E-04 1.254E-02 4.688E+02 3.507E+02 1.714E+05 8.756E+02
   1855      8.375 6.866E+04 2.033E+05 2.788E+07 9.209E-04 1.254E-02 4.741E+02 3.527E+02 1.746E+05 8.882E+02
   1860      8.400 6.981E+04 2.086E+05 2.851E+07 9.350E-04 1.254E-02 4.794E+02 3.546E+02 1.778E+05 9.009E+02
   1865      8.425 7.096E+04 2.140E+05 2.915E+07 9.521E-04 1.256E-02 4.848E+02 3.565E+02 1.811E+05 9.136E+02
   1870      8.450 7.214E+04 2.195E+05 2.979E+07 9.687E-04 1.260E-02 4.901E+02 3.584E+02 1.843E+05 9.264E+02
   1875      8.475 7.333E+04 2.251E+05 3.045E+07 9.808E-04 1.267E-02 4.955E+02 3.602E+02 1.876E+05 9.391E+02
   1880      8.500 7.454E+04 2.309E+05 3.111E+07 9.849E-04 1.277E-02 5.008E+02 3.619E+02 1.909E+05 9.519E+02
   1885      8.525 7.576E+04 2.367E+05 3.177E+07 9.786E-04 1.292E-02 5.062E+02 3.636E+02 1.942E+05 9.646E+02
   1890      8.550 7.701E+04 2.427E+05 3.245E+07 9.617E-04 1.310E-02 5.115E+02 3.653E+02 1.975E+05 9.774E+02
   1895      8.575 7.827E+04 2.487E+05 3.313E+07 9.362E-04 1.331E-02 5.168E+02 3.668E+02 2.008E+05 9.902E+02
   1900      8.600 7.954E+04 2.549E+05 3.381E+07 9.059E-04 1.352E-02 5.222E+02 3.683E+02 2.042E+05 1.003E+03
   1905      8.625 8.084E+04 2.612E+05 3.451E+07 8.762E-04 1.372E-02 5.275E+02 3.698E+02 2.075E+05 1.016E+03
   1910      8.650 8.215E+04 2.676E+05 3.520E+07 8.521E-04 1.390E-02 5.328E+02 3.712E+02 2.108E+05 1.028E+03
   1915      8.675 8.349E+04 2.742E+05 3.591E+07 8.378E-04 1.405E-02 5.381E+02 3.725E+02 2.141E+05 1.041E+03
   1920      8.700 8.484E+04 2.808E+05 3.662E+07 8.351E-04 1.415E-02 5.434E+02 3.738E+02 2.175E+05 1.054E+03
   1925      8.725 8.621E+04 2.876E+05 3.733E+07 8.434E-04 1.422E-02 5.486E+02 3.750E+02 2.208E+05 1.066E+03
   1930      8.750 8.760E+04 2.945E+05 3.805E+07 8.600E-04 1.424E-02 5.539E+02 3.761E+02 2.241E+05 1.079E+03
   1935      8.775 8.901E+04 3.015E+05 3.877E+07 8.806E-04 1.424E-02 5.591E+02 3.772E+02 2.274E+05 1.092E+03
   1940      8.800 9.044E+04 3.086E+05 3.949E+07 9.007E-04 1.421E-02 5.643E+02 3.782E+02 2.307E+05 1.104E+03
   1945      8.825 9.189E+04 3.159E+05 4.022E+07 9.164E-04 1.418E-02 5.695E+02 3.791E+02 2.340E+05 1.117E+03
   1950      8.850 9.336E+04 3.233E+05 4.095E+07 9.253E-04 1.415E-02 5.746E+02 3.799E+02 2.373E+05 1.129E+03
   1955      8.875 9.486E+04 3.308E+05 4.169E+07 9.269E-04 1.413E-02 5.798E+02 3.807E+02 2.405E+05 1.142E+03
   1960      8.900 9.637E+04 3.384E+05 4.243E+07 9.224E-04 1.411E-02 5.849E+02 3.814E+02 2.438E+05 1.154E+03
   1965      8.925 9.791E+04 3.462E+05 4.316E+07 9.142E-04 1.410E-02 5.899E+02 3.820E+02 2.470E+05 1.166E+03
   1970      8.950 9.947E+04 3.541E+05 4.390E+07 9.051E-04 1.408E-02 5.950E+02 3.825E+02 2.502E+05 1.178E+03
   1975      8.975 1.011E+05 3.622E+05 4.464E+07 8.975E-04 1.406E-02 6.000E+02 3.830E+02 2.533E+05 1.191E+03
   1980      9.000 1.027E+05 3.703E+05 4.539E+07 8.932E-04 1.403E-02 6.049E+02 3.834E+02 2.565E+05 1.203E+03
   1985      9.025 1.043E+05 3.787E+05 4.613E+07 8.926E-04 1.399E-02 6.098E+02 3.837E+02 2.596E+05 1.214E+03
   1990      9.050 1.060E+05 3.871E+05 4.687E+07 8.953E-04 1.394E-02 6.147E+02 3.839E+02 2.626E+05 1.226E+03
   1995      9.075 1.076E+05 3.957E+05 4.761E+07 9.002E-04 1.387E-02 6.196E+02 3.840E+02 2.657E+05 1.238E+03
   2000      9.100 1.094E+05 4.045E+05 4.835E+07 9.061E-04 1.380E-02 6.244E+02 3.841E+02 2.687E+05 1.249E+03
   2005      9.125 1.111E+05 4.134E+05 4.908E+07 9.119E-04 1.372E-02 6.291E+02 3.840E+02 2.716E+05 1.261E+03
   2010      9.150 1.129E+05 4.224E+05 4.982E+07 9.169E-04 1.364E-02 6.338E+02 3.839E+02 2.745E+05 1.272E+03
   2015      9.175 1.146E+05 4.316E+05 5.055E+07 9.212E-04 1.356E-02 6.384E+02 3.837E+02 2.774E+05 1.283E+03
   2020      9.200 1.165E+05 4.409E+05 5.128E+07 9.249E-04 1.349E-02 6.430E+02 3.834E+02 2.802E+05 1.294E+03
   2025      9.225 1.183E+05 4.504E+05 5.200E+07 9.285E-04 1.342E-02 6.475E+02 3.830E+02 2.830E+05 1.305E+03
   2030      9.250 1.202E+05 4.601E+05 5.272E+07 9.320E-04 1.335E-02 6.520E+02 3.826E+02 2.857E+05 1.316E+03
   2035      9.275 1.221E+05 4.699E+05 5.343E+07 9.352E-04 1.330E-02 6.564E+02 3.820E+02 2.884E+05 1.326E+03
   2040      9.300 1.241E+05 4.798E+05 5.414E+07 9.373E-04 1.326E-02 6.607E+02 3.813E+02 2.910E+05 1.336E+03
   2045      9.325 1.260E+05 4.899E+05 5.484E+07 9.374E-04 1.323E-02 6.650E+02 3.806E+02 2.935E+05 1.346E+03
   2050      9.350 1.280E+05 5.002E+05 5.554E+07 9.346E-04 1.321E-02 6.692E+02 3.798E+02 2.960E+05 1.356E+03
   2055      9.375 1.301E+05 5.107E+05 5.622E+07 9.284E-04 1.320E-02 6.733E+02 3.788E+02 2.984E+05 1.366E+03
   2060      9.400 1.322E+05 5.213E+05 5.690E+07 9.192E-04 1.320E-02 6.773E+02 3.778E+02 3.008E+05 1.375E+03
   2065      9.425 1.343E+05 5.321E+05 5.757E+07 9.083E-04 1.321E-02 6.813E+02 3.767E+02 3.030E+05 1.385E+03
   2070      9.450 1.364E+05 5.430E+05 5.823E+07 8.973E-04 1.321E-02 6.852E+02 3.755E+02 3.052E+05 1.394E+03
   2075      9.475 1.386E+05 5.541E+05 5.888E+07 8.887E-04 1.320E-02 6.890E+02 3.742E+02 3.074E+05 1.403E+03
   2080      9.500 1.409E+05 5.654E+05 5.952E+07 8.845E-04 1.317E-02 6.928E+02 3.728E+02 3.094E+05 1.411E+03
   2085      9.525 1.431E+05 5.769E+05 6.015E+07 8.859E-04 1.313E-02 6.964E+02 3.713E+02 3.114E+05 1.420E+03
   2090      9.550 1.455E+05 5.885E+05 6.077E+07 8.933E-04 1.307E-02 7.000E+02 3.697E+02 3.133E+05 1.428E+03
   2095      9.575 1.478E+05 6.004E+05 6.137E+07 9.055E-04 1.300E-02 7.034E+02 3.680E+02 3.151E+05 1.436E+03
   2100      9.600 1.502E+05 6.124E+05 6.196E+07 9.206E-04 1.292E-02 7.068E+02 3.662E+02 3.168E+05 1.444E+03
   2105      9.625 1.527E+05 6.246E+05 6.253E+07 9.357E-04 1.285E-02 7.101E+02 3.644E+02 3.185E+05 1.451E+03
   2110      9.650 1.552E+05 6.370E+05 6.310E+07 9.480E-04 1.278E-02 7.133E+02 3.624E+02 3.200E+05 1.458E+03
   2115      9.675 1.577E+05 6.496E+05 6.364E+07 9.551E-04 1.274E-02 7.163E+02 3.603E+02 3.215E+05 1.466E+03
   2120      9.700 1.603E+05 6.624E+05 6.417E+07 9.558E-04 1.272E-02 7.193E+02 3.582E+02 3.229E+05 1.472E+03
   2125      9.725 1.630E+05 6.754E+05 6.469E+07 9.501E-04 1.272E-02 7.222E+02 3.559E+02 3.241E+05 1.479E+03
   2130      9.750 1.657E+05 6.886E+05 6.518E+07 9.391E-04 1.275E-02 7.250E+02 3.536E+02 3.253E+05 1.485E+03
   2135      9.775 1.684E+05 7.020E+05 6.566E+07 9.252E-04 1.278E-02 7.276E+02 3.512E+02 3.264E+05 1.491E+03
   2140      9.800 1.712E+05 7.156E+05 6.612E+07 9.107E-04 1.283E-02 7.302E+02 3.487E+02 3.273E+05 1.497E+03
   2145      9.825 1.741E+05 7.294E+05 6.656E+07 8.982E-04 1.287E-02 7.326E+02 3.460E+02 3.282E+05 1.502E+03
   2150      9.850 1.770E+05 7.434E+05 6.698E+07 8.891E-04 1.290E-02 7.349E+02 3.433E+02 3.290E+05 1.507E+03
   2155      9.875 1.800E+05 7.577E+05 6.738E+07 8.842E-04 1.292E-02 7.371E+02 3.406E+02 3.297E+05 1.512E+03
   2160      9.900 1.831E+05 7.721E+05 6.776E+07 8.829E-04 1.292E-02 7.392E+02 3.377E+02 3.302E+05 1.517E+03
   2165      9.925 1.862E+05 7.868E+05 6.812E+07 8.840E-04 1.290E-02 7.411E+02 3.347E+02 3.307E+05 1.521E+03
   2170      9.950 1.894E+05 8.018E+05 6.846E+07 8.863E-04 1.286E-02 7.430E+02 3.317E+02 3.310E+05 1.525E+03
   2175      9.975 1.927E+05 8.169E+05 6.877E+07 8.884E-04 1.280E-02 7.447E+02 3.286E+02 3.312E+05 1.528E+03
   2180     10.000 1.960E+05 8.323E+05 6.906E+07 8.902E-04 1.273E-02 7.462E+02 3.254E+02 3.314E+05 1.532E+03
   2185     10.025 1.994E+05 8.480E+05 6.933E+07 8.925E-04 1.265E-02 7.477E+02 3.221E+02 3.314E+05 1.535E+03
   2190     10.050 2.029E+05 8.639E+05 6.957E+07 8.966E-04 1.255E-02 7.490E+02 3.188E+02 3.313E+05 1.538E+03
