#---it-------t--------ee2m------aa2m------emag------EEGW------hrms------brms------erms------EEEM------bmax------nlin0------nlin1------nlin2---
      0     -0.900 3.878E-36 3.238E-40 0.000E+00 0.000E+00 0.000E+00 0.000E+00 0.000E+00 0.000E+00 0.000E+00 0.0000E+00 0.0000E+00 7.9601E-18
      5     -0.875 2.848E-34 2.610E-38 7.503E-33 3.508E-67 8.209E-36 7.778E-18 2.560E-17 3.579E-34 2.977E-17 1.0410E-60 7.9448E-61 2.9490E-17
     10     -0.850 3.072E-32 3.463E-36 4.283E-31 2.706E-63 7.758E-34 5.877E-17 2.556E-16 3.439E-32 2.241E-16 3.3333E-57 3.7854E-57 2.6413E-17
     15     -0.825 1.831E-30 2.703E-34 2.012E-29 7.704E-60 4.635E-32 4.028E-16 1.950E-15 1.982E-30 1.476E-15 6.1639E-54 6.9159E-54-4.6241E-16
     20     -0.800 6.597E-29 1.252E-32 6.387E-28 8.308E-57 1.704E-30 2.269E-15 1.163E-14 7.023E-29 8.397E-15 4.8732E-51 5.1362E-51-4.1302E-15
     25     -0.775 1.587E-27 3.780E-31 1.421E-26 4.069E-54 4.192E-29 1.070E-14 5.684E-14 1.673E-27 3.771E-14 1.7764E-48 1.8282E-48-2.3867E-14
     30     -0.750 2.757E-26 8.066E-30 2.343E-25 1.051E-51 7.426E-28 4.346E-14 2.362E-13 2.885E-26 1.504E-13 3.3699E-46 3.5795E-46-1.0448E-13
     35     -0.725 3.665E-25 1.294E-28 3.002E-24 1.608E-49 1.005E-26 1.556E-13 8.598E-13 3.817E-25 5.432E-13 3.7283E-44 4.2871E-44-3.5570E-13
     40     -0.700 3.902E-24 1.637E-27 3.112E-23 1.591E-47 1.086E-25 5.009E-13 2.801E-12 4.048E-24 1.736E-12 2.6520E-42 3.4085E-42-9.6171E-13
     45     -0.675 3.443E-23 1.693E-26 2.692E-22 1.090E-45 9.719E-25 1.473E-12 8.310E-12 3.561E-23 5.144E-12 1.3069E-40 1.9169E-40-2.0621E-12
     50     -0.650 2.588E-22 1.475E-25 1.993E-21 5.455E-44 7.390E-24 4.009E-12 2.276E-11 2.670E-22 1.407E-11 4.7103E-39 8.0178E-39-3.2777E-12
     55     -0.625 1.694E-21 1.108E-24 1.289E-20 2.088E-42 4.888E-23 1.019E-11 5.817E-11 1.744E-21 3.564E-11 1.2945E-37 2.5960E-37-2.4667E-12
     60     -0.600 9.823E-21 7.307E-24 7.406E-20 6.291E-41 2.860E-22 2.444E-11 1.400E-10 1.009E-20 8.434E-11 2.8093E-36 6.7217E-36 7.0231E-12
     65     -0.575 5.122E-20 4.301E-23 3.834E-19 1.544E-39 1.504E-21 5.560E-11 3.193E-10 5.253E-20 1.876E-10 4.9712E-35 1.4295E-34 4.1895E-11
     70     -0.550 2.430E-19 2.288E-22 1.808E-18 3.148E-38 7.187E-21 1.207E-10 6.950E-10 2.488E-19 3.971E-10 7.3864E-34 2.5533E-33 1.3937E-10
     75     -0.525 1.060E-18 1.112E-21 7.850E-18 5.446E-37 3.153E-20 2.516E-10 1.450E-09 1.084E-18 8.276E-10 9.4622E-33 3.9022E-32 3.7587E-10
     80     -0.500 4.288E-18 4.984E-21 3.162E-17 8.123E-36 1.281E-19 5.049E-10 2.915E-09 4.376E-18 1.658E-09 1.0688E-31 5.1846E-31 8.9853E-10
     85     -0.475 1.620E-17 2.076E-20 1.191E-16 1.062E-34 4.863E-19 9.798E-10 5.661E-09 1.650E-17 3.200E-09 1.0834E-30 6.0703E-30 1.9759E-09
     90     -0.450 5.754E-17 8.093E-20 4.217E-16 1.232E-33 1.735E-18 1.844E-09 1.066E-08 5.852E-17 5.974E-09 9.9845E-30 6.3369E-29 4.0767E-09
     95     -0.425 1.931E-16 2.969E-19 1.412E-15 1.279E-32 5.848E-18 3.374E-09 1.951E-08 1.961E-16 1.082E-08 8.4382E-29 5.9583E-28 7.9881E-09
    100     -0.400 6.157E-16 1.031E-18 4.492E-15 1.196E-31 1.867E-17 6.018E-09 3.481E-08 6.241E-16 1.906E-08 6.5792E-28 5.0910E-27 1.4989E-08
    105     -0.375 1.872E-15 3.401E-18 1.363E-14 1.026E-30 5.688E-17 1.048E-08 6.065E-08 1.894E-15 3.278E-08 4.7536E-27 3.9840E-26 2.7096E-08
    110     -0.350 5.448E-15 1.071E-17 3.960E-14 8.041E-30 1.658E-16 1.787E-08 1.034E-07 5.504E-15 5.517E-08 3.1947E-26 2.8750E-25 4.7410E-08
    115     -0.325 1.523E-14 3.228E-17 1.105E-13 5.855E-29 4.641E-16 2.985E-08 1.727E-07 1.536E-14 9.263E-08 2.0042E-25 1.9250E-24 8.0579E-08
    120     -0.300 4.100E-14 9.349E-17 2.971E-13 3.963E-28 1.252E-15 4.895E-08 2.831E-07 4.128E-14 1.522E-07 1.1777E-24 1.2025E-23 1.3341E-07
    125     -0.275 1.066E-13 2.608E-16 7.715E-13 2.500E-27 3.261E-15 7.887E-08 4.562E-07 1.072E-13 2.453E-07 6.5020E-24 7.0414E-23 2.1570E-07
    130     -0.250 2.684E-13 7.028E-16 1.940E-12 1.483E-26 8.214E-15 1.251E-07 7.231E-07 2.693E-13 3.879E-07 3.3834E-23 3.8824E-22 3.4119E-07
    135     -0.225 6.556E-13 1.833E-15 4.730E-12 8.300E-26 2.008E-14 1.953E-07 1.129E-06 6.565E-13 6.030E-07 1.6641E-22 2.0236E-21 5.2898E-07
    140     -0.200 1.556E-12 4.637E-15 1.121E-11 4.393E-25 4.770E-14 3.007E-07 1.738E-06 1.556E-12 9.223E-07 7.7568E-22 1.0006E-20 8.0506E-07
    145     -0.175 3.597E-12 1.140E-14 2.589E-11 2.206E-24 1.103E-13 4.568E-07 2.640E-06 3.590E-12 1.390E-06 3.4357E-21 4.7090E-20 1.2044E-06
    150     -0.150 8.109E-12 2.728E-14 5.828E-11 1.055E-23 2.485E-13 6.855E-07 3.961E-06 8.078E-12 2.065E-06 1.4498E-20 2.1156E-19 1.7737E-06
    155     -0.125 1.785E-11 6.365E-14 1.281E-10 4.826E-23 5.470E-13 1.016E-06 5.872E-06 1.775E-11 3.049E-06 5.8445E-20 9.0974E-19 2.5740E-06
    160     -0.100 3.844E-11 1.450E-13 2.755E-10 2.115E-22 1.178E-12 1.491E-06 8.608E-06 3.816E-11 4.527E-06 2.2568E-19 3.7538E-18 3.6851E-06
    165     -0.075 8.105E-11 3.230E-13 5.802E-10 8.894E-22 2.483E-12 2.163E-06 1.249E-05 8.032E-11 6.641E-06 8.3711E-19 1.4896E-17 5.2104E-06
    170     -0.050 1.675E-10 7.042E-13 1.198E-09 3.599E-21 5.130E-12 3.107E-06 1.794E-05 1.657E-10 9.648E-06 2.9914E-18 5.6971E-17 7.2827E-06
    175     -0.025 3.397E-10 1.504E-12 2.426E-09 1.404E-20 1.040E-11 4.422E-06 2.552E-05 3.355E-10 1.388E-05 1.0329E-17 2.1039E-16 1.0072E-05
    180     -0.000 6.767E-10 3.153E-12 4.826E-09 5.290E-20 2.071E-11 6.238E-06 3.600E-05 6.673E-10 1.978E-05 3.4558E-17 7.5156E-16 1.3795E-05
    185      0.025 1.325E-09 6.487E-12 9.438E-09 1.914E-19 4.040E-11 8.723E-06 5.033E-05 1.305E-09 2.790E-05 1.1236E-16 2.6013E-15 1.8730E-05
    190      0.050 2.554E-09 1.312E-11 1.816E-08 6.768E-19 7.777E-11 1.210E-05 6.981E-05 2.510E-09 3.899E-05 3.5598E-16 8.7372E-15 2.5231E-05
    195      0.075 4.845E-09 2.609E-11 3.441E-08 2.327E-18 1.475E-10 1.666E-05 9.608E-05 4.755E-09 5.399E-05 1.1016E-15 2.8518E-14 3.3752E-05
    200      0.100 9.059E-09 5.108E-11 6.424E-08 7.773E-18 2.757E-10 2.276E-05 1.313E-04 8.875E-09 7.407E-05 3.3368E-15 9.0578E-14 4.4874E-05
    205      0.125 1.670E-08 9.850E-11 1.183E-07 2.525E-17 5.083E-10 3.088E-05 1.781E-04 1.634E-08 1.008E-04 9.9121E-15 2.8029E-13 5.9346E-05
    210      0.150 3.037E-08 1.872E-10 2.148E-07 7.990E-17 9.246E-10 4.161E-05 2.400E-04 2.967E-08 1.360E-04 2.8917E-14 8.4599E-13 7.8132E-05
    215      0.175 5.453E-08 3.509E-10 3.850E-07 2.466E-16 1.660E-09 5.572E-05 3.214E-04 5.319E-08 1.820E-04 8.2943E-14 2.4934E-12 1.0248E-04
    220      0.200 9.671E-08 6.492E-10 6.818E-07 7.429E-16 2.943E-09 7.414E-05 4.277E-04 9.421E-08 2.419E-04 2.3410E-13 7.1829E-12 1.3399E-04
    225      0.225 1.695E-07 1.186E-09 1.193E-06 2.188E-15 5.157E-09 9.808E-05 5.658E-04 1.649E-07 3.191E-04 6.5046E-13 2.0245E-11 1.7473E-04
    230      0.250 2.937E-07 2.140E-09 2.064E-06 6.305E-15 8.934E-09 1.290E-04 7.444E-04 2.854E-07 4.181E-04 1.7800E-12 5.5877E-11 2.2736E-04
    235      0.275 5.035E-07 3.816E-09 3.532E-06 1.779E-14 1.531E-08 1.688E-04 9.739E-04 4.885E-07 5.444E-04 4.7977E-12 1.5115E-10 2.9531E-04
    240      0.300 8.539E-07 6.729E-09 5.981E-06 4.919E-14 2.595E-08 2.196E-04 1.268E-03 8.276E-07 7.047E-04 1.2739E-11 4.0105E-10 3.8294E-04
    245      0.325 1.434E-06 1.174E-08 1.003E-05 1.334E-13 4.357E-08 2.843E-04 1.642E-03 1.388E-06 9.066E-04 3.3323E-11 1.0445E-09 4.9582E-04
    250      0.350 2.384E-06 2.026E-08 1.664E-05 3.553E-13 7.243E-08 3.663E-04 2.116E-03 2.306E-06 1.160E-03 8.5875E-11 2.6722E-09 6.4101E-04
    255      0.375 3.928E-06 3.464E-08 2.737E-05 9.291E-13 1.193E-07 4.698E-04 2.715E-03 3.795E-06 1.475E-03 2.1804E-10 6.7195E-09 8.2743E-04
    260      0.400 6.414E-06 5.863E-08 4.461E-05 2.388E-12 1.947E-07 5.997E-04 3.467E-03 6.190E-06 1.867E-03 5.4549E-10 1.6619E-08 1.0663E-03
    265      0.425 1.038E-05 9.832E-08 7.207E-05 6.002E-12 3.150E-07 7.623E-04 4.409E-03 1.001E-05 2.351E-03 1.3449E-09 4.0452E-08 1.3716E-03
    270      0.450 1.666E-05 1.634E-07 1.155E-04 1.486E-11 5.044E-07 9.649E-04 5.584E-03 1.605E-05 2.947E-03 3.2679E-09 9.6956E-08 1.7607E-03
    275      0.475 2.653E-05 2.692E-07 1.835E-04 3.644E-11 8.014E-07 1.216E-03 7.043E-03 2.554E-05 3.677E-03 7.8279E-09 2.2895E-07 2.2552E-03
    280      0.500 4.190E-05 4.398E-07 2.894E-04 8.813E-11 1.265E-06 1.527E-03 8.849E-03 4.032E-05 4.568E-03 1.8488E-08 5.3293E-07 2.8815E-03
    285      0.525 6.569E-05 7.127E-07 4.529E-04 2.101E-10 1.983E-06 1.911E-03 1.108E-02 6.316E-05 5.651E-03 4.3065E-08 1.2234E-06 3.6721E-03
    290      0.550 1.022E-04 1.146E-06 7.036E-04 4.935E-10 3.088E-06 2.382E-03 1.381E-02 9.825E-05 6.962E-03 9.8955E-08 2.7709E-06 4.6666E-03
    295      0.575 1.580E-04 1.829E-06 1.085E-03 1.143E-09 4.777E-06 2.958E-03 1.717E-02 1.517E-04 8.546E-03 2.2436E-07 6.1948E-06 5.9129E-03
    300      0.600 2.424E-04 2.896E-06 1.663E-03 2.614E-09 7.338E-06 3.662E-03 2.126E-02 2.328E-04 1.045E-02 5.0210E-07 1.3676E-05 7.4688E-03
    305      0.625 3.696E-04 4.555E-06 2.531E-03 5.898E-09 1.120E-05 4.517E-03 2.625E-02 3.547E-04 1.274E-02 1.1093E-06 2.9827E-05 9.4039E-03
    310      0.650 5.598E-04 7.113E-06 3.827E-03 1.314E-08 1.698E-05 5.555E-03 3.230E-02 5.371E-04 1.546E-02 2.4206E-06 6.4288E-05 1.1801E-02
    315      0.675 8.427E-04 1.103E-05 5.752E-03 2.894E-08 2.558E-05 6.810E-03 3.962E-02 8.082E-04 1.871E-02 5.2176E-06 1.3699E-04 1.4760E-02
    320      0.700 1.261E-03 1.701E-05 8.592E-03 6.298E-08 3.830E-05 8.323E-03 4.846E-02 1.209E-03 2.257E-02 1.1113E-05 2.8866E-04 1.8398E-02
    325      0.725 1.875E-03 2.605E-05 1.276E-02 1.355E-07 5.702E-05 1.014E-02 5.910E-02 1.798E-03 2.715E-02 2.3399E-05 6.0175E-04 2.2853E-02
    330      0.750 2.773E-03 3.965E-05 1.884E-02 2.884E-07 8.439E-05 1.233E-02 7.187E-02 2.658E-03 3.289E-02 4.8712E-05 1.2414E-03 2.8289E-02
    335      0.775 4.077E-03 5.998E-05 2.767E-02 6.074E-07 1.242E-04 1.494E-02 8.715E-02 3.909E-03 3.977E-02 1.0030E-04 2.5349E-03 3.4898E-02
    340      0.800 5.964E-03 9.023E-05 4.042E-02 1.266E-06 1.818E-04 1.805E-02 1.054E-01 5.717E-03 4.796E-02 2.0435E-04 5.1253E-03 4.2902E-02
    345      0.825 8.677E-03 1.350E-04 5.874E-02 2.613E-06 2.648E-04 2.176E-02 1.271E-01 8.319E-03 5.765E-02 4.1203E-04 1.0264E-02 5.2563E-02
    350      0.850 1.256E-02 2.008E-04 8.493E-02 5.339E-06 3.837E-04 2.617E-02 1.530E-01 1.204E-02 6.911E-02 8.2253E-04 2.0363E-02 6.4182E-02
    355      0.875 1.809E-02 2.971E-04 1.222E-01 1.081E-05 5.532E-04 3.139E-02 1.836E-01 1.735E-02 8.263E-02 1.6262E-03 4.0032E-02 7.8108E-02
    360      0.900 2.593E-02 4.373E-04 1.749E-01 2.168E-05 7.938E-04 3.756E-02 2.198E-01 2.487E-02 9.851E-02 3.1853E-03 7.8007E-02 9.4744E-02
    365      0.925 3.699E-02 6.404E-04 2.493E-01 4.309E-05 1.134E-03 4.484E-02 2.626E-01 3.549E-02 1.172E-01 6.1833E-03 1.5070E-01 1.1455E-01
    370      0.950 5.252E-02 9.332E-04 3.537E-01 8.491E-05 1.612E-03 5.340E-02 3.130E-01 5.041E-02 1.390E-01 1.1899E-02 2.8869E-01 1.3806E-01
    375      0.975 7.424E-02 1.353E-03 4.996E-01 1.659E-04 2.281E-03 6.347E-02 3.722E-01 7.129E-02 1.644E-01 2.2710E-02 5.4851E-01 1.6587E-01
    380      1.000 1.045E-01 1.954E-03 7.027E-01 3.214E-04 3.215E-03 7.527E-02 4.417E-01 1.004E-01 1.941E-01 4.2999E-02 1.0339E+00 1.9868E-01
    385      1.025 1.464E-01 2.807E-03 9.841E-01 3.482E-04 4.367E-03 8.908E-02 5.230E-01 1.407E-01 2.286E-01 0.0000E+00 0.0000E+00 2.3725E-01
    390      1.050 2.044E-01 4.015E-03 1.373E+00 3.215E-04 5.485E-03 1.052E-01 6.180E-01 1.965E-01 2.686E-01 0.0000E+00 0.0000E+00 2.8249E-01
    395      1.075 2.841E-01 5.719E-03 1.907E+00 2.920E-04 6.552E-03 1.240E-01 7.288E-01 2.733E-01 3.150E-01 0.0000E+00 0.0000E+00 3.3537E-01
    400      1.100 3.933E-01 8.111E-03 2.639E+00 2.616E-04 7.560E-03 1.459E-01 8.578E-01 3.785E-01 3.685E-01 0.0000E+00 0.0000E+00 3.9704E-01
    405      1.125 5.424E-01 1.145E-02 3.638E+00 2.319E-04 8.505E-03 1.713E-01 1.008E+00 5.223E-01 4.305E-01 0.0000E+00 0.0000E+00 4.6874E-01
    410      1.150 7.452E-01 1.611E-02 4.997E+00 2.044E-04 9.381E-03 2.007E-01 1.181E+00 7.181E-01 5.026E-01 0.0000E+00 0.0000E+00 5.5189E-01
    415      1.175 1.020E+00 2.257E-02 6.838E+00 1.802E-04 1.019E-02 2.348E-01 1.383E+00 9.835E-01 5.856E-01 0.0000E+00 0.0000E+00 6.4808E-01
    420      1.200 1.391E+00 3.150E-02 9.325E+00 1.602E-04 1.092E-02 2.742E-01 1.615E+00 1.342E+00 6.809E-01 0.0000E+00 0.0000E+00 7.5906E-01
    425      1.225 1.891E+00 4.380E-02 1.267E+01 1.446E-04 1.158E-02 3.197E-01 1.884E+00 1.826E+00 7.903E-01 0.0000E+00 0.0000E+00 8.8678E-01
    430      1.250 2.561E+00 6.067E-02 1.717E+01 1.336E-04 1.217E-02 3.720E-01 2.193E+00 2.474E+00 9.154E-01 0.0000E+00 0.0000E+00 1.0334E+00
    435      1.275 3.456E+00 8.374E-02 2.317E+01 1.268E-04 1.270E-02 4.323E-01 2.549E+00 3.342E+00 1.058E+00 0.0000E+00 0.0000E+00 1.2014E+00
    440      1.300 4.650E+00 1.152E-01 3.118E+01 1.238E-04 1.316E-02 5.014E-01 2.958E+00 4.500E+00 1.221E+00 0.0000E+00 0.0000E+00 1.3934E+00
    445      1.325 6.236E+00 1.578E-01 4.183E+01 1.240E-04 1.356E-02 5.807E-01 3.427E+00 6.040E+00 1.407E+00 0.0000E+00 0.0000E+00 1.6122E+00
    450      1.350 8.336E+00 2.156E-01 5.594E+01 1.266E-04 1.392E-02 6.716E-01 3.964E+00 8.081E+00 1.617E+00 0.0000E+00 0.0000E+00 1.8612E+00
    455      1.375 1.111E+01 2.935E-01 7.458E+01 1.310E-04 1.422E-02 7.754E-01 4.578E+00 1.078E+01 1.858E+00 0.0000E+00 0.0000E+00 2.1439E+00
    460      1.400 1.476E+01 3.982E-01 9.914E+01 1.364E-04 1.449E-02 8.941E-01 5.279E+00 1.433E+01 2.139E+00 0.0000E+00 0.0000E+00 2.4641E+00
    465      1.425 1.955E+01 5.387E-01 1.314E+02 1.424E-04 1.471E-02 1.029E+00 6.078E+00 1.900E+01 2.459E+00 0.0000E+00 0.0000E+00 2.8260E+00
    470      1.450 2.582E+01 7.263E-01 1.737E+02 1.484E-04 1.491E-02 1.183E+00 6.989E+00 2.512E+01 2.822E+00 0.0000E+00 0.0000E+00 3.2343E+00
    475      1.475 3.401E+01 9.764E-01 2.289E+02 1.543E-04 1.507E-02 1.359E+00 8.024E+00 3.312E+01 3.235E+00 0.0000E+00 0.0000E+00 3.6941E+00
    480      1.500 4.467E+01 1.309E+00 3.009E+02 1.597E-04 1.521E-02 1.558E+00 9.200E+00 4.353E+01 3.702E+00 0.0000E+00 0.0000E+00 4.2106E+00
    485      1.525 5.851E+01 1.749E+00 3.945E+02 1.646E-04 1.533E-02 1.783E+00 1.053E+01 5.708E+01 4.231E+00 0.0000E+00 0.0000E+00 4.7899E+00
    490      1.550 7.644E+01 2.330E+00 5.158E+02 1.689E-04 1.543E-02 2.039E+00 1.205E+01 7.463E+01 4.828E+00 0.0000E+00 0.0000E+00 5.4383E+00
    495      1.575 9.959E+01 3.096E+00 6.727E+02 1.727E-04 1.551E-02 2.329E+00 1.376E+01 9.733E+01 5.502E+00 0.0000E+00 0.0000E+00 6.1628E+00
    500      1.600 1.294E+02 4.103E+00 8.751E+02 1.759E-04 1.558E-02 2.656E+00 1.569E+01 1.266E+02 6.261E+00 0.0000E+00 0.0000E+00 6.9707E+00
    505      1.625 1.678E+02 5.422E+00 1.136E+03 1.788E-04 1.564E-02 3.026E+00 1.787E+01 1.643E+02 7.116E+00 0.0000E+00 0.0000E+00 7.8701E+00
    510      1.650 2.169E+02 7.146E+00 1.470E+03 1.813E-04 1.568E-02 3.443E+00 2.033E+01 2.126E+02 8.077E+00 0.0000E+00 0.0000E+00 8.8694E+00
    515      1.675 2.798E+02 9.393E+00 1.899E+03 1.835E-04 1.572E-02 3.913E+00 2.310E+01 2.745E+02 9.157E+00 0.0000E+00 0.0000E+00 9.9778E+00
    520      1.700 3.601E+02 1.232E+01 2.446E+03 1.855E-04 1.575E-02 4.441E+00 2.622E+01 3.536E+02 1.037E+01 0.0000E+00 0.0000E+00 1.1205E+01
    525      1.725 4.622E+02 1.611E+01 3.145E+03 1.874E-04 1.577E-02 5.036E+00 2.972E+01 4.544E+02 1.174E+01 0.0000E+00 0.0000E+00 1.2562E+01
    530      1.750 5.921E+02 2.102E+01 4.034E+03 1.891E-04 1.578E-02 5.703E+00 3.365E+01 5.826E+02 1.335E+01 0.0000E+00 0.0000E+00 1.4058E+01
    535      1.775 7.566E+02 2.735E+01 5.163E+03 1.908E-04 1.578E-02 6.452E+00 3.806E+01 7.452E+02 1.517E+01 0.0000E+00 0.0000E+00 1.5707E+01
    540      1.800 9.648E+02 3.551E+01 6.593E+03 1.923E-04 1.578E-02 7.291E+00 4.300E+01 9.512E+02 1.721E+01 0.0000E+00 0.0000E+00 1.7520E+01
    545      1.825 1.228E+03 4.600E+01 8.401E+03 1.938E-04 1.578E-02 8.230E+00 4.853E+01 1.211E+03 1.950E+01 0.0000E+00 0.0000E+00 1.9510E+01
    550      1.850 1.559E+03 5.945E+01 1.068E+04 1.952E-04 1.577E-02 9.281E+00 5.471E+01 1.540E+03 2.207E+01 0.0000E+00 0.0000E+00 2.1691E+01
    555      1.875 1.975E+03 7.666E+01 1.356E+04 1.964E-04 1.576E-02 1.046E+01 6.161E+01 1.953E+03 2.495E+01 0.0000E+00 0.0000E+00 2.4077E+01
    560      1.900 2.497E+03 9.863E+01 1.717E+04 1.976E-04 1.574E-02 1.177E+01 6.931E+01 2.471E+03 2.818E+01 0.0000E+00 0.0000E+00 2.6682E+01
    565      1.925 3.150E+03 1.266E+02 2.170E+04 1.986E-04 1.573E-02 1.323E+01 7.789E+01 3.121E+03 3.179E+01 0.0000E+00 0.0000E+00 2.9522E+01
    570      1.950 3.967E+03 1.622E+02 2.737E+04 1.995E-04 1.571E-02 1.486E+01 8.745E+01 3.934E+03 3.582E+01 0.0000E+00 0.0000E+00 3.2612E+01
    575      1.975 4.985E+03 2.074E+02 3.447E+04 2.003E-04 1.569E-02 1.667E+01 9.809E+01 4.950E+03 4.033E+01 0.0000E+00 0.0000E+00 3.5968E+01
    580      2.000 6.253E+03 2.645E+02 4.331E+04 2.010E-04 1.566E-02 1.869E+01 1.099E+02 6.215E+03 4.535E+01 0.0000E+00 0.0000E+00 3.9608E+01
    585      2.025 7.829E+03 3.368E+02 5.432E+04 2.016E-04 1.564E-02 2.093E+01 1.230E+02 7.788E+03 5.094E+01 0.0000E+00 0.0000E+00 4.3546E+01
    590      2.050 9.784E+03 4.279E+02 6.801E+04 2.021E-04 1.562E-02 2.342E+01 1.376E+02 9.742E+03 5.717E+01 0.0000E+00 0.0000E+00 4.7800E+01
    595      2.075 1.220E+04 5.426E+02 8.500E+04 2.025E-04 1.559E-02 2.618E+01 1.538E+02 1.216E+04 6.409E+01 0.0000E+00 0.0000E+00 5.2385E+01
    600      2.100 1.519E+04 6.867E+02 1.060E+05 2.029E-04 1.557E-02 2.924E+01 1.717E+02 1.516E+04 7.178E+01 0.0000E+00 0.0000E+00 5.7318E+01
    605      2.125 1.889E+04 8.675E+02 1.320E+05 2.033E-04 1.554E-02 3.263E+01 1.915E+02 1.886E+04 8.031E+01 0.0000E+00 0.0000E+00 6.2614E+01
    610      2.150 2.343E+04 1.094E+03 1.642E+05 2.037E-04 1.552E-02 3.638E+01 2.134E+02 2.342E+04 8.978E+01 0.0000E+00 0.0000E+00 6.8286E+01
    615      2.175 2.902E+04 1.376E+03 2.037E+05 2.041E-04 1.549E-02 4.053E+01 2.376E+02 2.904E+04 1.003E+02 0.0000E+00 0.0000E+00 7.4347E+01
    620      2.200 3.589E+04 1.729E+03 2.524E+05 2.045E-04 1.547E-02 4.511E+01 2.643E+02 3.594E+04 1.119E+02 0.0000E+00 0.0000E+00 8.0809E+01
    625      2.225 4.430E+04 2.168E+03 3.122E+05 2.050E-04 1.544E-02 5.018E+01 2.938E+02 4.441E+04 1.247E+02 0.0000E+00 0.0000E+00 8.7681E+01
    630      2.250 5.459E+04 2.714E+03 3.856E+05 2.055E-04 1.542E-02 5.576E+01 3.263E+02 5.479E+04 1.389E+02 0.0000E+00 0.0000E+00 9.4968E+01
    635      2.275 6.717E+04 3.391E+03 4.755E+05 2.060E-04 1.540E-02 6.192E+01 3.621E+02 6.747E+04 1.545E+02 0.0000E+00 0.0000E+00 1.0267E+02
    640      2.300 8.252E+04 4.231E+03 5.853E+05 2.066E-04 1.538E-02 6.870E+01 4.015E+02 8.297E+04 1.717E+02 0.0000E+00 0.0000E+00 1.1080E+02
    645      2.325 1.012E+05 5.269E+03 7.195E+05 2.071E-04 1.536E-02 7.616E+01 4.449E+02 1.019E+05 1.908E+02 0.0000E+00 0.0000E+00 1.1933E+02
    650      2.350 1.239E+05 6.550E+03 8.830E+05 2.075E-04 1.534E-02 8.438E+01 4.925E+02 1.249E+05 2.117E+02 0.0000E+00 0.0000E+00 1.2827E+02
    655      2.375 1.516E+05 8.131E+03 1.082E+06 2.079E-04 1.532E-02 9.340E+01 5.449E+02 1.528E+05 2.347E+02 0.0000E+00 0.0000E+00 1.3758E+02
    660      2.400 1.850E+05 1.008E+04 1.324E+06 2.081E-04 1.530E-02 1.033E+02 6.024E+02 1.868E+05 2.600E+02 0.0000E+00 0.0000E+00 1.4725E+02
    665      2.425 2.256E+05 1.247E+04 1.618E+06 2.081E-04 1.529E-02 1.142E+02 6.654E+02 2.279E+05 2.879E+02 0.0000E+00 0.0000E+00 1.5725E+02
    670      2.450 2.746E+05 1.540E+04 1.974E+06 2.080E-04 1.528E-02 1.262E+02 7.345E+02 2.777E+05 3.184E+02 0.0000E+00 0.0000E+00 1.6752E+02
    675      2.475 3.338E+05 1.900E+04 2.405E+06 2.076E-04 1.527E-02 1.392E+02 8.101E+02 3.379E+05 3.519E+02 0.0000E+00 0.0000E+00 1.7800E+02
    680      2.500 4.052E+05 2.340E+04 2.926E+06 2.071E-04 1.526E-02 1.536E+02 8.930E+02 4.105E+05 3.887E+02 0.0000E+00 0.0000E+00 1.8863E+02
    685      2.525 4.912E+05 2.877E+04 3.555E+06 2.063E-04 1.526E-02 1.693E+02 9.836E+02 4.981E+05 4.289E+02 0.0000E+00 0.0000E+00 1.9933E+02
    690      2.550 5.947E+05 3.533E+04 4.313E+06 2.054E-04 1.525E-02 1.865E+02 1.083E+03 6.035E+05 4.729E+02 0.0000E+00 0.0000E+00 2.0997E+02
    695      2.575 7.189E+05 4.332E+04 5.226E+06 2.044E-04 1.525E-02 2.053E+02 1.191E+03 7.302E+05 5.211E+02 0.0000E+00 0.0000E+00 2.2045E+02
    700      2.600 8.679E+05 5.304E+04 6.324E+06 2.033E-04 1.524E-02 2.258E+02 1.309E+03 8.823E+05 5.737E+02 0.0000E+00 0.0000E+00 2.3061E+02
    705      2.625 1.046E+06 6.485E+04 7.642E+06 2.022E-04 1.524E-02 2.482E+02 1.438E+03 1.065E+06 6.313E+02 0.0000E+00 0.0000E+00 2.4028E+02
    710      2.650 1.260E+06 7.918E+04 9.224E+06 2.012E-04 1.523E-02 2.727E+02 1.579E+03 1.283E+06 6.941E+02 0.0000E+00 0.0000E+00 2.4925E+02
    715      2.675 1.515E+06 9.654E+04 1.112E+07 2.002E-04 1.522E-02 2.994E+02 1.732E+03 1.545E+06 7.626E+02 0.0000E+00 0.0000E+00 2.5729E+02
    720      2.700 1.820E+06 1.175E+05 1.339E+07 1.993E-04 1.521E-02 3.285E+02 1.899E+03 1.857E+06 8.373E+02 0.0000E+00 0.0000E+00 2.6413E+02
    725      2.725 2.183E+06 1.429E+05 1.609E+07 1.985E-04 1.520E-02 3.602E+02 2.081E+03 2.229E+06 9.187E+02 0.0000E+00 0.0000E+00 2.6946E+02
    730      2.750 2.616E+06 1.736E+05 1.933E+07 1.979E-04 1.519E-02 3.948E+02 2.278E+03 2.673E+06 1.007E+03 0.0000E+00 0.0000E+00 2.7292E+02
    735      2.775 3.130E+06 2.105E+05 2.318E+07 1.975E-04 1.517E-02 4.324E+02 2.493E+03 3.201E+06 1.104E+03 0.0000E+00 0.0000E+00 2.7409E+02
    740      2.800 3.741E+06 2.550E+05 2.778E+07 1.972E-04 1.515E-02 4.732E+02 2.727E+03 3.830E+06 1.209E+03 0.0000E+00 0.0000E+00 2.7252E+02
    745      2.825 4.467E+06 3.085E+05 3.324E+07 1.971E-04 1.512E-02 5.177E+02 2.980E+03 4.576E+06 1.323E+03 0.0000E+00 0.0000E+00 2.6768E+02
    750      2.850 5.326E+06 3.727E+05 3.973E+07 1.972E-04 1.509E-02 5.660E+02 3.256E+03 5.461E+06 1.447E+03 0.0000E+00 0.0000E+00 2.5897E+02
    755      2.875 6.344E+06 4.497E+05 4.744E+07 1.974E-04 1.506E-02 6.184E+02 3.555E+03 6.509E+06 1.581E+03 0.0000E+00 0.0000E+00 2.4573E+02
    760      2.900 7.547E+06 5.421E+05 5.657E+07 1.977E-04 1.502E-02 6.754E+02 3.879E+03 7.750E+06 1.727E+03 0.0000E+00 0.0000E+00 2.2719E+02
    765      2.925 8.969E+06 6.525E+05 6.739E+07 1.981E-04 1.498E-02 7.371E+02 4.230E+03 9.217E+06 1.885E+03 0.0000E+00 0.0000E+00 2.0251E+02
    770      2.950 1.065E+07 7.846E+05 8.019E+07 1.985E-04 1.493E-02 8.041E+02 4.610E+03 1.095E+07 2.057E+03 0.0000E+00 0.0000E+00 1.7075E+02
    775      2.975 1.262E+07 9.422E+05 9.531E+07 1.990E-04 1.489E-02 8.766E+02 5.022E+03 1.299E+07 2.243E+03 0.0000E+00 0.0000E+00 1.3083E+02
    780      3.000 1.495E+07 1.130E+06 1.132E+08 1.995E-04 1.484E-02 9.552E+02 5.468E+03 1.540E+07 2.444E+03 0.0000E+00 0.0000E+00 8.1581E+01
    785      3.025 1.769E+07 1.354E+06 1.342E+08 2.000E-04 1.478E-02 1.040E+03 5.950E+03 1.824E+07 2.662E+03 0.0000E+00 0.0000E+00 2.1681E+01
    790      3.050 2.091E+07 1.621E+06 1.590E+08 2.005E-04 1.473E-02 1.132E+03 6.471E+03 2.158E+07 2.897E+03 0.0000E+00 0.0000E+00-5.0334E+01
    795      3.075 2.469E+07 1.938E+06 1.882E+08 2.009E-04 1.467E-02 1.232E+03 7.034E+03 2.549E+07 3.152E+03 0.0000E+00 0.0000E+00-1.3609E+02
    800      3.100 2.912E+07 2.314E+06 2.226E+08 2.013E-04 1.461E-02 1.340E+03 7.642E+03 3.009E+07 3.427E+03 0.0000E+00 0.0000E+00-2.3738E+02
    805      3.125 3.432E+07 2.760E+06 2.629E+08 2.016E-04 1.454E-02 1.456E+03 8.298E+03 3.549E+07 3.724E+03 0.0000E+00 0.0000E+00-3.5621E+02
    810      3.150 4.040E+07 3.289E+06 3.103E+08 2.018E-04 1.448E-02 1.582E+03 9.006E+03 4.181E+07 4.045E+03 0.0000E+00 0.0000E+00-4.9477E+02
    815      3.175 4.751E+07 3.915E+06 3.658E+08 2.018E-04 1.441E-02 1.717E+03 9.770E+03 4.920E+07 4.391E+03 0.0000E+00 0.0000E+00-6.5548E+02
    820      3.200 5.581E+07 4.655E+06 4.308E+08 2.018E-04 1.434E-02 1.864E+03 1.059E+04 5.784E+07 4.765E+03 0.0000E+00 0.0000E+00-8.4103E+02
    825      3.225 6.551E+07 5.530E+06 5.068E+08 2.016E-04 1.427E-02 2.021E+03 1.148E+04 6.794E+07 5.167E+03 0.0000E+00 0.0000E+00-1.0543E+03
    830      3.250 7.682E+07 6.562E+06 5.957E+08 2.014E-04 1.419E-02 2.192E+03 1.244E+04 7.972E+07 5.601E+03 0.0000E+00 0.0000E+00-1.2987E+03
    835      3.275 8.999E+07 7.779E+06 6.996E+08 2.010E-04 1.412E-02 2.375E+03 1.346E+04 9.346E+07 6.068E+03 0.0000E+00 0.0000E+00-1.5775E+03
    840      3.300 1.053E+08 9.212E+06 8.208E+08 2.006E-04 1.404E-02 2.573E+03 1.457E+04 1.095E+08 6.570E+03 0.0000E+00 0.0000E+00-1.8949E+03
    845      3.325 1.232E+08 1.090E+07 9.621E+08 2.002E-04 1.396E-02 2.785E+03 1.576E+04 1.281E+08 7.111E+03 0.0000E+00 0.0000E+00-2.2549E+03
    850      3.350 1.439E+08 1.288E+07 1.127E+09 1.998E-04 1.387E-02 3.014E+03 1.704E+04 1.497E+08 7.692E+03 0.0000E+00 0.0000E+00-2.6622E+03
    855      3.375 1.679E+08 1.521E+07 1.318E+09 1.994E-04 1.378E-02 3.260E+03 1.842E+04 1.749E+08 8.317E+03 0.0000E+00 0.0000E+00-3.1220E+03
    860      3.400 1.958E+08 1.794E+07 1.541E+09 1.992E-04 1.369E-02 3.525E+03 1.989E+04 2.041E+08 8.989E+03 0.0000E+00 0.0000E+00-3.6399E+03
    865      3.425 2.282E+08 2.115E+07 1.800E+09 1.992E-04 1.360E-02 3.810E+03 2.148E+04 2.380E+08 9.710E+03 0.0000E+00 0.0000E+00-4.2217E+03
    870      3.450 2.656E+08 2.490E+07 2.101E+09 1.994E-04 1.350E-02 4.115E+03 2.318E+04 2.772E+08 1.048E+04 0.0000E+00 0.0000E+00-4.8742E+03
    875      3.475 3.090E+08 2.929E+07 2.449E+09 1.999E-04 1.339E-02 4.444E+03 2.501E+04 3.226E+08 1.132E+04 0.0000E+00 0.0000E+00-5.6045E+03
    880      3.500 3.591E+08 3.442E+07 2.853E+09 2.008E-04 1.328E-02 4.796E+03 2.697E+04 3.752E+08 1.221E+04 0.0000E+00 0.0000E+00-6.4205E+03
    885      3.525 4.170E+08 4.042E+07 3.321E+09 2.021E-04 1.317E-02 5.175E+03 2.907E+04 4.359E+08 1.316E+04 0.0000E+00 0.0000E+00-7.3306E+03
    890      3.550 4.838E+08 4.742E+07 3.862E+09 2.038E-04 1.306E-02 5.581E+03 3.132E+04 5.061E+08 1.419E+04 0.0000E+00 0.0000E+00-8.3439E+03
    895      3.575 5.608E+08 5.558E+07 4.488E+09 2.060E-04 1.294E-02 6.016E+03 3.373E+04 5.870E+08 1.528E+04 0.0000E+00 0.0000E+00-9.4706E+03
    900      3.600 6.496E+08 6.509E+07 5.211E+09 2.086E-04 1.282E-02 6.482E+03 3.632E+04 6.804E+08 1.646E+04 0.0000E+00 0.0000E+00-1.0721E+04
    905      3.625 7.519E+08 7.617E+07 6.046E+09 2.116E-04 1.271E-02 6.982E+03 3.908E+04 7.880E+08 1.772E+04 0.0000E+00 0.0000E+00-1.2108E+04
    910      3.650 8.695E+08 8.905E+07 7.009E+09 2.150E-04 1.260E-02 7.517E+03 4.204E+04 9.118E+08 1.906E+04 0.0000E+00 0.0000E+00-1.3643E+04
    915      3.675 1.005E+09 1.040E+08 8.118E+09 2.187E-04 1.249E-02 8.090E+03 4.520E+04 1.054E+09 2.050E+04 0.0000E+00 0.0000E+00-1.5340E+04
    920      3.700 1.160E+09 1.214E+08 9.396E+09 2.225E-04 1.239E-02 8.704E+03 4.858E+04 1.218E+09 2.204E+04 0.0000E+00 0.0000E+00-1.7215E+04
    925      3.725 1.339E+09 1.416E+08 1.087E+10 2.264E-04 1.229E-02 9.360E+03 5.220E+04 1.406E+09 2.369E+04 0.0000E+00 0.0000E+00-1.9282E+04
    930      3.750 1.543E+09 1.650E+08 1.256E+10 2.302E-04 1.221E-02 1.006E+04 5.606E+04 1.622E+09 2.544E+04 0.0000E+00 0.0000E+00-2.1559E+04
    935      3.775 1.778E+09 1.921E+08 1.450E+10 2.338E-04 1.215E-02 1.081E+04 6.019E+04 1.870E+09 2.732E+04 0.0000E+00 0.0000E+00-2.4065E+04
    940      3.800 2.047E+09 2.234E+08 1.673E+10 2.370E-04 1.210E-02 1.161E+04 6.459E+04 2.154E+09 2.933E+04 0.0000E+00 0.0000E+00-2.6820E+04
    945      3.825 2.355E+09 2.597E+08 1.929E+10 2.396E-04 1.207E-02 1.247E+04 6.930E+04 2.479E+09 3.146E+04 0.0000E+00 0.0000E+00-2.9845E+04
    950      3.850 2.707E+09 3.017E+08 2.223E+10 2.416E-04 1.207E-02 1.339E+04 7.431E+04 2.851E+09 3.375E+04 0.0000E+00 0.0000E+00-3.3164E+04
    955      3.875 3.109E+09 3.502E+08 2.559E+10 2.427E-04 1.208E-02 1.436E+04 7.966E+04 3.276E+09 3.618E+04 0.0000E+00 0.0000E+00-3.6800E+04
    960      3.900 3.569E+09 4.061E+08 2.944E+10 2.428E-04 1.212E-02 1.541E+04 8.537E+04 3.763E+09 3.877E+04 0.0000E+00 0.0000E+00-4.0782E+04
    965      3.925 4.094E+09 4.706E+08 3.384E+10 2.420E-04 1.218E-02 1.652E+04 9.145E+04 4.318E+09 4.154E+04 0.0000E+00 0.0000E+00-4.5137E+04
    970      3.950 4.692E+09 5.450E+08 3.888E+10 2.402E-04 1.226E-02 1.771E+04 9.793E+04 4.952E+09 4.448E+04 0.0000E+00 0.0000E+00-4.9897E+04
    975      3.975 5.375E+09 6.306E+08 4.464E+10 2.373E-04 1.237E-02 1.897E+04 1.048E+05 5.675E+09 4.761E+04 0.0000E+00 0.0000E+00-5.5094E+04
    980      4.000 6.152E+09 7.291E+08 5.121E+10 2.336E-04 1.249E-02 2.032E+04 1.122E+05 6.500E+09 5.095E+04 0.0000E+00 0.0000E+00-6.0764E+04
    985      4.025 7.038E+09 8.424E+08 5.871E+10 2.290E-04 1.262E-02 2.176E+04 1.200E+05 7.439E+09 5.450E+04 0.0000E+00 0.0000E+00-6.6944E+04
    990      4.050 8.045E+09 9.727E+08 6.726E+10 2.238E-04 1.277E-02 2.329E+04 1.283E+05 8.507E+09 5.828E+04 0.0000E+00 0.0000E+00-7.3676E+04
    995      4.075 9.191E+09 1.122E+09 7.700E+10 2.181E-04 1.293E-02 2.492E+04 1.372E+05 9.723E+09 6.230E+04 0.0000E+00 0.0000E+00-8.1002E+04
   1000      4.100 1.049E+10 1.294E+09 8.810E+10 2.121E-04 1.310E-02 2.665E+04 1.466E+05 1.111E+10 6.657E+04 0.0000E+00 0.0000E+00-8.8969E+04
   1005      4.125 1.197E+10 1.491E+09 1.007E+11 2.061E-04 1.326E-02 2.850E+04 1.566E+05 1.268E+10 7.111E+04 0.0000E+00 0.0000E+00-9.7627E+04
   1010      4.150 1.365E+10 1.716E+09 1.151E+11 2.002E-04 1.342E-02 3.046E+04 1.673E+05 1.446E+10 7.593E+04 0.0000E+00 0.0000E+00-1.0703E+05
   1015      4.175 1.555E+10 1.975E+09 1.314E+11 1.947E-04 1.358E-02 3.255E+04 1.786E+05 1.648E+10 8.105E+04 0.0000E+00 0.0000E+00-1.1723E+05
   1020      4.200 1.771E+10 2.271E+09 1.500E+11 1.896E-04 1.373E-02 3.477E+04 1.906E+05 1.878E+10 8.649E+04 0.0000E+00 0.0000E+00-1.2829E+05
   1025      4.225 2.015E+10 2.609E+09 1.710E+11 1.852E-04 1.387E-02 3.713E+04 2.034E+05 2.137E+10 9.226E+04 0.0000E+00 0.0000E+00-1.4027E+05
   1030      4.250 2.292E+10 2.996E+09 1.949E+11 1.816E-04 1.400E-02 3.964E+04 2.170E+05 2.432E+10 9.838E+04 0.0000E+00 0.0000E+00-1.5325E+05
   1035      4.275 2.605E+10 3.438E+09 2.220E+11 1.787E-04 1.411E-02 4.230E+04 2.313E+05 2.765E+10 1.049E+05 0.0000E+00 0.0000E+00-1.6730E+05
   1040      4.300 2.960E+10 3.942E+09 2.526E+11 1.766E-04 1.421E-02 4.513E+04 2.466E+05 3.142E+10 1.118E+05 0.0000E+00 0.0000E+00-1.8248E+05
   1045      4.325 3.360E+10 4.518E+09 2.874E+11 1.752E-04 1.429E-02 4.814E+04 2.628E+05 3.569E+10 1.191E+05 0.0000E+00 0.0000E+00-1.9890E+05
   1050      4.350 3.812E+10 5.174E+09 3.267E+11 1.747E-04 1.436E-02 5.132E+04 2.800E+05 4.050E+10 1.268E+05 0.0000E+00 0.0000E+00-2.1662E+05
   1055      4.375 4.323E+10 5.922E+09 3.712E+11 1.747E-04 1.441E-02 5.471E+04 2.982E+05 4.594E+10 1.350E+05 0.0000E+00 0.0000E+00-2.3576E+05
   1060      4.400 4.899E+10 6.774E+09 4.214E+11 1.754E-04 1.444E-02 5.829E+04 3.174E+05 5.208E+10 1.437E+05 0.0000E+00 0.0000E+00-2.5640E+05
   1065      4.425 5.548E+10 7.743E+09 4.782E+11 1.766E-04 1.446E-02 6.210E+04 3.379E+05 5.901E+10 1.529E+05 0.0000E+00 0.0000E+00-2.7865E+05
   1070      4.450 6.280E+10 8.846E+09 5.424E+11 1.781E-04 1.446E-02 6.613E+04 3.595E+05 6.682E+10 1.626E+05 0.0000E+00 0.0000E+00-3.0263E+05
   1075      4.475 7.105E+10 1.010E+10 6.147E+11 1.800E-04 1.445E-02 7.040E+04 3.825E+05 7.562E+10 1.729E+05 0.0000E+00 0.0000E+00-3.2845E+05
   1080      4.500 8.034E+10 1.152E+10 6.963E+11 1.821E-04 1.443E-02 7.493E+04 4.067E+05 8.552E+10 1.838E+05 0.0000E+00 0.0000E+00-3.5625E+05
   1085      4.525 9.079E+10 1.314E+10 7.883E+11 1.843E-04 1.439E-02 7.972E+04 4.324E+05 9.667E+10 1.953E+05 0.0000E+00 0.0000E+00-3.8614E+05
   1090      4.550 1.025E+11 1.498E+10 8.919E+11 1.865E-04 1.434E-02 8.480E+04 4.596E+05 1.092E+11 2.075E+05 0.0000E+00 0.0000E+00-4.1828E+05
   1095      4.575 1.158E+11 1.706E+10 1.009E+12 1.888E-04 1.428E-02 9.018E+04 4.884E+05 1.233E+11 2.204E+05 0.0000E+00 0.0000E+00-4.5282E+05
   1100      4.600 1.306E+11 1.942E+10 1.140E+12 1.910E-04 1.421E-02 9.587E+04 5.188E+05 1.392E+11 2.340E+05 0.0000E+00 0.0000E+00-4.8991E+05
   1105      4.625 1.473E+11 2.209E+10 1.287E+12 1.931E-04 1.414E-02 1.019E+05 5.510E+05 1.570E+11 2.484E+05 0.0000E+00 0.0000E+00-5.2973E+05
   1110      4.650 1.660E+11 2.512E+10 1.453E+12 1.951E-04 1.405E-02 1.083E+05 5.850E+05 1.770E+11 2.635E+05 0.0000E+00 0.0000E+00-5.7245E+05
   1115      4.675 1.870E+11 2.855E+10 1.640E+12 1.970E-04 1.396E-02 1.150E+05 6.209E+05 1.994E+11 2.796E+05 0.0000E+00 0.0000E+00-6.1826E+05
   1120      4.700 2.105E+11 3.242E+10 1.849E+12 1.988E-04 1.387E-02 1.221E+05 6.589E+05 2.245E+11 2.965E+05 0.0000E+00 0.0000E+00-6.6736E+05
   1125      4.725 2.369E+11 3.680E+10 2.084E+12 2.005E-04 1.377E-02 1.296E+05 6.990E+05 2.527E+11 3.144E+05 0.0000E+00 0.0000E+00-7.1996E+05
   1130      4.750 2.664E+11 4.175E+10 2.347E+12 2.020E-04 1.367E-02 1.376E+05 7.414E+05 2.843E+11 3.332E+05 0.0000E+00 0.0000E+00-7.7629E+05
   1135      4.775 2.995E+11 4.734E+10 2.643E+12 2.036E-04 1.356E-02 1.460E+05 7.861E+05 3.196E+11 3.531E+05 0.0000E+00 0.0000E+00-8.3658E+05
   1140      4.800 3.365E+11 5.365E+10 2.974E+12 2.051E-04 1.345E-02 1.548E+05 8.333E+05 3.592E+11 3.740E+05 0.0000E+00 0.0000E+00-9.0108E+05
   1145      4.825 3.779E+11 6.077E+10 3.344E+12 2.066E-04 1.334E-02 1.642E+05 8.832E+05 4.035E+11 3.961E+05 0.0000E+00 0.0000E+00-9.7006E+05
   1150      4.850 4.242E+11 6.880E+10 3.759E+12 2.082E-04 1.323E-02 1.741E+05 9.357E+05 4.529E+11 4.194E+05 0.0000E+00 0.0000E+00-1.0438E+06
   1155      4.875 4.759E+11 7.784E+10 4.223E+12 2.100E-04 1.312E-02 1.845E+05 9.912E+05 5.083E+11 4.440E+05 0.0000E+00 0.0000E+00-1.1225E+06
   1160      4.900 5.337E+11 8.803E+10 4.742E+12 2.120E-04 1.301E-02 1.955E+05 1.050E+06 5.700E+11 4.698E+05 0.0000E+00 0.0000E+00-1.2067E+06
   1165      4.925 5.982E+11 9.950E+10 5.322E+12 2.142E-04 1.291E-02 2.071E+05 1.111E+06 6.390E+11 4.970E+05 0.0000E+00 0.0000E+00-1.2965E+06
   1170      4.950 6.702E+11 1.124E+11 5.969E+12 2.167E-04 1.280E-02 2.194E+05 1.176E+06 7.160E+11 5.257E+05 0.0000E+00 0.0000E+00-1.3923E+06
   1175      4.975 7.506E+11 1.269E+11 6.692E+12 2.194E-04 1.271E-02 2.323E+05 1.245E+06 8.019E+11 5.559E+05 0.0000E+00 0.0000E+00-1.4945E+06
   1180      5.000 8.401E+11 1.432E+11 7.499E+12 2.224E-04 1.262E-02 2.459E+05 1.317E+06 8.976E+11 5.876E+05 0.0000E+00 0.0000E+00-1.6034E+06
   1185      5.025 9.399E+11 1.616E+11 8.399E+12 2.255E-04 1.254E-02 2.602E+05 1.393E+06 1.004E+12 6.211E+05 0.0000E+00 0.0000E+00-1.7196E+06
   1190      5.050 1.051E+12 1.822E+11 9.402E+12 2.287E-04 1.247E-02 2.753E+05 1.473E+06 1.123E+12 6.562E+05 0.0000E+00 0.0000E+00-1.8433E+06
   1195      5.075 1.175E+12 2.053E+11 1.052E+13 2.319E-04 1.241E-02 2.912E+05 1.558E+06 1.256E+12 6.932E+05 0.0000E+00 0.0000E+00-1.9750E+06
   1200      5.100 1.313E+12 2.313E+11 1.177E+13 2.349E-04 1.237E-02 3.080E+05 1.647E+06 1.403E+12 7.320E+05 0.0000E+00 0.0000E+00-2.1152E+06
   1205      5.125 1.466E+12 2.603E+11 1.315E+13 2.375E-04 1.235E-02 3.256E+05 1.740E+06 1.567E+12 7.729E+05 0.0000E+00 0.0000E+00-2.2644E+06
   1210      5.150 1.637E+12 2.930E+11 1.469E+13 2.396E-04 1.235E-02 3.442E+05 1.838E+06 1.749E+12 8.158E+05 0.0000E+00 0.0000E+00-2.4231E+06
   1215      5.175 1.826E+12 3.295E+11 1.641E+13 2.409E-04 1.236E-02 3.637E+05 1.942E+06 1.952E+12 8.610E+05 0.0000E+00 0.0000E+00-2.5919E+06
   1220      5.200 2.037E+12 3.705E+11 1.831E+13 2.414E-04 1.240E-02 3.843E+05 2.051E+06 2.177E+12 9.084E+05 0.0000E+00 0.0000E+00-2.7712E+06
   1225      5.225 2.271E+12 4.163E+11 2.043E+13 2.409E-04 1.246E-02 4.059E+05 2.165E+06 2.427E+12 9.581E+05 0.0000E+00 0.0000E+00-2.9618E+06
   1230      5.250 2.531E+12 4.676E+11 2.279E+13 2.394E-04 1.254E-02 4.286E+05 2.286E+06 2.704E+12 1.010E+06 0.0000E+00 0.0000E+00-3.1642E+06
   1235      5.275 2.819E+12 5.249E+11 2.540E+13 2.368E-04 1.264E-02 4.525E+05 2.413E+06 3.013E+12 1.065E+06 0.0000E+00 0.0000E+00-3.3791E+06
   1240      5.300 3.139E+12 5.891E+11 2.829E+13 2.332E-04 1.276E-02 4.776E+05 2.546E+06 3.354E+12 1.123E+06 0.0000E+00 0.0000E+00-3.6072E+06
   1245      5.325 3.494E+12 6.608E+11 3.151E+13 2.288E-04 1.289E-02 5.040E+05 2.686E+06 3.733E+12 1.183E+06 0.0000E+00 0.0000E+00-3.8493E+06
   1250      5.350 3.887E+12 7.408E+11 3.507E+13 2.237E-04 1.303E-02 5.317E+05 2.833E+06 4.153E+12 1.247E+06 0.0000E+00 0.0000E+00-4.1060E+06
   1255      5.375 4.323E+12 8.303E+11 3.902E+13 2.181E-04 1.318E-02 5.609E+05 2.987E+06 4.618E+12 1.313E+06 0.0000E+00 0.0000E+00-4.3781E+06
   1260      5.400 4.806E+12 9.300E+11 4.339E+13 2.124E-04 1.334E-02 5.915E+05 3.149E+06 5.134E+12 1.383E+06 0.0000E+00 0.0000E+00-4.6666E+06
   1265      5.425 5.341E+12 1.041E+12 4.823E+13 2.067E-04 1.349E-02 6.236E+05 3.320E+06 5.704E+12 1.456E+06 0.0000E+00 0.0000E+00-4.9723E+06
   1270      5.450 5.932E+12 1.166E+12 5.358E+13 2.013E-04 1.365E-02 6.573E+05 3.498E+06 6.335E+12 1.533E+06 0.0000E+00 0.0000E+00-5.2961E+06
   1275      5.475 6.587E+12 1.304E+12 5.950E+13 1.964E-04 1.380E-02 6.927E+05 3.686E+06 7.034E+12 1.613E+06 0.0000E+00 0.0000E+00-5.6390E+06
   1280      5.500 7.312E+12 1.458E+12 6.605E+13 1.922E-04 1.395E-02 7.298E+05 3.883E+06 7.806E+12 1.697E+06 0.0000E+00 0.0000E+00-6.0019E+06
   1285      5.525 8.113E+12 1.630E+12 7.329E+13 1.888E-04 1.409E-02 7.687E+05 4.090E+06 8.659E+12 1.785E+06 0.0000E+00 0.0000E+00-6.3860E+06
   1290      5.550 8.998E+12 1.821E+12 8.128E+13 1.863E-04 1.421E-02 8.095E+05 4.307E+06 9.603E+12 1.877E+06 0.0000E+00 0.0000E+00-6.7924E+06
   1295      5.575 9.976E+12 2.034E+12 9.010E+13 1.846E-04 1.433E-02 8.524E+05 4.535E+06 1.064E+13 1.974E+06 0.0000E+00 0.0000E+00-7.2221E+06
   1300      5.600 1.106E+13 2.271E+12 9.984E+13 1.838E-04 1.443E-02 8.972E+05 4.773E+06 1.179E+13 2.075E+06 0.0000E+00 0.0000E+00-7.6765E+06
   1305      5.625 1.225E+13 2.535E+12 1.106E+14 1.836E-04 1.452E-02 9.443E+05 5.024E+06 1.306E+13 2.181E+06 0.0000E+00 0.0000E+00-8.1567E+06
   1310      5.650 1.357E+13 2.828E+12 1.224E+14 1.841E-04 1.460E-02 9.936E+05 5.286E+06 1.447E+13 2.292E+06 0.0000E+00 0.0000E+00-8.6641E+06
   1315      5.675 1.502E+13 3.153E+12 1.355E+14 1.850E-04 1.466E-02 1.045E+06 5.561E+06 1.601E+13 2.407E+06 0.0000E+00 0.0000E+00-9.2002E+06
   1320      5.700 1.662E+13 3.515E+12 1.499E+14 1.863E-04 1.472E-02 1.099E+06 5.850E+06 1.771E+13 2.529E+06 0.0000E+00 0.0000E+00-9.7662E+06
   1325      5.725 1.839E+13 3.916E+12 1.657E+14 1.878E-04 1.476E-02 1.156E+06 6.152E+06 1.959E+13 2.655E+06 0.0000E+00 0.0000E+00-1.0364E+07
   1330      5.750 2.033E+13 4.362E+12 1.832E+14 1.895E-04 1.480E-02 1.215E+06 6.469E+06 2.166E+13 2.788E+06 0.0000E+00 0.0000E+00-1.0995E+07
   1335      5.775 2.248E+13 4.856E+12 2.024E+14 1.912E-04 1.483E-02 1.277E+06 6.800E+06 2.394E+13 2.926E+06 0.0000E+00 0.0000E+00-1.1660E+07
   1340      5.800 2.484E+13 5.405E+12 2.235E+14 1.928E-04 1.485E-02 1.342E+06 7.148E+06 2.645E+13 3.071E+06 0.0000E+00 0.0000E+00-1.2362E+07
   1345      5.825 2.745E+13 6.013E+12 2.467E+14 1.945E-04 1.486E-02 1.410E+06 7.512E+06 2.921E+13 3.223E+06 0.0000E+00 0.0000E+00-1.3102E+07
   1350      5.850 3.031E+13 6.687E+12 2.722E+14 1.962E-04 1.487E-02 1.482E+06 7.893E+06 3.225E+13 3.381E+06 0.0000E+00 0.0000E+00-1.3883E+07
   1355      5.875 3.346E+13 7.434E+12 3.003E+14 1.979E-04 1.487E-02 1.556E+06 8.292E+06 3.559E+13 3.546E+06 0.0000E+00 0.0000E+00-1.4706E+07
   1360      5.900 3.693E+13 8.262E+12 3.311E+14 1.997E-04 1.487E-02 1.634E+06 8.710E+06 3.926E+13 3.718E+06 0.0000E+00 0.0000E+00-1.5573E+07
   1365      5.925 4.075E+13 9.178E+12 3.649E+14 2.015E-04 1.486E-02 1.715E+06 9.147E+06 4.330E+13 3.898E+06 0.0000E+00 0.0000E+00-1.6486E+07
   1370      5.950 4.494E+13 1.019E+13 4.020E+14 2.035E-04 1.486E-02 1.800E+06 9.604E+06 4.774E+13 4.086E+06 0.0000E+00 0.0000E+00-1.7447E+07
   1375      5.975 4.955E+13 1.131E+13 4.427E+14 2.056E-04 1.485E-02 1.889E+06 1.008E+07 5.262E+13 4.282E+06 0.0000E+00 0.0000E+00-1.8460E+07
   1380      6.000 5.461E+13 1.255E+13 4.873E+14 2.079E-04 1.484E-02 1.982E+06 1.058E+07 5.797E+13 4.487E+06 0.0000E+00 0.0000E+00-1.9526E+07
   1385      6.025 6.017E+13 1.393E+13 5.362E+14 2.104E-04 1.483E-02 2.079E+06 1.111E+07 6.385E+13 4.700E+06 0.0000E+00 0.0000E+00-2.0648E+07
   1390      6.050 6.628E+13 1.544E+13 5.897E+14 2.129E-04 1.482E-02 2.181E+06 1.166E+07 7.030E+13 4.923E+06 0.0000E+00 0.0000E+00-2.1828E+07
   1395      6.075 7.299E+13 1.712E+13 6.484E+14 2.154E-04 1.482E-02 2.286E+06 1.223E+07 7.738E+13 5.155E+06 0.0000E+00 0.0000E+00-2.3069E+07
   1400      6.100 8.034E+13 1.897E+13 7.126E+14 2.178E-04 1.482E-02 2.397E+06 1.283E+07 8.514E+13 5.398E+06 0.0000E+00 0.0000E+00-2.4375E+07
   1405      6.125 8.842E+13 2.102E+13 7.829E+14 2.200E-04 1.483E-02 2.512E+06 1.345E+07 9.365E+13 5.650E+06 0.0000E+00 0.0000E+00-2.5747E+07
   1410      6.150 9.727E+13 2.327E+13 8.598E+14 2.218E-04 1.484E-02 2.633E+06 1.411E+07 1.030E+14 5.914E+06 0.0000E+00 0.0000E+00-2.7190E+07
   1415      6.175 1.070E+14 2.576E+13 9.439E+14 2.231E-04 1.487E-02 2.759E+06 1.479E+07 1.132E+14 6.188E+06 0.0000E+00 0.0000E+00-2.8706E+07
   1420      6.200 1.176E+14 2.851E+13 1.036E+15 2.238E-04 1.490E-02 2.890E+06 1.551E+07 1.244E+14 6.474E+06 0.0000E+00 0.0000E+00-3.0298E+07
   1425      6.225 1.293E+14 3.154E+13 1.136E+15 2.237E-04 1.494E-02 3.027E+06 1.625E+07 1.367E+14 6.772E+06 0.0000E+00 0.0000E+00-3.1971E+07
   1430      6.250 1.421E+14 3.488E+13 1.246E+15 2.228E-04 1.498E-02 3.169E+06 1.703E+07 1.501E+14 7.082E+06 0.0000E+00 0.0000E+00-3.3728E+07
   1435      6.275 1.560E+14 3.857E+13 1.366E+15 2.211E-04 1.504E-02 3.318E+06 1.785E+07 1.648E+14 7.405E+06 0.0000E+00 0.0000E+00-3.5572E+07
   1440      6.300 1.714E+14 4.263E+13 1.496E+15 2.185E-04 1.510E-02 3.474E+06 1.870E+07 1.809E+14 7.741E+06 0.0000E+00 0.0000E+00-3.7508E+07
   1445      6.325 1.881E+14 4.710E+13 1.639E+15 2.151E-04 1.517E-02 3.635E+06 1.959E+07 1.984E+14 8.092E+06 0.0000E+00 0.0000E+00-3.9539E+07
   1450      6.350 2.065E+14 5.202E+13 1.795E+15 2.110E-04 1.525E-02 3.804E+06 2.052E+07 2.177E+14 8.456E+06 0.0000E+00 0.0000E+00-4.1670E+07
   1455      6.375 2.265E+14 5.744E+13 1.964E+15 2.064E-04 1.532E-02 3.980E+06 2.148E+07 2.387E+14 8.835E+06 0.0000E+00 0.0000E+00-4.3906E+07
   1460      6.400 2.485E+14 6.340E+13 2.149E+15 2.015E-04 1.540E-02 4.163E+06 2.250E+07 2.617E+14 9.230E+06 0.0000E+00 0.0000E+00-4.6251E+07
   1465      6.425 2.725E+14 6.996E+13 2.351E+15 1.965E-04 1.547E-02 4.353E+06 2.355E+07 2.868E+14 9.641E+06 0.0000E+00 0.0000E+00-4.8709E+07
   1470      6.450 2.987E+14 7.717E+13 2.570E+15 1.916E-04 1.553E-02 4.552E+06 2.465E+07 3.142E+14 1.007E+07 0.0000E+00 0.0000E+00-5.1286E+07
   1475      6.475 3.274E+14 8.511E+13 2.809E+15 1.869E-04 1.559E-02 4.759E+06 2.580E+07 3.442E+14 1.051E+07 0.0000E+00 0.0000E+00-5.3987E+07
   1480      6.500 3.588E+14 9.383E+13 3.069E+15 1.828E-04 1.564E-02 4.974E+06 2.700E+07 3.769E+14 1.097E+07 0.0000E+00 0.0000E+00-5.6817E+07
   1485      6.525 3.930E+14 1.034E+14 3.351E+15 1.793E-04 1.568E-02 5.198E+06 2.825E+07 4.126E+14 1.145E+07 0.0000E+00 0.0000E+00-5.9782E+07
   1490      6.550 4.304E+14 1.139E+14 3.659E+15 1.765E-04 1.571E-02 5.432E+06 2.955E+07 4.515E+14 1.195E+07 0.0000E+00 0.0000E+00-6.2888E+07
   1495      6.575 4.712E+14 1.255E+14 3.993E+15 1.747E-04 1.572E-02 5.674E+06 3.092E+07 4.940E+14 1.247E+07 0.0000E+00 0.0000E+00-6.6140E+07
   1500      6.600 5.157E+14 1.382E+14 4.357E+15 1.737E-04 1.572E-02 5.927E+06 3.233E+07 5.403E+14 1.301E+07 0.0000E+00 0.0000E+00-6.9545E+07
   1505      6.625 5.643E+14 1.521E+14 4.752E+15 1.735E-04 1.570E-02 6.190E+06 3.381E+07 5.908E+14 1.357E+07 0.0000E+00 0.0000E+00-7.3109E+07
   1510      6.650 6.173E+14 1.674E+14 5.180E+15 1.742E-04 1.566E-02 6.463E+06 3.536E+07 6.459E+14 1.415E+07 0.0000E+00 0.0000E+00-7.6839E+07
   1515      6.675 6.751E+14 1.842E+14 5.646E+15 1.756E-04 1.561E-02 6.747E+06 3.696E+07 7.059E+14 1.475E+07 0.0000E+00 0.0000E+00-8.0743E+07
   1520      6.700 7.381E+14 2.026E+14 6.151E+15 1.776E-04 1.555E-02 7.043E+06 3.864E+07 7.713E+14 1.538E+07 0.0000E+00 0.0000E+00-8.4827E+07
   1525      6.725 8.069E+14 2.228E+14 6.700E+15 1.802E-04 1.547E-02 7.350E+06 4.039E+07 8.425E+14 1.603E+07 0.0000E+00 0.0000E+00-8.9098E+07
   1530      6.750 8.818E+14 2.449E+14 7.294E+15 1.832E-04 1.537E-02 7.669E+06 4.220E+07 9.200E+14 1.671E+07 0.0000E+00 0.0000E+00-9.3565E+07
   1535      6.775 9.634E+14 2.691E+14 7.939E+15 1.864E-04 1.527E-02 8.001E+06 4.410E+07 1.004E+15 1.741E+07 0.0000E+00 0.0000E+00-9.8236E+07
   1540      6.800 1.052E+15 2.957E+14 8.638E+15 1.899E-04 1.515E-02 8.345E+06 4.608E+07 1.096E+15 1.814E+07 0.0000E+00 0.0000E+00-1.0312E+08
   1545      6.825 1.149E+15 3.248E+14 9.395E+15 1.934E-04 1.503E-02 8.704E+06 4.813E+07 1.196E+15 1.889E+07 0.0000E+00 0.0000E+00-1.0822E+08
   1550      6.850 1.254E+15 3.566E+14 1.022E+16 1.969E-04 1.490E-02 9.076E+06 5.028E+07 1.305E+15 1.967E+07 0.0000E+00 0.0000E+00-1.1356E+08
   1555      6.875 1.369E+15 3.915E+14 1.110E+16 2.002E-04 1.476E-02 9.462E+06 5.251E+07 1.423E+15 2.049E+07 0.0000E+00 0.0000E+00-1.1913E+08
   1560      6.900 1.494E+15 4.296E+14 1.206E+16 2.034E-04 1.462E-02 9.863E+06 5.483E+07 1.552E+15 2.133E+07 0.0000E+00 0.0000E+00-1.2495E+08
   1565      6.925 1.630E+15 4.714E+14 1.311E+16 2.063E-04 1.447E-02 1.028E+07 5.725E+07 1.692E+15 2.220E+07 0.0000E+00 0.0000E+00-1.3103E+08
   1570      6.950 1.778E+15 5.170E+14 1.423E+16 2.089E-04 1.433E-02 1.071E+07 5.977E+07 1.844E+15 2.311E+07 0.0000E+00 0.0000E+00-1.3738E+08
   1575      6.975 1.938E+15 5.670E+14 1.545E+16 2.110E-04 1.418E-02 1.116E+07 6.240E+07 2.009E+15 2.405E+07 0.0000E+00 0.0000E+00-1.4401E+08
   1580      7.000 2.113E+15 6.216E+14 1.676E+16 2.128E-04 1.403E-02 1.163E+07 6.513E+07 2.188E+15 2.502E+07 0.0000E+00 0.0000E+00-1.5093E+08
   1585      7.025 2.303E+15 6.813E+14 1.819E+16 2.141E-04 1.389E-02 1.211E+07 6.797E+07 2.383E+15 2.603E+07 0.0000E+00 0.0000E+00-1.5815E+08
   1590      7.050 2.510E+15 7.465E+14 1.972E+16 2.150E-04 1.375E-02 1.261E+07 7.093E+07 2.595E+15 2.707E+07 0.0000E+00 0.0000E+00-1.6569E+08
   1595      7.075 2.734E+15 8.178E+14 2.138E+16 2.153E-04 1.361E-02 1.313E+07 7.400E+07 2.824E+15 2.815E+07 0.0000E+00 0.0000E+00-1.7355E+08
   1600      7.100 2.978E+15 8.956E+14 2.317E+16 2.152E-04 1.348E-02 1.367E+07 7.721E+07 3.074E+15 2.927E+07 0.0000E+00 0.0000E+00-1.8176E+08
   1605      7.125 3.243E+15 9.806E+14 2.511E+16 2.147E-04 1.335E-02 1.423E+07 8.054E+07 3.344E+15 3.043E+07 0.0000E+00 0.0000E+00-1.9032E+08
   1610      7.150 3.530E+15 1.073E+15 2.719E+16 2.138E-04 1.322E-02 1.481E+07 8.400E+07 3.638E+15 3.163E+07 0.0000E+00 0.0000E+00-1.9924E+08
   1615      7.175 3.842E+15 1.175E+15 2.944E+16 2.125E-04 1.309E-02 1.541E+07 8.761E+07 3.956E+15 3.287E+07 0.0000E+00 0.0000E+00-2.0855E+08
   1620      7.200 4.181E+15 1.285E+15 3.187E+16 2.110E-04 1.297E-02 1.603E+07 9.135E+07 4.301E+15 3.416E+07 0.0000E+00 0.0000E+00-2.1825E+08
   1625      7.225 4.548E+15 1.406E+15 3.449E+16 2.092E-04 1.285E-02 1.668E+07 9.525E+07 4.676E+15 3.549E+07 0.0000E+00 0.0000E+00-2.2836E+08
   1630      7.250 4.947E+15 1.537E+15 3.731E+16 2.074E-04 1.273E-02 1.734E+07 9.931E+07 5.081E+15 3.687E+07 0.0000E+00 0.0000E+00-2.3890E+08
   1635      7.275 5.380E+15 1.681E+15 4.035E+16 2.057E-04 1.261E-02 1.804E+07 1.035E+08 5.521E+15 3.830E+07 0.0000E+00 0.0000E+00-2.4989E+08
   1640      7.300 5.849E+15 1.837E+15 4.362E+16 2.040E-04 1.249E-02 1.875E+07 1.079E+08 5.997E+15 3.977E+07 0.0000E+00 0.0000E+00-2.6133E+08
   1645      7.325 6.358E+15 2.008E+15 4.714E+16 2.026E-04 1.236E-02 1.950E+07 1.125E+08 6.513E+15 4.130E+07 0.0000E+00 0.0000E+00-2.7325E+08
   1650      7.350 6.909E+15 2.194E+15 5.094E+16 2.015E-04 1.223E-02 2.027E+07 1.172E+08 7.072E+15 4.287E+07 0.0000E+00 0.0000E+00-2.8567E+08
   1655      7.375 7.507E+15 2.396E+15 5.502E+16 2.009E-04 1.210E-02 2.106E+07 1.221E+08 7.677E+15 4.451E+07 0.0000E+00 0.0000E+00-2.9860E+08
   1660      7.400 8.155E+15 2.616E+15 5.941E+16 2.009E-04 1.196E-02 2.189E+07 1.272E+08 8.332E+15 4.619E+07 0.0000E+00 0.0000E+00-3.1207E+08
   1665      7.425 8.856E+15 2.857E+15 6.413E+16 2.015E-04 1.182E-02 2.274E+07 1.325E+08 9.041E+15 4.793E+07 0.0000E+00 0.0000E+00-3.2608E+08
   1670      7.450 9.616E+15 3.118E+15 6.921E+16 2.028E-04 1.167E-02 2.362E+07 1.381E+08 9.809E+15 4.974E+07 0.0000E+00 0.0000E+00-3.4068E+08
   1675      7.475 1.044E+16 3.403E+15 7.467E+16 2.048E-04 1.152E-02 2.454E+07 1.438E+08 1.064E+16 5.160E+07 0.0000E+00 0.0000E+00-3.5587E+08
   1680      7.500 1.133E+16 3.712E+15 8.053E+16 2.077E-04 1.136E-02 2.548E+07 1.497E+08 1.154E+16 5.352E+07 0.0000E+00 0.0000E+00-3.7167E+08
   1685      7.525 1.230E+16 4.049E+15 8.683E+16 2.113E-04 1.121E-02 2.646E+07 1.559E+08 1.251E+16 5.551E+07 0.0000E+00 0.0000E+00-3.8812E+08
   1690      7.550 1.334E+16 4.416E+15 9.360E+16 2.156E-04 1.105E-02 2.747E+07 1.624E+08 1.356E+16 5.756E+07 0.0000E+00 0.0000E+00-4.0523E+08
   1695      7.575 1.447E+16 4.814E+15 1.009E+17 2.205E-04 1.090E-02 2.852E+07 1.690E+08 1.469E+16 5.968E+07 0.0000E+00 0.0000E+00-4.2303E+08
   1700      7.600 1.569E+16 5.248E+15 1.087E+17 2.258E-04 1.076E-02 2.960E+07 1.760E+08 1.592E+16 6.187E+07 0.0000E+00 0.0000E+00-4.4154E+08
   1705      7.625 1.701E+16 5.719E+15 1.170E+17 2.314E-04 1.062E-02 3.072E+07 1.832E+08 1.725E+16 6.414E+07 0.0000E+00 0.0000E+00-4.6079E+08
   1710      7.650 1.844E+16 6.232E+15 1.260E+17 2.370E-04 1.051E-02 3.187E+07 1.906E+08 1.868E+16 6.647E+07 0.0000E+00 0.0000E+00-4.8081E+08
   1715      7.675 1.999E+16 6.788E+15 1.356E+17 2.423E-04 1.041E-02 3.307E+07 1.984E+08 2.023E+16 6.888E+07 0.0000E+00 0.0000E+00-5.0162E+08
   1720      7.700 2.166E+16 7.393E+15 1.459E+17 2.471E-04 1.034E-02 3.430E+07 2.065E+08 2.190E+16 7.137E+07 0.0000E+00 0.0000E+00-5.2325E+08
   1725      7.725 2.347E+16 8.050E+15 1.570E+17 2.509E-04 1.030E-02 3.558E+07 2.148E+08 2.371E+16 7.393E+07 0.0000E+00 0.0000E+00-5.4573E+08
   1730      7.750 2.542E+16 8.763E+15 1.688E+17 2.537E-04 1.030E-02 3.689E+07 2.235E+08 2.565E+16 7.658E+07 0.0000E+00 0.0000E+00-5.6910E+08
   1735      7.775 2.753E+16 9.538E+15 1.815E+17 2.550E-04 1.032E-02 3.826E+07 2.325E+08 2.776E+16 7.932E+07 0.0000E+00 0.0000E+00-5.9338E+08
   1740      7.800 2.981E+16 1.038E+16 1.951E+17 2.548E-04 1.038E-02 3.966E+07 2.418E+08 3.003E+16 8.213E+07 0.0000E+00 0.0000E+00-6.1861E+08
   1745      7.825 3.227E+16 1.129E+16 2.096E+17 2.529E-04 1.048E-02 4.111E+07 2.515E+08 3.248E+16 8.504E+07 0.0000E+00 0.0000E+00-6.4481E+08
   1750      7.850 3.493E+16 1.228E+16 2.252E+17 2.494E-04 1.060E-02 4.261E+07 2.616E+08 3.512E+16 8.804E+07 0.0000E+00 0.0000E+00-6.7203E+08
   1755      7.875 3.780E+16 1.336E+16 2.419E+17 2.443E-04 1.076E-02 4.416E+07 2.720E+08 3.797E+16 9.113E+07 0.0000E+00 0.0000E+00-7.0030E+08
   1760      7.900 4.090E+16 1.452E+16 2.597E+17 2.379E-04 1.094E-02 4.576E+07 2.829E+08 4.105E+16 9.432E+07 0.0000E+00 0.0000E+00-7.2966E+08
   1765      7.925 4.424E+16 1.579E+16 2.788E+17 2.304E-04 1.114E-02 4.741E+07 2.941E+08 4.437E+16 9.761E+07 0.0000E+00 0.0000E+00-7.6014E+08
   1770      7.950 4.785E+16 1.716E+16 2.991E+17 2.222E-04 1.135E-02 4.911E+07 3.057E+08 4.794E+16 1.010E+08 0.0000E+00 0.0000E+00-7.9178E+08
   1775      7.975 5.174E+16 1.864E+16 3.209E+17 2.137E-04 1.156E-02 5.087E+07 3.178E+08 5.179E+16 1.045E+08 0.0000E+00 0.0000E+00-8.2463E+08
   1780      8.000 5.594E+16 2.025E+16 3.442E+17 2.053E-04 1.178E-02 5.268E+07 3.303E+08 5.595E+16 1.081E+08 0.0000E+00 0.0000E+00-8.5872E+08
   1785      8.025 6.047E+16 2.200E+16 3.690E+17 1.976E-04 1.199E-02 5.455E+07 3.433E+08 6.042E+16 1.118E+08 0.0000E+00 0.0000E+00-8.9410E+08
   1790      8.050 6.535E+16 2.389E+16 3.956E+17 1.907E-04 1.219E-02 5.647E+07 3.568E+08 6.524E+16 1.156E+08 0.0000E+00 0.0000E+00-9.3082E+08
   1795      8.075 7.062E+16 2.594E+16 4.239E+17 1.852E-04 1.238E-02 5.846E+07 3.707E+08 7.043E+16 1.195E+08 0.0000E+00 0.0000E+00-9.6891E+08
   1800      8.100 7.629E+16 2.816E+16 4.542E+17 1.812E-04 1.256E-02 6.051E+07 3.852E+08 7.602E+16 1.236E+08 0.0000E+00 0.0000E+00-1.0084E+09
   1805      8.125 8.241E+16 3.056E+16 4.864E+17 1.789E-04 1.272E-02 6.263E+07 4.002E+08 8.205E+16 1.278E+08 0.0000E+00 0.0000E+00-1.0494E+09
   1810      8.150 8.900E+16 3.316E+16 5.209E+17 1.784E-04 1.286E-02 6.481E+07 4.158E+08 8.853E+16 1.321E+08 0.0000E+00 0.0000E+00-1.0919E+09
   1815      8.175 9.610E+16 3.598E+16 5.576E+17 1.796E-04 1.298E-02 6.705E+07 4.319E+08 9.551E+16 1.365E+08 0.0000E+00 0.0000E+00-1.1360E+09
   1820      8.200 1.038E+17 3.903E+16 5.968E+17 1.825E-04 1.308E-02 6.937E+07 4.486E+08 1.030E+17 1.410E+08 0.0000E+00 0.0000E+00-1.1818E+09
   1825      8.225 1.120E+17 4.232E+16 6.385E+17 1.867E-04 1.317E-02 7.175E+07 4.659E+08 1.111E+17 1.457E+08 0.0000E+00 0.0000E+00-1.2292E+09
   1830      8.250 1.209E+17 4.589E+16 6.830E+17 1.921E-04 1.325E-02 7.421E+07 4.838E+08 1.198E+17 1.506E+08 0.0000E+00 0.0000E+00-1.2783E+09
   1835      8.275 1.304E+17 4.975E+16 7.304E+17 1.983E-04 1.333E-02 7.674E+07 5.024E+08 1.291E+17 1.555E+08 0.0000E+00 0.0000E+00-1.3293E+09
   1840      8.300 1.407E+17 5.392E+16 7.809E+17 2.049E-04 1.339E-02 7.935E+07 5.216E+08 1.392E+17 1.606E+08 0.0000E+00 0.0000E+00-1.3821E+09
   1845      8.325 1.518E+17 5.843E+16 8.347E+17 2.117E-04 1.346E-02 8.204E+07 5.416E+08 1.500E+17 1.659E+08 0.0000E+00 0.0000E+00-1.4368E+09
   1850      8.350 1.637E+17 6.331E+16 8.920E+17 2.182E-04 1.352E-02 8.480E+07 5.622E+08 1.616E+17 1.713E+08 0.0000E+00 0.0000E+00-1.4935E+09
   1855      8.375 1.765E+17 6.858E+16 9.529E+17 2.241E-04 1.360E-02 8.765E+07 5.836E+08 1.741E+17 1.768E+08 0.0000E+00 0.0000E+00-1.5523E+09
   1860      8.400 1.903E+17 7.428E+16 1.018E+18 2.291E-04 1.368E-02 9.059E+07 6.058E+08 1.876E+17 1.826E+08 0.0000E+00 0.0000E+00-1.6132E+09
   1865      8.425 2.051E+17 8.044E+16 1.087E+18 2.329E-04 1.377E-02 9.361E+07 6.287E+08 2.020E+17 1.884E+08 0.0000E+00 0.0000E+00-1.6762E+09
   1870      8.450 2.210E+17 8.709E+16 1.160E+18 2.353E-04 1.388E-02 9.671E+07 6.525E+08 2.175E+17 1.945E+08 0.0000E+00 0.0000E+00-1.7416E+09
   1875      8.475 2.382E+17 9.427E+16 1.238E+18 2.361E-04 1.400E-02 9.991E+07 6.770E+08 2.342E+17 2.007E+08 0.0000E+00 0.0000E+00-1.8092E+09
   1880      8.500 2.566E+17 1.020E+17 1.321E+18 2.353E-04 1.414E-02 1.032E+08 7.025E+08 2.521E+17 2.071E+08 0.0000E+00 0.0000E+00-1.8793E+09
   1885      8.525 2.764E+17 1.104E+17 1.409E+18 2.330E-04 1.429E-02 1.066E+08 7.289E+08 2.713E+17 2.137E+08 0.0000E+00 0.0000E+00-1.9519E+09
   1890      8.550 2.977E+17 1.194E+17 1.503E+18 2.293E-04 1.446E-02 1.101E+08 7.562E+08 2.920E+17 2.204E+08 0.0000E+00 0.0000E+00-2.0270E+09
   1895      8.575 3.205E+17 1.292E+17 1.602E+18 2.243E-04 1.463E-02 1.137E+08 7.844E+08 3.141E+17 2.273E+08 0.0000E+00 0.0000E+00-2.1048E+09
   1900      8.600 3.451E+17 1.397E+17 1.708E+18 2.184E-04 1.481E-02 1.173E+08 8.137E+08 3.379E+17 2.345E+08 0.0000E+00 0.0000E+00-2.1853E+09
   1905      8.625 3.715E+17 1.511E+17 1.820E+18 2.118E-04 1.499E-02 1.211E+08 8.439E+08 3.634E+17 2.418E+08 0.0000E+00 0.0000E+00-2.2686E+09
   1910      8.650 3.998E+17 1.634E+17 1.939E+18 2.050E-04 1.518E-02 1.250E+08 8.752E+08 3.908E+17 2.493E+08 0.0000E+00 0.0000E+00-2.3549E+09
   1915      8.675 4.303E+17 1.766E+17 2.065E+18 1.982E-04 1.536E-02 1.290E+08 9.077E+08 4.202E+17 2.570E+08 0.0000E+00 0.0000E+00-2.4441E+09
   1920      8.700 4.629E+17 1.909E+17 2.199E+18 1.918E-04 1.553E-02 1.332E+08 9.412E+08 4.518E+17 2.650E+08 0.0000E+00 0.0000E+00-2.5365E+09
   1925      8.725 4.980E+17 2.062E+17 2.341E+18 1.860E-04 1.570E-02 1.374E+08 9.759E+08 4.856E+17 2.731E+08 0.0000E+00 0.0000E+00-2.6321E+09
   1930      8.750 5.357E+17 2.228E+17 2.492E+18 1.811E-04 1.585E-02 1.417E+08 1.012E+09 5.219E+17 2.815E+08 0.0000E+00 0.0000E+00-2.7309E+09
   1935      8.775 5.761E+17 2.407E+17 2.652E+18 1.773E-04 1.599E-02 1.462E+08 1.049E+09 5.608E+17 2.900E+08 0.0000E+00 0.0000E+00-2.8332E+09
   1940      8.800 6.194E+17 2.599E+17 2.821E+18 1.745E-04 1.612E-02 1.508E+08 1.087E+09 6.025E+17 2.989E+08 0.0000E+00 0.0000E+00-2.9390E+09
   1945      8.825 6.659E+17 2.807E+17 3.000E+18 1.728E-04 1.623E-02 1.555E+08 1.127E+09 6.472E+17 3.079E+08 0.0000E+00 0.0000E+00-3.0484E+09
   1950      8.850 7.158E+17 3.031E+17 3.190E+18 1.722E-04 1.633E-02 1.604E+08 1.168E+09 6.952E+17 3.172E+08 0.0000E+00 0.0000E+00-3.1616E+09
   1955      8.875 7.693E+17 3.272E+17 3.392E+18 1.725E-04 1.640E-02 1.654E+08 1.211E+09 7.465E+17 3.267E+08 0.0000E+00 0.0000E+00-3.2786E+09
   1960      8.900 8.267E+17 3.531E+17 3.605E+18 1.735E-04 1.647E-02 1.705E+08 1.255E+09 8.016E+17 3.365E+08 0.0000E+00 0.0000E+00-3.3996E+09
   1965      8.925 8.882E+17 3.810E+17 3.831E+18 1.750E-04 1.651E-02 1.757E+08 1.300E+09 8.605E+17 3.465E+08 0.0000E+00 0.0000E+00-3.5248E+09
   1970      8.950 9.542E+17 4.111E+17 4.069E+18 1.769E-04 1.655E-02 1.811E+08 1.347E+09 9.237E+17 3.568E+08 0.0000E+00 0.0000E+00-3.6541E+09
   1975      8.975 1.025E+18 4.435E+17 4.322E+18 1.790E-04 1.657E-02 1.867E+08 1.396E+09 9.913E+17 3.673E+08 0.0000E+00 0.0000E+00-3.7878E+09
   1980      9.000 1.101E+18 4.784E+17 4.589E+18 1.812E-04 1.657E-02 1.924E+08 1.446E+09 1.064E+18 3.781E+08 0.0000E+00 0.0000E+00-3.9260E+09
   1985      9.025 1.182E+18 5.159E+17 4.872E+18 1.833E-04 1.657E-02 1.982E+08 1.498E+09 1.141E+18 3.892E+08 0.0000E+00 0.0000E+00-4.0688E+09
   1990      9.050 1.269E+18 5.562E+17 5.171E+18 1.852E-04 1.655E-02 2.042E+08 1.551E+09 1.224E+18 4.006E+08 0.0000E+00 0.0000E+00-4.2164E+09
   1995      9.075 1.362E+18 5.997E+17 5.487E+18 1.868E-04 1.653E-02 2.103E+08 1.607E+09 1.313E+18 4.123E+08 0.0000E+00 0.0000E+00-4.3690E+09
   2000      9.100 1.462E+18 6.464E+17 5.821E+18 1.882E-04 1.649E-02 2.166E+08 1.664E+09 1.408E+18 4.242E+08 0.0000E+00 0.0000E+00-4.5266E+09
   2005      9.125 1.568E+18 6.966E+17 6.173E+18 1.894E-04 1.645E-02 2.231E+08 1.724E+09 1.510E+18 4.365E+08 0.0000E+00 0.0000E+00-4.6894E+09
   2010      9.150 1.683E+18 7.506E+17 6.546E+18 1.903E-04 1.640E-02 2.297E+08 1.785E+09 1.619E+18 4.490E+08 0.0000E+00 0.0000E+00-4.8576E+09
   2015      9.175 1.805E+18 8.087E+17 6.939E+18 1.909E-04 1.634E-02 2.365E+08 1.848E+09 1.736E+18 4.619E+08 0.0000E+00 0.0000E+00-5.0314E+09
   2020      9.200 1.936E+18 8.712E+17 7.355E+18 1.915E-04 1.628E-02 2.435E+08 1.914E+09 1.860E+18 4.750E+08 0.0000E+00 0.0000E+00-5.2109E+09
   2025      9.225 2.077E+18 9.383E+17 7.794E+18 1.919E-04 1.621E-02 2.507E+08 1.981E+09 1.994E+18 4.885E+08 0.0000E+00 0.0000E+00-5.3963E+09
   2030      9.250 2.227E+18 1.010E+18 8.257E+18 1.922E-04 1.613E-02 2.580E+08 2.051E+09 2.136E+18 5.024E+08 0.0000E+00 0.0000E+00-5.5878E+09
   2035      9.275 2.387E+18 1.088E+18 8.745E+18 1.925E-04 1.604E-02 2.655E+08 2.123E+09 2.289E+18 5.165E+08 0.0000E+00 0.0000E+00-5.7855E+09
   2040      9.300 2.559E+18 1.171E+18 9.260E+18 1.929E-04 1.595E-02 2.732E+08 2.197E+09 2.452E+18 5.310E+08 0.0000E+00 0.0000E+00-5.9896E+09
   2045      9.325 2.743E+18 1.261E+18 9.804E+18 1.933E-04 1.585E-02 2.811E+08 2.274E+09 2.626E+18 5.459E+08 0.0000E+00 0.0000E+00-6.2004E+09
   2050      9.350 2.940E+18 1.357E+18 1.038E+19 1.939E-04 1.574E-02 2.892E+08 2.354E+09 2.812E+18 5.611E+08 0.0000E+00 0.0000E+00-6.4181E+09
   2055      9.375 3.150E+18 1.460E+18 1.098E+19 1.947E-04 1.562E-02 2.975E+08 2.436E+09 3.011E+18 5.767E+08 0.0000E+00 0.0000E+00-6.6427E+09
   2060      9.400 3.374E+18 1.571E+18 1.162E+19 1.957E-04 1.550E-02 3.060E+08 2.521E+09 3.224E+18 5.926E+08 0.0000E+00 0.0000E+00-6.8746E+09
   2065      9.425 3.615E+18 1.690E+18 1.229E+19 1.969E-04 1.537E-02 3.148E+08 2.608E+09 3.451E+18 6.090E+08 0.0000E+00 0.0000E+00-7.1140E+09
   2070      9.450 3.871E+18 1.817E+18 1.299E+19 1.984E-04 1.524E-02 3.237E+08 2.699E+09 3.694E+18 6.257E+08 0.0000E+00 0.0000E+00-7.3610E+09
   2075      9.475 4.146E+18 1.954E+18 1.374E+19 2.001E-04 1.510E-02 3.328E+08 2.792E+09 3.953E+18 6.428E+08 0.0000E+00 0.0000E+00-7.6160E+09
   2080      9.500 4.439E+18 2.101E+18 1.452E+19 2.021E-04 1.496E-02 3.422E+08 2.888E+09 4.229E+18 6.603E+08 0.0000E+00 0.0000E+00-7.8791E+09
   2085      9.525 4.752E+18 2.259E+18 1.535E+19 2.041E-04 1.481E-02 3.518E+08 2.988E+09 4.525E+18 6.782E+08 0.0000E+00 0.0000E+00-8.1506E+09
   2090      9.550 5.087E+18 2.428E+18 1.621E+19 2.062E-04 1.466E-02 3.616E+08 3.090E+09 4.840E+18 6.965E+08 0.0000E+00 0.0000E+00-8.4307E+09
   2095      9.575 5.444E+18 2.609E+18 1.713E+19 2.083E-04 1.451E-02 3.716E+08 3.196E+09 5.177E+18 7.152E+08 0.0000E+00 0.0000E+00-8.7196E+09
   2100      9.600 5.826E+18 2.804E+18 1.809E+19 2.103E-04 1.436E-02 3.819E+08 3.306E+09 5.537E+18 7.344E+08 0.0000E+00 0.0000E+00-9.0178E+09
   2105      9.625 6.234E+18 3.013E+18 1.910E+19 2.120E-04 1.421E-02 3.924E+08 3.419E+09 5.920E+18 7.539E+08 0.0000E+00 0.0000E+00-9.3253E+09
   2110      9.650 6.669E+18 3.237E+18 2.016E+19 2.134E-04 1.406E-02 4.032E+08 3.535E+09 6.330E+18 7.740E+08 0.0000E+00 0.0000E+00-9.6425E+09
   2115      9.675 7.134E+18 3.476E+18 2.128E+19 2.144E-04 1.391E-02 4.142E+08 3.655E+09 6.767E+18 7.945E+08 0.0000E+00 0.0000E+00-9.9696E+09
   2120      9.700 7.630E+18 3.733E+18 2.245E+19 2.149E-04 1.376E-02 4.255E+08 3.779E+09 7.232E+18 8.154E+08 0.0000E+00 0.0000E+00-1.0307E+10
   2125      9.725 8.159E+18 4.009E+18 2.369E+19 2.149E-04 1.362E-02 4.370E+08 3.907E+09 7.729E+18 8.368E+08 0.0000E+00 0.0000E+00-1.0655E+10
   2130      9.750 8.724E+18 4.304E+18 2.498E+19 2.145E-04 1.348E-02 4.488E+08 4.039E+09 8.259E+18 8.587E+08 0.0000E+00 0.0000E+00-1.1014E+10
   2135      9.775 9.326E+18 4.620E+18 2.634E+19 2.138E-04 1.335E-02 4.609E+08 4.176E+09 8.825E+18 8.811E+08 0.0000E+00 0.0000E+00-1.1384E+10
   2140      9.800 9.969E+18 4.959E+18 2.777E+19 2.128E-04 1.321E-02 4.732E+08 4.316E+09 9.427E+18 9.039E+08 0.0000E+00 0.0000E+00-1.1765E+10
   2145      9.825 1.065E+19 5.322E+18 2.927E+19 2.116E-04 1.308E-02 4.858E+08 4.461E+09 1.007E+19 9.273E+08 0.0000E+00 0.0000E+00-1.2158E+10
   2150      9.850 1.139E+19 5.711E+18 3.085E+19 2.106E-04 1.295E-02 4.987E+08 4.611E+09 1.075E+19 9.511E+08 0.0000E+00 0.0000E+00-1.2564E+10
   2155      9.875 1.217E+19 6.127E+18 3.250E+19 2.098E-04 1.282E-02 5.119E+08 4.765E+09 1.148E+19 9.755E+08 0.0000E+00 0.0000E+00-1.2981E+10
   2160      9.900 1.300E+19 6.572E+18 3.424E+19 2.093E-04 1.269E-02 5.254E+08 4.924E+09 1.226E+19 1.000E+09 0.0000E+00 0.0000E+00-1.3412E+10
   2165      9.925 1.388E+19 7.049E+18 3.606E+19 2.095E-04 1.256E-02 5.392E+08 5.088E+09 1.309E+19 1.026E+09 0.0000E+00 0.0000E+00-1.3856E+10
   2170      9.950 1.483E+19 7.560E+18 3.797E+19 2.102E-04 1.244E-02 5.533E+08 5.258E+09 1.397E+19 1.052E+09 0.0000E+00 0.0000E+00-1.4313E+10
   2175      9.975 1.583E+19 8.106E+18 3.997E+19 2.117E-04 1.231E-02 5.677E+08 5.432E+09 1.492E+19 1.078E+09 0.0000E+00 0.0000E+00-1.4785E+10
   2180     10.000 1.691E+19 8.690E+18 4.206E+19 2.139E-04 1.218E-02 5.824E+08 5.612E+09 1.592E+19 1.105E+09 0.0000E+00 0.0000E+00-1.5271E+10
   2185     10.025 1.805E+19 9.316E+18 4.426E+19 2.167E-04 1.206E-02 5.974E+08 5.798E+09 1.698E+19 1.133E+09 0.0000E+00 0.0000E+00-1.5771E+10
   2190     10.050 1.927E+19 9.985E+18 4.657E+19 2.199E-04 1.195E-02 6.127E+08 5.989E+09 1.812E+19 1.161E+09 0.0000E+00 0.0000E+00-1.6287E+10
