#--it-----t--------dt-------EEK-------EEM-------EEGW------hrms------urms------brms------umax------bmax------o2m------divu2m----gg2m---
    0   1.0000  4.89E-05 0.000E+00 0.000E+00 0.000E+00 0.000E+00 0.000E+00 0.000E+00 0.000E+00 0.000E+00 0.000E+00 0.000E+00 0.00E+00
#--it-----t--------dt-------EEK-------EEM-------EEGW------hrms------urms------brms------umax------bmax------o2m------divu2m----gg2m---
    0   1.0000  4.89E-05 0.000E+00 0.000E+00 0.000E+00 0.000E+00 0.000E+00 0.000E+00 0.000E+00 0.000E+00 0.000E+00 0.000E+00 0.00E+00
   20   1.0010  4.88E-05 2.654E-09 2.443E-04 5.069E-14 1.613E-10 7.285E-05 2.211E-02 3.800E-04 6.425E-02 1.284E-03 5.157E-03 3.04E-13
   40   1.0020  4.86E-05 3.851E-08 4.642E-04 5.816E-13 1.236E-09 2.775E-04 3.047E-02 1.469E-03 9.361E-02 2.100E-02 6.454E-02 3.49E-12
   60   1.0029  4.84E-05 1.581E-07 6.823E-04 1.842E-12 3.452E-09 5.624E-04 3.694E-02 3.075E-03 1.090E-01 1.001E-01 2.267E-01 1.11E-11
   80   1.0039  4.83E-05 4.060E-07 9.287E-04 3.855E-12 6.611E-09 9.011E-04 4.310E-02 4.732E-03 1.223E-01 3.070E-01 4.839E-01 2.31E-11
  100   1.0049  4.81E-05 8.434E-07 1.159E-03 6.724E-12 1.052E-08 1.299E-03 4.815E-02 5.847E-03 1.406E-01 7.449E-01 8.404E-01 4.03E-11
  120   1.0058  4.79E-05 1.526E-06 1.367E-03 1.003E-11 1.500E-08 1.747E-03 5.228E-02 8.594E-03 1.552E-01 1.537E+00 1.287E+00 6.02E-11
  140   1.0068  4.76E-05 2.507E-06 1.580E-03 1.443E-11 1.988E-08 2.239E-03 5.622E-02 1.103E-02 1.666E-01 2.819E+00 1.757E+00 8.66E-11
  160   1.0077  4.74E-05 3.858E-06 1.782E-03 2.019E-11 2.534E-08 2.778E-03 5.971E-02 1.280E-02 1.835E-01 4.726E+00 2.225E+00 1.21E-10
  180   1.0087  4.72E-05 5.698E-06 1.981E-03 2.668E-11 3.156E-08 3.376E-03 6.295E-02 1.579E-02 1.910E-01 7.399E+00 2.803E+00 1.60E-10
  200   1.0096  4.69E-05 8.106E-06 2.163E-03 3.325E-11 3.853E-08 4.027E-03 6.578E-02 1.939E-02 1.878E-01 1.098E+01 3.462E+00 1.99E-10
  220   1.0105  4.69E-05 1.116E-05 2.376E-03 4.033E-11 4.609E-08 4.726E-03 6.894E-02 2.141E-02 1.975E-01 1.563E+01 4.118E+00 2.42E-10
  240   1.0115  4.67E-05 1.502E-05 2.540E-03 4.770E-11 5.415E-08 5.481E-03 7.128E-02 2.425E-02 1.892E-01 2.156E+01 4.847E+00 2.86E-10
  260   1.0124  4.64E-05 1.973E-05 2.734E-03 5.502E-11 6.251E-08 6.281E-03 7.395E-02 2.767E-02 2.011E-01 2.892E+01 5.629E+00 3.30E-10
  280   1.0133  4.60E-05 2.545E-05 2.958E-03 6.465E-11 7.118E-08 7.134E-03 7.692E-02 3.280E-02 2.095E-01 3.798E+01 6.429E+00 3.88E-10
  300   1.0142  4.56E-05 3.215E-05 3.111E-03 7.355E-11 8.023E-08 8.019E-03 7.888E-02 3.831E-02 2.166E-01 4.874E+01 7.184E+00 4.41E-10
  320   1.0152  4.53E-05 3.997E-05 3.302E-03 8.236E-11 8.946E-08 8.942E-03 8.127E-02 4.388E-02 2.265E-01 6.130E+01 8.073E+00 4.94E-10
  340   1.0161  4.51E-05 4.913E-05 3.495E-03 9.368E-11 9.878E-08 9.914E-03 8.361E-02 4.927E-02 2.306E-01 7.586E+01 9.207E+00 5.62E-10
  360   1.0170  4.47E-05 5.967E-05 3.725E-03 1.071E-10 1.083E-07 1.093E-02 8.631E-02 5.372E-02 2.368E-01 9.270E+01 1.028E+01 6.43E-10
  380   1.0178  4.45E-05 7.159E-05 3.891E-03 1.212E-10 1.181E-07 1.197E-02 8.821E-02 5.606E-02 2.489E-01 1.119E+02 1.125E+01 7.27E-10
  400   1.0187  4.42E-05 8.505E-05 4.100E-03 1.341E-10 1.282E-07 1.304E-02 9.056E-02 5.713E-02 2.536E-01 1.336E+02 1.228E+01 8.05E-10
  420   1.0196  4.37E-05 1.001E-04 4.297E-03 1.490E-10 1.384E-07 1.415E-02 9.270E-02 6.557E-02 2.551E-01 1.577E+02 1.371E+01 8.94E-10
  440   1.0205  4.35E-05 1.167E-04 4.405E-03 1.632E-10 1.487E-07 1.528E-02 9.387E-02 7.285E-02 2.512E-01 1.845E+02 1.525E+01 9.79E-10
  460   1.0214  4.34E-05 1.347E-04 4.617E-03 1.780E-10 1.590E-07 1.641E-02 9.609E-02 7.639E-02 2.485E-01 2.141E+02 1.610E+01 1.07E-09
  480   1.0222  4.34E-05 1.544E-04 4.790E-03 1.949E-10 1.693E-07 1.757E-02 9.788E-02 7.654E-02 2.544E-01 2.465E+02 1.687E+01 1.17E-09
  500   1.0231  4.33E-05 1.762E-04 4.964E-03 2.111E-10 1.796E-07 1.877E-02 9.964E-02 7.610E-02 2.607E-01 2.821E+02 1.824E+01 1.27E-09
  520   1.0240  4.33E-05 1.997E-04 5.071E-03 2.270E-10 1.899E-07 1.998E-02 1.007E-01 8.080E-02 2.632E-01 3.202E+02 2.005E+01 1.36E-09
  540   1.0248  4.31E-05 2.251E-04 5.268E-03 2.425E-10 2.000E-07 2.122E-02 1.026E-01 8.616E-02 2.631E-01 3.617E+02 2.147E+01 1.45E-09
  560   1.0257  4.28E-05 2.532E-04 5.464E-03 2.583E-10 2.099E-07 2.250E-02 1.045E-01 8.995E-02 2.877E-01 4.075E+02 2.291E+01 1.55E-09
  580   1.0265  4.28E-05 2.836E-04 5.660E-03 2.745E-10 2.197E-07 2.381E-02 1.064E-01 9.277E-02 2.995E-01 4.569E+02 2.470E+01 1.65E-09
  600   1.0274  4.26E-05 3.161E-04 5.785E-03 2.919E-10 2.294E-07 2.514E-02 1.076E-01 9.513E-02 2.916E-01 5.098E+02 2.679E+01 1.75E-09
  620   1.0282  4.21E-05 3.503E-04 5.930E-03 3.111E-10 2.388E-07 2.646E-02 1.089E-01 9.546E-02 2.978E-01 5.658E+02 2.901E+01 1.87E-09
  640   1.0291  4.17E-05 3.856E-04 6.061E-03 3.292E-10 2.478E-07 2.776E-02 1.101E-01 9.815E-02 2.920E-01 6.247E+02 3.051E+01 1.98E-09
  660   1.0299  4.14E-05 4.224E-04 6.172E-03 3.506E-10 2.566E-07 2.906E-02 1.111E-01 1.030E-01 2.874E-01 6.865E+02 3.173E+01 2.10E-09
  680   1.0307  4.12E-05 4.606E-04 6.265E-03 3.731E-10 2.654E-07 3.034E-02 1.119E-01 1.072E-01 2.831E-01 7.510E+02 3.341E+01 2.24E-09
  700   1.0316  4.10E-05 5.005E-04 6.408E-03 3.957E-10 2.743E-07 3.163E-02 1.132E-01 1.155E-01 2.894E-01 8.187E+02 3.561E+01 2.37E-09
  720   1.0324  4.08E-05 5.421E-04 6.487E-03 4.237E-10 2.836E-07 3.292E-02 1.139E-01 1.235E-01 2.908E-01 8.896E+02 3.778E+01 2.54E-09
  740   1.0332  4.07E-05 5.847E-04 6.596E-03 4.490E-10 2.933E-07 3.418E-02 1.149E-01 1.304E-01 2.998E-01 9.628E+02 3.978E+01 2.69E-09
  760   1.0340  4.05E-05 6.289E-04 6.772E-03 4.743E-10 3.036E-07 3.545E-02 1.164E-01 1.359E-01 3.017E-01 1.040E+03 4.107E+01 2.85E-09
  780   1.0348  4.03E-05 6.744E-04 6.904E-03 4.994E-10 3.144E-07 3.671E-02 1.175E-01 1.412E-01 3.065E-01 1.120E+03 4.256E+01 3.00E-09
  800   1.0356  4.00E-05 7.213E-04 7.027E-03 5.257E-10 3.255E-07 3.797E-02 1.185E-01 1.447E-01 3.080E-01 1.204E+03 4.472E+01 3.15E-09
  820   1.0364  3.98E-05 7.696E-04 7.130E-03 5.502E-10 3.369E-07 3.922E-02 1.194E-01 1.493E-01 2.974E-01 1.291E+03 4.684E+01 3.30E-09
  840   1.0372  3.97E-05 8.195E-04 7.291E-03 5.725E-10 3.485E-07 4.046E-02 1.208E-01 1.554E-01 3.164E-01 1.383E+03 4.863E+01 3.43E-09
  860   1.0380  3.96E-05 8.707E-04 7.397E-03 5.914E-10 3.603E-07 4.171E-02 1.216E-01 1.619E-01 3.049E-01 1.480E+03 5.040E+01 3.55E-09
  880   1.0388  3.92E-05 9.231E-04 7.491E-03 6.090E-10 3.720E-07 4.294E-02 1.224E-01 1.707E-01 3.172E-01 1.580E+03 5.254E+01 3.65E-09
  900   1.0396  3.89E-05 9.760E-04 7.558E-03 6.279E-10 3.835E-07 4.415E-02 1.229E-01 1.796E-01 3.144E-01 1.684E+03 5.461E+01 3.77E-09
  920   1.0403  3.85E-05 1.029E-03 7.690E-03 6.476E-10 3.947E-07 4.534E-02 1.240E-01 1.877E-01 3.143E-01 1.791E+03 5.658E+01 3.89E-09
  940   1.0411  3.82E-05 1.083E-03 7.898E-03 6.584E-10 4.058E-07 4.653E-02 1.257E-01 1.936E-01 3.215E-01 1.902E+03 5.877E+01 3.95E-09
  960   1.0419  3.76E-05 1.138E-03 8.007E-03 6.655E-10 4.164E-07 4.769E-02 1.265E-01 1.969E-01 3.035E-01 2.016E+03 6.157E+01 3.99E-09
  980   1.0426  3.72E-05 1.194E-03 8.070E-03 6.847E-10 4.264E-07 4.884E-02 1.270E-01 1.980E-01 3.078E-01 2.133E+03 6.453E+01 4.11E-09
 1000   1.0434  3.68E-05 1.250E-03 8.162E-03 7.093E-10 4.357E-07 4.997E-02 1.278E-01 1.983E-01 3.159E-01 2.254E+03 6.696E+01 4.26E-09
 1020   1.0441  3.66E-05 1.305E-03 8.241E-03 7.261E-10 4.444E-07 5.107E-02 1.284E-01 1.986E-01 3.257E-01 2.379E+03 6.829E+01 4.36E-09
 1040   1.0448  3.65E-05 1.362E-03 8.397E-03 7.460E-10 4.523E-07 5.215E-02 1.296E-01 1.971E-01 3.171E-01 2.508E+03 6.932E+01 4.48E-09
 1060   1.0456  3.65E-05 1.420E-03 8.494E-03 7.765E-10 4.597E-07 5.325E-02 1.303E-01 1.940E-01 3.216E-01 2.644E+03 7.172E+01 4.66E-09
 1080   1.0463  3.65E-05 1.479E-03 8.572E-03 8.048E-10 4.667E-07 5.434E-02 1.309E-01 1.934E-01 3.440E-01 2.785E+03 7.545E+01 4.83E-09
 1100   1.0470  3.65E-05 1.539E-03 8.644E-03 8.276E-10 4.732E-07 5.542E-02 1.315E-01 1.955E-01 3.414E-01 2.931E+03 7.910E+01 4.97E-09
 1120   1.0477  3.66E-05 1.599E-03 8.746E-03 8.476E-10 4.794E-07 5.649E-02 1.323E-01 2.002E-01 3.393E-01 3.084E+03 8.158E+01 5.09E-09
 1140   1.0485  3.66E-05 1.659E-03 8.739E-03 8.680E-10 4.853E-07 5.754E-02 1.322E-01 2.047E-01 3.317E-01 3.243E+03 8.328E+01 5.21E-09
 1160   1.0492  3.67E-05 1.720E-03 8.873E-03 8.923E-10 4.906E-07 5.858E-02 1.332E-01 2.081E-01 3.310E-01 3.409E+03 8.491E+01 5.35E-09
 1180   1.0499  3.67E-05 1.780E-03 8.870E-03 9.240E-10 4.955E-07 5.961E-02 1.332E-01 2.146E-01 3.433E-01 3.581E+03 8.746E+01 5.54E-09
 1200   1.0507  3.65E-05 1.840E-03 8.902E-03 9.568E-10 4.998E-07 6.061E-02 1.334E-01 2.198E-01 3.438E-01 3.758E+03 9.092E+01 5.74E-09
 1220   1.0514  3.62E-05 1.901E-03 8.997E-03 9.857E-10 5.038E-07 6.160E-02 1.341E-01 2.248E-01 3.560E-01 3.941E+03 9.394E+01 5.91E-09
 1240   1.0521  3.60E-05 1.961E-03 9.101E-03 1.013E-09 5.077E-07 6.256E-02 1.349E-01 2.308E-01 3.457E-01 4.131E+03 9.635E+01 6.08E-09
 1260   1.0528  3.57E-05 2.021E-03 9.215E-03 1.043E-09 5.116E-07 6.351E-02 1.358E-01 2.346E-01 3.530E-01 4.328E+03 9.843E+01 6.26E-09
 1280   1.0536  3.56E-05 2.080E-03 9.266E-03 1.080E-09 5.157E-07 6.444E-02 1.361E-01 2.368E-01 3.686E-01 4.530E+03 1.010E+02 6.48E-09
 1300   1.0543  3.56E-05 2.139E-03 9.299E-03 1.113E-09 5.202E-07 6.534E-02 1.364E-01 2.366E-01 3.836E-01 4.740E+03 1.041E+02 6.68E-09
 1320   1.0550  3.55E-05 2.197E-03 9.343E-03 1.136E-09 5.251E-07 6.622E-02 1.367E-01 2.351E-01 3.811E-01 4.956E+03 1.071E+02 6.82E-09
 1340   1.0557  3.55E-05 2.254E-03 9.490E-03 1.162E-09 5.304E-07 6.707E-02 1.378E-01 2.335E-01 3.809E-01 5.181E+03 1.099E+02 6.97E-09
 1360   1.0564  3.55E-05 2.311E-03 9.511E-03 1.195E-09 5.363E-07 6.790E-02 1.379E-01 2.367E-01 3.971E-01 5.415E+03 1.125E+02 7.17E-09
 1380   1.0571  3.52E-05 2.367E-03 9.565E-03 1.219E-09 5.426E-07 6.872E-02 1.383E-01 2.431E-01 3.897E-01 5.657E+03 1.148E+02 7.32E-09
 1400   1.0578  3.49E-05 2.422E-03 9.640E-03 1.229E-09 5.491E-07 6.952E-02 1.389E-01 2.517E-01 3.881E-01 5.908E+03 1.177E+02 7.38E-09
 1420   1.0585  3.46E-05 2.478E-03 9.747E-03 1.239E-09 5.557E-07 7.031E-02 1.396E-01 2.588E-01 3.888E-01 6.169E+03 1.211E+02 7.43E-09
 1440   1.0592  3.43E-05 2.533E-03 9.861E-03 1.253E-09 5.622E-07 7.108E-02 1.404E-01 2.649E-01 4.003E-01 6.440E+03 1.248E+02 7.52E-09
 1460   1.0599  3.42E-05 2.588E-03 9.881E-03 1.269E-09 5.686E-07 7.184E-02 1.406E-01 2.689E-01 4.085E-01 6.720E+03 1.285E+02 7.61E-09
 1480   1.0606  3.40E-05 2.641E-03 1.005E-02 1.284E-09 5.747E-07 7.258E-02 1.418E-01 2.710E-01 4.204E-01 7.011E+03 1.321E+02 7.70E-09
 1500   1.0612  3.39E-05 2.694E-03 1.011E-02 1.296E-09 5.805E-07 7.330E-02 1.422E-01 2.723E-01 4.269E-01 7.313E+03 1.351E+02 7.78E-09
 1520   1.0619  3.39E-05 2.747E-03 1.012E-02 1.304E-09 5.858E-07 7.400E-02 1.423E-01 2.719E-01 4.365E-01 7.626E+03 1.372E+02 7.82E-09
 1540   1.0626  3.39E-05 2.799E-03 1.026E-02 1.315E-09 5.904E-07 7.470E-02 1.433E-01 2.708E-01 4.195E-01 7.953E+03 1.396E+02 7.89E-09
 1560   1.0633  3.39E-05 2.851E-03 1.036E-02 1.341E-09 5.941E-07 7.539E-02 1.439E-01 2.704E-01 4.183E-01 8.295E+03 1.437E+02 8.05E-09
 1580   1.0639  3.39E-05 2.904E-03 1.042E-02 1.374E-09 5.969E-07 7.608E-02 1.444E-01 2.711E-01 4.093E-01 8.651E+03 1.493E+02 8.24E-09
 1600   1.0646  3.40E-05 2.955E-03 1.043E-02 1.407E-09 5.990E-07 7.674E-02 1.444E-01 2.783E-01 4.203E-01 9.022E+03 1.553E+02 8.44E-09
 1620   1.0653  3.40E-05 3.004E-03 1.054E-02 1.446E-09 6.004E-07 7.738E-02 1.452E-01 2.850E-01 4.229E-01 9.407E+03 1.602E+02 8.67E-09
 1640   1.0660  3.40E-05 3.053E-03 1.061E-02 1.486E-09 6.013E-07 7.800E-02 1.457E-01 2.892E-01 4.320E-01 9.810E+03 1.632E+02 8.91E-09
 1660   1.0667  3.39E-05 3.100E-03 1.073E-02 1.514E-09 6.022E-07 7.860E-02 1.465E-01 2.904E-01 4.179E-01 1.023E+04 1.652E+02 9.08E-09
 1680   1.0673  3.38E-05 3.148E-03 1.078E-02 1.536E-09 6.029E-07 7.920E-02 1.468E-01 2.955E-01 4.330E-01 1.067E+04 1.684E+02 9.21E-09
 1700   1.0680  3.36E-05 3.195E-03 1.091E-02 1.569E-09 6.037E-07 7.979E-02 1.477E-01 3.021E-01 4.648E-01 1.112E+04 1.726E+02 9.41E-09
 1720   1.0687  3.34E-05 3.242E-03 1.098E-02 1.616E-09 6.048E-07 8.038E-02 1.482E-01 3.058E-01 4.580E-01 1.160E+04 1.774E+02 9.70E-09
 1740   1.0693  3.32E-05 3.289E-03 1.102E-02 1.655E-09 6.061E-07 8.095E-02 1.485E-01 3.054E-01 4.560E-01 1.209E+04 1.826E+02 9.93E-09
 1760   1.0700  3.29E-05 3.335E-03 1.115E-02 1.669E-09 6.079E-07 8.151E-02 1.494E-01 3.035E-01 4.529E-01 1.260E+04 1.880E+02 1.00E-08
 1780   1.0707  3.24E-05 3.380E-03 1.121E-02 1.672E-09 6.098E-07 8.206E-02 1.498E-01 3.057E-01 4.638E-01 1.312E+04 1.927E+02 1.00E-08
 1800   1.0713  3.21E-05 3.424E-03 1.129E-02 1.690E-09 6.118E-07 8.260E-02 1.502E-01 3.110E-01 4.611E-01 1.366E+04 1.974E+02 1.01E-08
 1820   1.0719  3.16E-05 3.467E-03 1.129E-02 1.719E-09 6.137E-07 8.311E-02 1.503E-01 3.207E-01 4.547E-01 1.422E+04 2.019E+02 1.03E-08
 1840   1.0726  3.11E-05 3.509E-03 1.133E-02 1.737E-09 6.155E-07 8.361E-02 1.505E-01 3.388E-01 4.650E-01 1.478E+04 2.060E+02 1.04E-08
 1860   1.0732  3.05E-05 3.549E-03 1.140E-02 1.743E-09 6.174E-07 8.408E-02 1.510E-01 3.559E-01 4.613E-01 1.536E+04 2.099E+02 1.05E-08
 1880   1.0738  3.02E-05 3.589E-03 1.146E-02 1.753E-09 6.192E-07 8.454E-02 1.514E-01 3.668E-01 4.496E-01 1.595E+04 2.140E+02 1.05E-08
 1900   1.0744  2.98E-05 3.627E-03 1.154E-02 1.769E-09 6.208E-07 8.499E-02 1.519E-01 3.774E-01 4.560E-01 1.654E+04 2.195E+02 1.06E-08
 1920   1.0750  2.96E-05 3.665E-03 1.161E-02 1.789E-09 6.223E-07 8.543E-02 1.524E-01 3.795E-01 4.508E-01 1.715E+04 2.251E+02 1.07E-08
 1940   1.0756  2.97E-05 3.703E-03 1.169E-02 1.807E-09 6.234E-07 8.587E-02 1.529E-01 3.750E-01 4.455E-01 1.779E+04 2.300E+02 1.08E-08
 1960   1.0762  3.00E-05 3.742E-03 1.180E-02 1.836E-09 6.244E-07 8.631E-02 1.536E-01 3.640E-01 4.620E-01 1.845E+04 2.349E+02 1.10E-08
 1980   1.0768  3.03E-05 3.781E-03 1.182E-02 1.877E-09 6.251E-07 8.676E-02 1.538E-01 3.575E-01 4.682E-01 1.913E+04 2.398E+02 1.13E-08
 2000   1.0774  3.05E-05 3.819E-03 1.192E-02 1.915E-09 6.256E-07 8.720E-02 1.544E-01 3.623E-01 4.782E-01 1.985E+04 2.449E+02 1.15E-08
 2020   1.0780  3.06E-05 3.858E-03 1.195E-02 1.940E-09 6.261E-07 8.764E-02 1.546E-01 3.655E-01 4.841E-01 2.059E+04 2.508E+02 1.16E-08
 2040   1.0786  3.06E-05 3.896E-03 1.199E-02 1.965E-09 6.263E-07 8.808E-02 1.549E-01 3.720E-01 4.878E-01 2.136E+04 2.563E+02 1.18E-08
 2060   1.0792  3.03E-05 3.934E-03 1.202E-02 1.999E-09 6.265E-07 8.850E-02 1.551E-01 3.791E-01 4.993E-01 2.214E+04 2.622E+02 1.20E-08
 2080   1.0798  3.02E-05 3.971E-03 1.208E-02 2.037E-09 6.266E-07 8.892E-02 1.554E-01 3.817E-01 5.031E-01 2.294E+04 2.677E+02 1.22E-08
 2100   1.0804  3.00E-05 4.008E-03 1.214E-02 2.072E-09 6.269E-07 8.933E-02 1.558E-01 3.822E-01 5.007E-01 2.375E+04 2.732E+02 1.24E-08
 2120   1.0810  2.99E-05 4.045E-03 1.222E-02 2.109E-09 6.273E-07 8.973E-02 1.564E-01 3.801E-01 5.032E-01 2.459E+04 2.785E+02 1.27E-08
 2140   1.0816  2.99E-05 4.082E-03 1.231E-02 2.153E-09 6.281E-07 9.015E-02 1.569E-01 3.741E-01 5.008E-01 2.545E+04 2.843E+02 1.29E-08
 2160   1.0822  3.00E-05 4.120E-03 1.242E-02 2.193E-09 6.294E-07 9.056E-02 1.576E-01 3.672E-01 5.235E-01 2.634E+04 2.895E+02 1.32E-08
 2180   1.0828  3.00E-05 4.159E-03 1.249E-02 2.217E-09 6.312E-07 9.098E-02 1.581E-01 3.625E-01 5.285E-01 2.725E+04 2.950E+02 1.33E-08
 2200   1.0834  3.00E-05 4.197E-03 1.252E-02 2.234E-09 6.337E-07 9.140E-02 1.582E-01 3.558E-01 5.211E-01 2.817E+04 3.017E+02 1.34E-08
 2220   1.0840  3.01E-05 4.236E-03 1.256E-02 2.255E-09 6.366E-07 9.181E-02 1.585E-01 3.626E-01 5.307E-01 2.911E+04 3.093E+02 1.35E-08
 2240   1.0846  3.03E-05 4.275E-03 1.265E-02 2.279E-09 6.399E-07 9.223E-02 1.591E-01 3.664E-01 5.487E-01 3.008E+04 3.172E+02 1.37E-08
 2260   1.0852  3.08E-05 4.314E-03 1.274E-02 2.294E-09 6.436E-07 9.264E-02 1.597E-01 3.787E-01 5.218E-01 3.108E+04 3.238E+02 1.38E-08
 2280   1.0858  3.06E-05 4.352E-03 1.278E-02 2.302E-09 6.476E-07 9.304E-02 1.598E-01 3.901E-01 5.261E-01 3.212E+04 3.298E+02 1.38E-08
 2300   1.0865  3.04E-05 4.389E-03 1.285E-02 2.320E-09 6.517E-07 9.344E-02 1.603E-01 3.927E-01 5.375E-01 3.317E+04 3.356E+02 1.39E-08
 2320   1.0871  3.01E-05 4.426E-03 1.288E-02 2.349E-09 6.558E-07 9.383E-02 1.605E-01 4.055E-01 5.328E-01 3.424E+04 3.421E+02 1.41E-08
 2340   1.0877  3.01E-05 4.463E-03 1.296E-02 2.374E-09 6.599E-07 9.423E-02 1.610E-01 4.062E-01 5.589E-01 3.533E+04 3.495E+02 1.42E-08
 2360   1.0883  3.02E-05 4.501E-03 1.306E-02 2.382E-09 6.642E-07 9.463E-02 1.616E-01 4.043E-01 5.636E-01 3.644E+04 3.574E+02 1.43E-08
 2380   1.0889  3.04E-05 4.539E-03 1.309E-02 2.378E-09 6.684E-07 9.503E-02 1.618E-01 3.979E-01 5.665E-01 3.757E+04 3.652E+02 1.43E-08
 2400   1.0895  3.03E-05 4.576E-03 1.318E-02 2.378E-09 6.725E-07 9.542E-02 1.624E-01 3.799E-01 5.763E-01 3.872E+04 3.732E+02 1.43E-08
 2420   1.0901  3.00E-05 4.612E-03 1.328E-02 2.390E-09 6.763E-07 9.579E-02 1.630E-01 3.731E-01 5.727E-01 3.987E+04 3.813E+02 1.43E-08
 2440   1.0907  2.98E-05 4.647E-03 1.332E-02 2.413E-09 6.798E-07 9.615E-02 1.632E-01 3.788E-01 5.757E-01 4.103E+04 3.900E+02 1.45E-08
 2460   1.0913  2.97E-05 4.680E-03 1.339E-02 2.438E-09 6.829E-07 9.649E-02 1.636E-01 3.833E-01 5.768E-01 4.219E+04 3.982E+02 1.46E-08
 2480   1.0919  2.95E-05 4.712E-03 1.344E-02 2.456E-09 6.856E-07 9.682E-02 1.639E-01 3.902E-01 5.700E-01 4.336E+04 4.056E+02 1.47E-08
 2500   1.0925  2.94E-05 4.744E-03 1.355E-02 2.472E-09 6.878E-07 9.714E-02 1.646E-01 3.910E-01 5.851E-01 4.454E+04 4.125E+02 1.48E-08
 2520   1.0930  2.92E-05 4.776E-03 1.362E-02 2.499E-09 6.897E-07 9.746E-02 1.650E-01 3.879E-01 6.111E-01 4.573E+04 4.202E+02 1.50E-08
 2540   1.0936  2.91E-05 4.808E-03 1.367E-02 2.534E-09 6.911E-07 9.778E-02 1.654E-01 3.925E-01 6.266E-01 4.693E+04 4.284E+02 1.52E-08
 2560   1.0942  2.91E-05 4.839E-03 1.370E-02 2.567E-09 6.923E-07 9.810E-02 1.655E-01 3.986E-01 6.249E-01 4.814E+04 4.375E+02 1.54E-08
 2580   1.0948  2.89E-05 4.869E-03 1.375E-02 2.597E-09 6.932E-07 9.841E-02 1.658E-01 4.008E-01 6.392E-01 4.936E+04 4.460E+02 1.56E-08
 2600   1.0954  2.89E-05 4.900E-03 1.379E-02 2.632E-09 6.940E-07 9.871E-02 1.661E-01 4.044E-01 6.559E-01 5.061E+04 4.548E+02 1.58E-08
 2620   1.0959  2.88E-05 4.930E-03 1.388E-02 2.676E-09 6.948E-07 9.902E-02 1.666E-01 4.090E-01 6.685E-01 5.186E+04 4.651E+02 1.61E-08
 2640   1.0965  2.91E-05 4.961E-03 1.396E-02 2.725E-09 6.955E-07 9.933E-02 1.671E-01 3.993E-01 6.523E-01 5.314E+04 4.758E+02 1.64E-08
 2660   1.0971  2.98E-05 4.993E-03 1.405E-02 2.770E-09 6.966E-07 9.965E-02 1.677E-01 4.139E-01 6.491E-01 5.445E+04 4.878E+02 1.66E-08
 2680   1.0977  2.98E-05 5.024E-03 1.417E-02 2.797E-09 6.979E-07 9.996E-02 1.684E-01 4.398E-01 6.419E-01 5.578E+04 4.989E+02 1.68E-08
 2700   1.0983  2.97E-05 5.055E-03 1.423E-02 2.816E-09 6.997E-07 1.003E-01 1.687E-01 4.566E-01 6.454E-01 5.711E+04 5.106E+02 1.69E-08
 2720   1.0989  2.98E-05 5.084E-03 1.431E-02 2.841E-09 7.018E-07 1.005E-01 1.692E-01 4.568E-01 6.283E-01 5.844E+04 5.170E+02 1.70E-08
 2740   1.0995  2.99E-05 5.112E-03 1.440E-02 2.875E-09 7.044E-07 1.008E-01 1.697E-01 4.561E-01 6.279E-01 5.979E+04 5.238E+02 1.72E-08
 2760   1.1001  3.01E-05 5.141E-03 1.440E-02 2.905E-09 7.076E-07 1.011E-01 1.697E-01 4.428E-01 6.596E-01 6.115E+04 5.336E+02 1.74E-08
 2780   1.1007  2.97E-05 5.169E-03 1.430E-02 2.922E-09 7.112E-07 1.014E-01 1.691E-01 4.270E-01 6.912E-01 6.250E+04 5.361E+02 1.75E-08
 2800   1.1013  2.93E-05 5.195E-03 1.421E-02 2.923E-09 7.153E-07 1.016E-01 1.686E-01 4.184E-01 7.108E-01 6.380E+04 5.358E+02 1.75E-08
 2820   1.1019  2.92E-05 5.219E-03 1.412E-02 2.924E-09 7.195E-07 1.018E-01 1.681E-01 4.153E-01 7.192E-01 6.506E+04 5.336E+02 1.75E-08
 2840   1.1024  2.90E-05 5.242E-03 1.404E-02 2.922E-09 7.239E-07 1.021E-01 1.676E-01 4.116E-01 7.214E-01 6.630E+04 5.306E+02 1.75E-08
 2860   1.1030  2.90E-05 5.263E-03 1.395E-02 2.909E-09 7.284E-07 1.023E-01 1.671E-01 4.064E-01 7.188E-01 6.754E+04 5.291E+02 1.75E-08
 2880   1.1036  2.89E-05 5.283E-03 1.387E-02 2.891E-09 7.327E-07 1.025E-01 1.666E-01 4.058E-01 7.171E-01 6.877E+04 5.302E+02 1.73E-08
 2900   1.1042  2.89E-05 5.301E-03 1.380E-02 2.880E-09 7.369E-07 1.026E-01 1.661E-01 4.127E-01 7.054E-01 6.999E+04 5.308E+02 1.73E-08
 2920   1.1048  2.92E-05 5.317E-03 1.372E-02 2.883E-09 7.408E-07 1.028E-01 1.656E-01 4.227E-01 6.948E-01 7.122E+04 5.302E+02 1.73E-08
 2940   1.1054  2.94E-05 5.330E-03 1.364E-02 2.892E-09 7.444E-07 1.029E-01 1.652E-01 4.318E-01 6.868E-01 7.246E+04 5.302E+02 1.73E-08
 2960   1.1059  2.94E-05 5.342E-03 1.356E-02 2.893E-09 7.478E-07 1.030E-01 1.647E-01 4.414E-01 6.790E-01 7.370E+04 5.290E+02 1.74E-08
 2980   1.1065  2.93E-05 5.351E-03 1.349E-02 2.888E-09 7.508E-07 1.031E-01 1.643E-01 4.519E-01 6.626E-01 7.494E+04 5.258E+02 1.73E-08
 3000   1.1071  2.93E-05 5.358E-03 1.342E-02 2.881E-09 7.534E-07 1.032E-01 1.638E-01 4.593E-01 6.434E-01 7.615E+04 5.227E+02 1.73E-08
 3020   1.1077  2.96E-05 5.363E-03 1.334E-02 2.866E-09 7.555E-07 1.032E-01 1.633E-01 4.626E-01 6.302E-01 7.736E+04 5.199E+02 1.72E-08
 3040   1.1083  2.97E-05 5.368E-03 1.327E-02 2.834E-09 7.570E-07 1.033E-01 1.629E-01 4.602E-01 6.298E-01 7.855E+04 5.186E+02 1.70E-08
 3060   1.1089  2.96E-05 5.370E-03 1.319E-02 2.802E-09 7.577E-07 1.033E-01 1.624E-01 4.496E-01 6.317E-01 7.973E+04 5.187E+02 1.68E-08
 3080   1.1095  2.95E-05 5.371E-03 1.312E-02 2.796E-09 7.574E-07 1.033E-01 1.620E-01 4.456E-01 6.321E-01 8.088E+04 5.203E+02 1.68E-08
 3100   1.1101  2.94E-05 5.370E-03 1.305E-02 2.819E-09 7.561E-07 1.033E-01 1.616E-01 4.451E-01 6.281E-01 8.201E+04 5.204E+02 1.69E-08
 3120   1.1107  2.92E-05 5.366E-03 1.299E-02 2.850E-09 7.540E-07 1.032E-01 1.612E-01 4.311E-01 6.215E-01 8.311E+04 5.188E+02 1.71E-08
 3140   1.1112  2.91E-05 5.360E-03 1.292E-02 2.872E-09 7.512E-07 1.032E-01 1.607E-01 4.234E-01 6.123E-01 8.419E+04 5.168E+02 1.72E-08
 3160   1.1118  2.90E-05 5.351E-03 1.286E-02 2.891E-09 7.479E-07 1.031E-01 1.603E-01 4.247E-01 6.049E-01 8.525E+04 5.142E+02 1.73E-08
 3180   1.1124  2.89E-05 5.341E-03 1.279E-02 2.922E-09 7.441E-07 1.030E-01 1.600E-01 4.312E-01 6.003E-01 8.628E+04 5.119E+02 1.75E-08
 3200   1.1130  2.89E-05 5.329E-03 1.273E-02 2.965E-09 7.399E-07 1.029E-01 1.596E-01 4.395E-01 5.948E-01 8.729E+04 5.095E+02 1.78E-08
 3220   1.1136  2.91E-05 5.316E-03 1.267E-02 3.008E-09 7.357E-07 1.028E-01 1.592E-01 4.379E-01 5.848E-01 8.829E+04 5.078E+02 1.80E-08
 3240   1.1141  2.93E-05 5.302E-03 1.261E-02 3.043E-09 7.315E-07 1.026E-01 1.588E-01 4.277E-01 5.752E-01 8.927E+04 5.070E+02 1.83E-08
 3260   1.1147  2.95E-05 5.286E-03 1.255E-02 3.062E-09 7.275E-07 1.025E-01 1.584E-01 4.260E-01 5.807E-01 9.023E+04 5.064E+02 1.84E-08
 3280   1.1153  2.94E-05 5.269E-03 1.249E-02 3.064E-09 7.240E-07 1.023E-01 1.581E-01 4.297E-01 5.940E-01 9.115E+04 5.046E+02 1.84E-08
 3300   1.1159  2.92E-05 5.251E-03 1.243E-02 3.053E-09 7.208E-07 1.022E-01 1.577E-01 4.395E-01 6.036E-01 9.205E+04 5.033E+02 1.83E-08
 3320   1.1165  2.90E-05 5.232E-03 1.237E-02 3.040E-09 7.178E-07 1.020E-01 1.573E-01 4.456E-01 6.113E-01 9.290E+04 5.038E+02 1.82E-08
 3340   1.1171  2.92E-05 5.212E-03 1.232E-02 3.029E-09 7.150E-07 1.018E-01 1.570E-01 4.408E-01 6.150E-01 9.372E+04 5.023E+02 1.82E-08
 3360   1.1177  2.91E-05 5.191E-03 1.226E-02 3.020E-09 7.122E-07 1.016E-01 1.566E-01 4.273E-01 6.175E-01 9.450E+04 5.006E+02 1.81E-08
 3380   1.1182  2.91E-05 5.168E-03 1.220E-02 3.012E-09 7.092E-07 1.013E-01 1.562E-01 4.319E-01 6.194E-01 9.525E+04 4.997E+02 1.81E-08
 3400   1.1188  2.89E-05 5.144E-03 1.215E-02 3.015E-09 7.062E-07 1.011E-01 1.559E-01 4.363E-01 6.204E-01 9.596E+04 4.975E+02 1.81E-08
 3420   1.1194  2.87E-05 5.120E-03 1.209E-02 3.038E-09 7.029E-07 1.009E-01 1.555E-01 4.277E-01 6.205E-01 9.662E+04 4.955E+02 1.82E-08
 3440   1.1200  2.85E-05 5.095E-03 1.204E-02 3.076E-09 6.997E-07 1.006E-01 1.552E-01 4.348E-01 6.181E-01 9.725E+04 4.937E+02 1.85E-08
 3460   1.1205  2.83E-05 5.069E-03 1.199E-02 3.115E-09 6.966E-07 1.004E-01 1.548E-01 4.397E-01 6.158E-01 9.785E+04 4.933E+02 1.87E-08
 3480   1.1211  2.82E-05 5.043E-03 1.194E-02 3.141E-09 6.940E-07 1.001E-01 1.545E-01 4.372E-01 6.138E-01 9.840E+04 4.944E+02 1.88E-08
 3500   1.1217  2.80E-05 5.017E-03 1.188E-02 3.148E-09 6.919E-07 9.984E-02 1.542E-01 4.292E-01 6.078E-01 9.892E+04 4.942E+02 1.89E-08
 3520   1.1222  2.78E-05 4.989E-03 1.183E-02 3.138E-09 6.904E-07 9.956E-02 1.538E-01 4.266E-01 6.006E-01 9.941E+04 4.923E+02 1.88E-08
 3540   1.1228  2.77E-05 4.961E-03 1.178E-02 3.118E-09 6.895E-07 9.927E-02 1.535E-01 4.180E-01 5.954E-01 9.986E+04 4.894E+02 1.87E-08
 3560   1.1233  2.77E-05 4.932E-03 1.173E-02 3.100E-09 6.890E-07 9.898E-02 1.532E-01 4.086E-01 5.933E-01 1.003E+05 4.877E+02 1.86E-08
 3580   1.1239  2.79E-05 4.903E-03 1.168E-02 3.094E-09 6.888E-07 9.869E-02 1.529E-01 4.028E-01 5.913E-01 1.007E+05 4.876E+02 1.86E-08
 3600   1.1244  2.80E-05 4.873E-03 1.163E-02 3.106E-09 6.889E-07 9.838E-02 1.525E-01 4.002E-01 5.933E-01 1.010E+05 4.880E+02 1.86E-08
 3620   1.1250  2.81E-05 4.843E-03 1.158E-02 3.121E-09 6.893E-07 9.807E-02 1.522E-01 3.989E-01 6.067E-01 1.014E+05 4.880E+02 1.87E-08
 3640   1.1256  2.82E-05 4.811E-03 1.153E-02 3.119E-09 6.901E-07 9.775E-02 1.519E-01 4.089E-01 6.112E-01 1.017E+05 4.864E+02 1.87E-08
 3660   1.1261  2.81E-05 4.779E-03 1.148E-02 3.092E-09 6.913E-07 9.741E-02 1.515E-01 4.217E-01 6.115E-01 1.019E+05 4.834E+02 1.86E-08
 3680   1.1267  2.83E-05 4.745E-03 1.143E-02 3.056E-09 6.927E-07 9.707E-02 1.512E-01 4.318E-01 6.160E-01 1.021E+05 4.798E+02 1.83E-08
 3700   1.1273  2.83E-05 4.712E-03 1.138E-02 3.031E-09 6.941E-07 9.674E-02 1.509E-01 4.335E-01 6.162E-01 1.023E+05 4.765E+02 1.82E-08
 3720   1.1278  2.83E-05 4.680E-03 1.133E-02 3.018E-09 6.955E-07 9.640E-02 1.505E-01 4.379E-01 6.146E-01 1.025E+05 4.752E+02 1.81E-08
 3740   1.1284  2.84E-05 4.648E-03 1.128E-02 3.001E-09 6.968E-07 9.607E-02 1.502E-01 4.420E-01 6.136E-01 1.026E+05 4.755E+02 1.80E-08
 3760   1.1290  2.85E-05 4.616E-03 1.123E-02 2.973E-09 6.979E-07 9.574E-02 1.499E-01 4.455E-01 6.141E-01 1.026E+05 4.769E+02 1.78E-08
 3780   1.1295  2.86E-05 4.584E-03 1.118E-02 2.950E-09 6.987E-07 9.541E-02 1.495E-01 4.416E-01 6.131E-01 1.027E+05 4.781E+02 1.77E-08
 3800   1.1301  2.88E-05 4.550E-03 1.113E-02 2.947E-09 6.990E-07 9.507E-02 1.492E-01 4.342E-01 6.097E-01 1.027E+05 4.784E+02 1.77E-08
 3820   1.1307  2.90E-05 4.516E-03 1.108E-02 2.956E-09 6.989E-07 9.471E-02 1.489E-01 4.261E-01 6.051E-01 1.027E+05 4.762E+02 1.77E-08
 3840   1.1313  2.91E-05 4.481E-03 1.103E-02 2.950E-09 6.984E-07 9.435E-02 1.485E-01 4.220E-01 5.999E-01 1.026E+05 4.730E+02 1.77E-08
 3860   1.1318  2.92E-05 4.445E-03 1.098E-02 2.925E-09 6.975E-07 9.398E-02 1.482E-01 4.218E-01 5.968E-01 1.025E+05 4.694E+02 1.75E-08
 3880   1.1324  2.92E-05 4.409E-03 1.093E-02 2.901E-09 6.960E-07 9.361E-02 1.479E-01 4.171E-01 5.946E-01 1.024E+05 4.675E+02 1.74E-08
 3900   1.1330  2.92E-05 4.374E-03 1.088E-02 2.900E-09 6.938E-07 9.324E-02 1.475E-01 4.177E-01 5.897E-01 1.023E+05 4.681E+02 1.74E-08
 3920   1.1336  2.92E-05 4.339E-03 1.083E-02 2.918E-09 6.910E-07 9.287E-02 1.472E-01 4.160E-01 6.007E-01 1.021E+05 4.693E+02 1.75E-08
 3940   1.1342  2.92E-05 4.304E-03 1.078E-02 2.934E-09 6.877E-07 9.249E-02 1.468E-01 4.212E-01 6.092E-01 1.019E+05 4.691E+02 1.76E-08
 3960   1.1348  2.91E-05 4.269E-03 1.073E-02 2.938E-09 6.839E-07 9.211E-02 1.465E-01 4.189E-01 6.196E-01 1.016E+05 4.687E+02 1.76E-08
 3980   1.1353  2.88E-05 4.233E-03 1.068E-02 2.937E-09 6.798E-07 9.172E-02 1.462E-01 4.123E-01 6.244E-01 1.014E+05 4.675E+02 1.76E-08
 4000   1.1359  2.86E-05 4.197E-03 1.063E-02 2.943E-09 6.754E-07 9.133E-02 1.458E-01 4.164E-01 6.236E-01 1.011E+05 4.655E+02 1.77E-08
 4020   1.1365  2.85E-05 4.161E-03 1.059E-02 2.960E-09 6.707E-07 9.093E-02 1.455E-01 4.194E-01 6.170E-01 1.008E+05 4.628E+02 1.78E-08
 4040   1.1371  2.84E-05 4.125E-03 1.054E-02 2.984E-09 6.658E-07 9.053E-02 1.452E-01 4.231E-01 6.099E-01 1.004E+05 4.597E+02 1.79E-08
 4060   1.1376  2.83E-05 4.090E-03 1.049E-02 3.003E-09 6.608E-07 9.015E-02 1.449E-01 4.279E-01 5.995E-01 1.001E+05 4.588E+02 1.80E-08
 4080   1.1382  2.83E-05 4.056E-03 1.044E-02 3.013E-09 6.559E-07 8.977E-02 1.445E-01 4.287E-01 5.863E-01 9.972E+04 4.592E+02 1.81E-08
 4100   1.1388  2.84E-05 4.023E-03 1.040E-02 3.015E-09 6.512E-07 8.940E-02 1.442E-01 4.234E-01 5.917E-01 9.933E+04 4.597E+02 1.81E-08
 4120   1.1393  2.83E-05 3.989E-03 1.035E-02 3.007E-09 6.465E-07 8.902E-02 1.439E-01 4.151E-01 5.926E-01 9.892E+04 4.594E+02 1.80E-08
 4140   1.1399  2.84E-05 3.955E-03 1.031E-02 2.993E-09 6.419E-07 8.865E-02 1.436E-01 4.107E-01 5.926E-01 9.849E+04 4.579E+02 1.80E-08
 4160   1.1405  2.86E-05 3.922E-03 1.026E-02 2.985E-09 6.373E-07 8.827E-02 1.432E-01 4.132E-01 5.938E-01 9.804E+04 4.566E+02 1.79E-08
 4180   1.1410  2.86E-05 3.888E-03 1.021E-02 2.992E-09 6.326E-07 8.790E-02 1.429E-01 4.147E-01 5.969E-01 9.758E+04 4.557E+02 1.80E-08
 4200   1.1416  2.86E-05 3.854E-03 1.017E-02 3.012E-09 6.279E-07 8.752E-02 1.426E-01 4.133E-01 6.051E-01 9.709E+04 4.549E+02 1.81E-08
 4220   1.1422  2.85E-05 3.821E-03 1.012E-02 3.029E-09 6.232E-07 8.714E-02 1.423E-01 4.193E-01 6.041E-01 9.659E+04 4.548E+02 1.82E-08
 4240   1.1427  2.84E-05 3.788E-03 1.007E-02 3.043E-09 6.188E-07 8.676E-02 1.419E-01 4.209E-01 6.008E-01 9.608E+04 4.551E+02 1.83E-08
 4260   1.1433  2.84E-05 3.754E-03 1.003E-02 3.068E-09 6.147E-07 8.637E-02 1.416E-01 4.215E-01 5.946E-01 9.555E+04 4.547E+02 1.84E-08
 4280   1.1439  2.82E-05 3.721E-03 9.980E-03 3.109E-09 6.111E-07 8.599E-02 1.413E-01 4.297E-01 5.886E-01 9.502E+04 4.522E+02 1.87E-08
 4300   1.1444  2.83E-05 3.687E-03 9.934E-03 3.148E-09 6.082E-07 8.560E-02 1.410E-01 4.309E-01 5.811E-01 9.448E+04 4.479E+02 1.89E-08
 4320   1.1450  2.84E-05 3.655E-03 9.888E-03 3.159E-09 6.063E-07 8.522E-02 1.406E-01 4.251E-01 5.734E-01 9.392E+04 4.454E+02 1.90E-08
 4340   1.1456  2.86E-05 3.624E-03 9.842E-03 3.138E-09 6.055E-07 8.485E-02 1.403E-01 4.150E-01 5.655E-01 9.335E+04 4.461E+02 1.88E-08
 4360   1.1462  2.87E-05 3.593E-03 9.795E-03 3.106E-09 6.055E-07 8.449E-02 1.400E-01 4.133E-01 5.647E-01 9.277E+04 4.483E+02 1.86E-08
 4380   1.1467  2.88E-05 3.562E-03 9.749E-03 3.089E-09 6.064E-07 8.413E-02 1.396E-01 4.129E-01 5.742E-01 9.218E+04 4.498E+02 1.85E-08
 4400   1.1473  2.87E-05 3.532E-03 9.703E-03 3.088E-09 6.079E-07 8.377E-02 1.393E-01 4.136E-01 5.777E-01 9.158E+04 4.493E+02 1.85E-08
 4420   1.1479  2.87E-05 3.501E-03 9.657E-03 3.088E-09 6.100E-07 8.340E-02 1.390E-01 4.156E-01 5.766E-01 9.098E+04 4.472E+02 1.85E-08
 4440   1.1485  2.88E-05 3.469E-03 9.611E-03 3.084E-09 6.127E-07 8.303E-02 1.386E-01 4.102E-01 5.719E-01 9.036E+04 4.448E+02 1.85E-08
 4460   1.1490  2.89E-05 3.439E-03 9.566E-03 3.082E-09 6.160E-07 8.266E-02 1.383E-01 4.064E-01 5.680E-01 8.974E+04 4.441E+02 1.85E-08
 4480   1.1496  2.90E-05 3.408E-03 9.521E-03 3.086E-09 6.199E-07 8.229E-02 1.380E-01 3.996E-01 5.636E-01 8.911E+04 4.429E+02 1.85E-08
 4500   1.1502  2.91E-05 3.377E-03 9.475E-03 3.086E-09 6.243E-07 8.192E-02 1.377E-01 3.951E-01 5.648E-01 8.846E+04 4.403E+02 1.85E-08
 4520   1.1508  2.95E-05 3.347E-03 9.430E-03 3.076E-09 6.292E-07 8.156E-02 1.373E-01 3.828E-01 5.655E-01 8.780E+04 4.397E+02 1.85E-08
 4540   1.1514  2.99E-05 3.318E-03 9.384E-03 3.057E-09 6.347E-07 8.121E-02 1.370E-01 3.761E-01 5.622E-01 8.713E+04 4.403E+02 1.83E-08
 4560   1.1520  3.01E-05 3.288E-03 9.337E-03 3.032E-09 6.406E-07 8.085E-02 1.367E-01 3.682E-01 5.527E-01 8.645E+04 4.405E+02 1.82E-08
 4580   1.1526  3.01E-05 3.259E-03 9.291E-03 3.003E-09 6.467E-07 8.049E-02 1.363E-01 3.615E-01 5.414E-01 8.576E+04 4.399E+02 1.80E-08
 4600   1.1532  3.03E-05 3.230E-03 9.244E-03 2.974E-09 6.527E-07 8.013E-02 1.360E-01 3.538E-01 5.299E-01 8.506E+04 4.389E+02 1.78E-08
 4620   1.1538  3.03E-05 3.200E-03 9.198E-03 2.944E-09 6.585E-07 7.976E-02 1.356E-01 3.508E-01 5.244E-01 8.435E+04 4.387E+02 1.77E-08
 4640   1.1544  3.07E-05 3.171E-03 9.151E-03 2.917E-09 6.638E-07 7.939E-02 1.353E-01 3.451E-01 5.241E-01 8.364E+04 4.375E+02 1.75E-08
 4660   1.1550  3.06E-05 3.142E-03 9.104E-03 2.903E-09 6.685E-07 7.902E-02 1.349E-01 3.516E-01 5.249E-01 8.293E+04 4.358E+02 1.74E-08
 4680   1.1556  3.05E-05 3.113E-03 9.058E-03 2.911E-09 6.722E-07 7.866E-02 1.346E-01 3.543E-01 5.241E-01 8.221E+04 4.348E+02 1.75E-08
 4700   1.1562  3.07E-05 3.085E-03 9.012E-03 2.934E-09 6.752E-07 7.829E-02 1.343E-01 3.461E-01 5.236E-01 8.150E+04 4.339E+02 1.76E-08
 4720   1.1568  3.10E-05 3.057E-03 8.967E-03 2.957E-09 6.775E-07 7.793E-02 1.339E-01 3.337E-01 5.259E-01 8.078E+04 4.319E+02 1.77E-08
 4740   1.1575  3.08E-05 3.029E-03 8.921E-03 2.967E-09 6.793E-07 7.758E-02 1.336E-01 3.361E-01 5.307E-01 8.007E+04 4.311E+02 1.78E-08
 4760   1.1581  3.09E-05 3.002E-03 8.876E-03 2.963E-09 6.805E-07 7.723E-02 1.332E-01 3.360E-01 5.343E-01 7.935E+04 4.315E+02 1.78E-08
 4780   1.1587  3.10E-05 2.976E-03 8.831E-03 2.955E-09 6.811E-07 7.689E-02 1.329E-01 3.351E-01 5.345E-01 7.864E+04 4.305E+02 1.77E-08
 4800   1.1593  3.07E-05 2.950E-03 8.785E-03 2.957E-09 6.810E-07 7.655E-02 1.326E-01 3.436E-01 5.326E-01 7.793E+04 4.296E+02 1.77E-08
 4820   1.1599  3.07E-05 2.924E-03 8.741E-03 2.969E-09 6.803E-07 7.622E-02 1.322E-01 3.421E-01 5.316E-01 7.723E+04 4.299E+02 1.78E-08
 4840   1.1605  3.12E-05 2.899E-03 8.695E-03 2.987E-09 6.790E-07 7.589E-02 1.319E-01 3.346E-01 5.337E-01 7.652E+04 4.298E+02 1.79E-08
 4860   1.1612  3.14E-05 2.873E-03 8.650E-03 3.011E-09 6.772E-07 7.556E-02 1.315E-01 3.372E-01 5.294E-01 7.582E+04 4.289E+02 1.81E-08
 4880   1.1618  3.17E-05 2.847E-03 8.605E-03 3.039E-09 6.749E-07 7.522E-02 1.312E-01 3.388E-01 5.227E-01 7.510E+04 4.278E+02 1.82E-08
 4900   1.1624  3.18E-05 2.822E-03 8.560E-03 3.070E-09 6.725E-07 7.488E-02 1.308E-01 3.380E-01 5.196E-01 7.439E+04 4.267E+02 1.84E-08
 4920   1.1631  3.16E-05 2.796E-03 8.515E-03 3.102E-09 6.701E-07 7.455E-02 1.305E-01 3.379E-01 5.292E-01 7.368E+04 4.249E+02 1.86E-08
 4940   1.1637  3.20E-05 2.771E-03 8.470E-03 3.126E-09 6.679E-07 7.421E-02 1.302E-01 3.359E-01 5.342E-01 7.297E+04 4.238E+02 1.88E-08
 4960   1.1643  3.19E-05 2.747E-03 8.426E-03 3.135E-09 6.662E-07 7.388E-02 1.298E-01 3.292E-01 5.405E-01 7.226E+04 4.235E+02 1.88E-08
 4980   1.1650  3.16E-05 2.723E-03 8.382E-03 3.137E-09 6.649E-07 7.356E-02 1.295E-01 3.396E-01 5.455E-01 7.156E+04 4.234E+02 1.88E-08
 5000   1.1656  3.16E-05 2.699E-03 8.339E-03 3.137E-09 6.643E-07 7.324E-02 1.291E-01 3.398E-01 5.485E-01 7.086E+04 4.231E+02 1.88E-08
 5020   1.1663  3.18E-05 2.676E-03 8.296E-03 3.129E-09 6.642E-07 7.292E-02 1.288E-01 3.339E-01 5.504E-01 7.017E+04 4.237E+02 1.88E-08
 5040   1.1669  3.20E-05 2.652E-03 8.254E-03 3.109E-09 6.647E-07 7.260E-02 1.285E-01 3.274E-01 5.511E-01 6.947E+04 4.233E+02 1.87E-08
 5060   1.1675  3.23E-05 2.628E-03 8.211E-03 3.085E-09 6.657E-07 7.227E-02 1.281E-01 3.122E-01 5.536E-01 6.878E+04 4.201E+02 1.85E-08
 5080   1.1682  3.26E-05 2.605E-03 8.168E-03 3.067E-09 6.670E-07 7.195E-02 1.278E-01 3.096E-01 5.539E-01 6.808E+04 4.171E+02 1.84E-08
 5100   1.1688  3.25E-05 2.582E-03 8.124E-03 3.057E-09 6.685E-07 7.163E-02 1.275E-01 3.025E-01 5.581E-01 6.738E+04 4.169E+02 1.83E-08
 5120   1.1695  3.22E-05 2.560E-03 8.082E-03 3.041E-09 6.702E-07 7.133E-02 1.271E-01 3.044E-01 5.547E-01 6.669E+04 4.179E+02 1.82E-08
 5140   1.1701  3.21E-05 2.539E-03 8.039E-03 3.021E-09 6.718E-07 7.104E-02 1.268E-01 3.086E-01 5.440E-01 6.601E+04 4.188E+02 1.81E-08
 5160   1.1708  3.18E-05 2.519E-03 7.997E-03 3.013E-09 6.733E-07 7.075E-02 1.265E-01 3.151E-01 5.343E-01 6.534E+04 4.193E+02 1.81E-08
 5180   1.1714  3.19E-05 2.499E-03 7.956E-03 3.021E-09 6.747E-07 7.046E-02 1.261E-01 3.158E-01 5.276E-01 6.468E+04 4.180E+02 1.81E-08
 5200   1.1720  3.22E-05 2.478E-03 7.915E-03 3.024E-09 6.758E-07 7.017E-02 1.258E-01 3.086E-01 5.263E-01 6.403E+04 4.171E+02 1.81E-08
 5220   1.1727  3.27E-05 2.457E-03 7.873E-03 3.012E-09 6.768E-07 6.988E-02 1.255E-01 2.968E-01 5.265E-01 6.336E+04 4.169E+02 1.81E-08
 5240   1.1733  3.31E-05 2.436E-03 7.832E-03 3.000E-09 6.776E-07 6.957E-02 1.252E-01 2.912E-01 5.291E-01 6.270E+04 4.165E+02 1.80E-08
 5260   1.1740  3.33E-05 2.415E-03 7.790E-03 2.990E-09 6.780E-07 6.927E-02 1.248E-01 2.935E-01 5.278E-01 6.203E+04 4.161E+02 1.79E-08
 5280   1.1747  3.31E-05 2.393E-03 7.750E-03 2.980E-09 6.779E-07 6.896E-02 1.245E-01 2.991E-01 5.273E-01 6.137E+04 4.140E+02 1.79E-08
 5300   1.1753  3.31E-05 2.372E-03 7.709E-03 2.978E-09 6.773E-07 6.866E-02 1.242E-01 3.028E-01 5.314E-01 6.073E+04 4.119E+02 1.79E-08
 5320   1.1760  3.32E-05 2.352E-03 7.669E-03 2.994E-09 6.761E-07 6.837E-02 1.238E-01 3.011E-01 5.352E-01 6.008E+04 4.118E+02 1.80E-08
 5340   1.1767  3.30E-05 2.333E-03 7.629E-03 3.016E-09 6.745E-07 6.808E-02 1.235E-01 3.057E-01 5.370E-01 5.945E+04 4.107E+02 1.81E-08
 5360   1.1773  3.29E-05 2.314E-03 7.590E-03 3.022E-09 6.726E-07 6.781E-02 1.232E-01 3.080E-01 5.351E-01 5.882E+04 4.103E+02 1.81E-08
 5380   1.1780  3.32E-05 2.296E-03 7.551E-03 3.013E-09 6.705E-07 6.754E-02 1.229E-01 2.989E-01 5.318E-01 5.820E+04 4.112E+02 1.81E-08
 5400   1.1786  3.33E-05 2.277E-03 7.512E-03 3.004E-09 6.682E-07 6.727E-02 1.226E-01 2.947E-01 5.313E-01 5.758E+04 4.122E+02 1.80E-08
 5420   1.1793  3.32E-05 2.259E-03 7.473E-03 3.004E-09 6.656E-07 6.700E-02 1.223E-01 2.911E-01 5.321E-01 5.696E+04 4.120E+02 1.80E-08
 5440   1.1800  3.32E-05 2.241E-03 7.434E-03 3.004E-09 6.627E-07 6.673E-02 1.219E-01 2.810E-01 5.320E-01 5.636E+04 4.105E+02 1.80E-08
 5460   1.1806  3.35E-05 2.222E-03 7.396E-03 3.007E-09 6.594E-07 6.645E-02 1.216E-01 2.887E-01 5.267E-01 5.576E+04 4.097E+02 1.80E-08
 5480   1.1813  3.37E-05 2.203E-03 7.357E-03 3.017E-09 6.559E-07 6.617E-02 1.213E-01 2.926E-01 5.222E-01 5.516E+04 4.081E+02 1.81E-08
 5500   1.1820  3.37E-05 2.185E-03 7.319E-03 3.031E-09 6.520E-07 6.589E-02 1.210E-01 2.852E-01 5.298E-01 5.457E+04 4.070E+02 1.82E-08
 5520   1.1827  3.37E-05 2.167E-03 7.282E-03 3.049E-09 6.481E-07 6.562E-02 1.207E-01 2.815E-01 5.311E-01 5.398E+04 4.065E+02 1.83E-08
 5540   1.1833  3.38E-05 2.149E-03 7.244E-03 3.072E-09 6.441E-07 6.535E-02 1.204E-01 2.845E-01 5.395E-01 5.340E+04 4.060E+02 1.84E-08
 5560   1.1840  3.39E-05 2.133E-03 7.207E-03 3.079E-09 6.403E-07 6.509E-02 1.201E-01 2.821E-01 5.402E-01 5.283E+04 4.059E+02 1.85E-08
 5580   1.1847  3.38E-05 2.116E-03 7.171E-03 3.062E-09 6.367E-07 6.484E-02 1.198E-01 2.711E-01 5.398E-01 5.226E+04 4.074E+02 1.84E-08
 5600   1.1854  3.35E-05 2.099E-03 7.135E-03 3.053E-09 6.333E-07 6.458E-02 1.195E-01 2.662E-01 5.383E-01 5.171E+04 4.066E+02 1.83E-08
 5620   1.1860  3.34E-05 2.083E-03 7.099E-03 3.079E-09 6.299E-07 6.432E-02 1.192E-01 2.670E-01 5.350E-01 5.116E+04 4.043E+02 1.85E-08
 5640   1.1867  3.35E-05 2.067E-03 7.064E-03 3.115E-09 6.268E-07 6.407E-02 1.189E-01 2.665E-01 5.330E-01 5.062E+04 4.036E+02 1.87E-08
 5660   1.1874  3.35E-05 2.051E-03 7.029E-03 3.127E-09 6.243E-07 6.383E-02 1.186E-01 2.705E-01 5.352E-01 5.009E+04 4.029E+02 1.88E-08
 5680   1.1880  3.35E-05 2.036E-03 6.995E-03 3.135E-09 6.224E-07 6.360E-02 1.183E-01 2.781E-01 5.336E-01 4.956E+04 4.046E+02 1.88E-08
 5700   1.1887  3.37E-05 2.021E-03 6.960E-03 3.164E-09 6.213E-07 6.338E-02 1.180E-01 2.846E-01 5.305E-01 4.904E+04 4.049E+02 1.90E-08
 5720   1.1894  3.39E-05 2.006E-03 6.926E-03 3.194E-09 6.212E-07 6.314E-02 1.177E-01 2.863E-01 5.336E-01 4.852E+04 4.046E+02 1.92E-08
 5740   1.1901  3.41E-05 1.991E-03 6.892E-03 3.196E-09 6.224E-07 6.290E-02 1.174E-01 2.834E-01 5.357E-01 4.801E+04 4.040E+02 1.92E-08
 5760   1.1908  3.43E-05 1.975E-03 6.859E-03 3.177E-09 6.249E-07 6.266E-02 1.171E-01 2.747E-01 5.323E-01 4.750E+04 4.021E+02 1.91E-08
 5780   1.1914  3.43E-05 1.960E-03 6.825E-03 3.158E-09 6.285E-07 6.241E-02 1.168E-01 2.703E-01 5.289E-01 4.699E+04 4.010E+02 1.89E-08
 5800   1.1921  3.43E-05 1.945E-03 6.792E-03 3.134E-09 6.331E-07 6.218E-02 1.166E-01 2.732E-01 5.282E-01 4.649E+04 4.006E+02 1.88E-08
 5820   1.1928  3.42E-05 1.931E-03 6.759E-03 3.103E-09 6.384E-07 6.195E-02 1.163E-01 2.774E-01 5.226E-01 4.600E+04 4.000E+02 1.86E-08
 5840   1.1935  3.42E-05 1.917E-03 6.727E-03 3.073E-09 6.441E-07 6.172E-02 1.160E-01 2.806E-01 5.112E-01 4.551E+04 3.998E+02 1.84E-08
 5860   1.1942  3.42E-05 1.904E-03 6.694E-03 3.037E-09 6.500E-07 6.150E-02 1.157E-01 2.794E-01 5.046E-01 4.503E+04 4.013E+02 1.82E-08
 5880   1.1949  3.43E-05 1.890E-03 6.662E-03 2.984E-09 6.557E-07 6.128E-02 1.154E-01 2.759E-01 5.096E-01 4.455E+04 4.029E+02 1.79E-08
 5900   1.1955  3.39E-05 1.876E-03 6.630E-03 2.925E-09 6.609E-07 6.104E-02 1.152E-01 2.720E-01 5.125E-01 4.409E+04 4.016E+02 1.76E-08
 5920   1.1962  3.35E-05 1.861E-03 6.599E-03 2.886E-09 6.649E-07 6.080E-02 1.149E-01 2.636E-01 5.103E-01 4.363E+04 3.985E+02 1.73E-08
 5940   1.1969  3.33E-05 1.846E-03 6.568E-03 2.875E-09 6.677E-07 6.057E-02 1.146E-01 2.644E-01 5.076E-01 4.318E+04 3.970E+02 1.72E-08
 5960   1.1976  3.34E-05 1.833E-03 6.537E-03 2.886E-09 6.691E-07 6.034E-02 1.143E-01 2.634E-01 5.018E-01 4.274E+04 3.963E+02 1.73E-08
 5980   1.1982  3.38E-05 1.820E-03 6.506E-03 2.906E-09 6.692E-07 6.013E-02 1.141E-01 2.571E-01 4.970E-01 4.230E+04 3.966E+02 1.74E-08
 6000   1.1989  3.40E-05 1.807E-03 6.476E-03 2.924E-09 6.681E-07 5.992E-02 1.138E-01 2.565E-01 4.918E-01 4.186E+04 3.982E+02 1.75E-08
 6020   1.1996  3.43E-05 1.794E-03 6.445E-03 2.942E-09 6.660E-07 5.971E-02 1.135E-01 2.556E-01 4.876E-01 4.143E+04 3.995E+02 1.76E-08
 6040   1.2003  3.45E-05 1.781E-03 6.415E-03 2.964E-09 6.628E-07 5.949E-02 1.133E-01 2.573E-01 4.825E-01 4.099E+04 3.993E+02 1.78E-08
 6060   1.2010  3.42E-05 1.768E-03 6.386E-03 2.982E-09 6.590E-07 5.927E-02 1.130E-01 2.583E-01 4.789E-01 4.057E+04 3.963E+02 1.79E-08
 6080   1.2016  3.41E-05 1.754E-03 6.357E-03 2.989E-09 6.545E-07 5.904E-02 1.128E-01 2.548E-01 4.745E-01 4.015E+04 3.939E+02 1.79E-08
 6100   1.2023  3.40E-05 1.742E-03 6.328E-03 2.995E-09 6.494E-07 5.884E-02 1.125E-01 2.548E-01 4.713E-01 3.973E+04 3.944E+02 1.80E-08
 6120   1.2030  3.39E-05 1.731E-03 6.299E-03 3.013E-09 6.439E-07 5.864E-02 1.122E-01 2.546E-01 4.695E-01 3.932E+04 3.950E+02 1.81E-08
 6140   1.2037  3.40E-05 1.720E-03 6.271E-03 3.041E-09 6.381E-07 5.845E-02 1.120E-01 2.559E-01 4.652E-01 3.892E+04 3.948E+02 1.82E-08
 6160   1.2044  3.44E-05 1.709E-03 6.242E-03 3.070E-09 6.320E-07 5.827E-02 1.117E-01 2.614E-01 4.638E-01 3.852E+04 3.958E+02 1.84E-08
 6180   1.2051  3.44E-05 1.698E-03 6.214E-03 3.093E-09 6.261E-07 5.808E-02 1.115E-01 2.689E-01 4.630E-01 3.813E+04 3.960E+02 1.86E-08
 6200   1.2057  3.43E-05 1.687E-03 6.186E-03 3.117E-09 6.204E-07 5.789E-02 1.112E-01 2.688E-01 4.611E-01 3.774E+04 3.956E+02 1.87E-08
 6220   1.2064  3.42E-05 1.675E-03 6.159E-03 3.144E-09 6.153E-07 5.769E-02 1.110E-01 2.661E-01 4.582E-01 3.736E+04 3.950E+02 1.89E-08
 6240   1.2071  3.42E-05 1.663E-03 6.131E-03 3.158E-09 6.109E-07 5.748E-02 1.107E-01 2.687E-01 4.519E-01 3.698E+04 3.938E+02 1.89E-08
 6260   1.2078  3.43E-05 1.652E-03 6.104E-03 3.152E-09 6.073E-07 5.728E-02 1.105E-01 2.674E-01 4.513E-01 3.661E+04 3.932E+02 1.89E-08
 6280   1.2085  3.44E-05 1.640E-03 6.077E-03 3.145E-09 6.046E-07 5.708E-02 1.102E-01 2.621E-01 4.538E-01 3.624E+04 3.940E+02 1.89E-08
 6300   1.2092  3.44E-05 1.628E-03 6.051E-03 3.152E-09 6.027E-07 5.687E-02 1.100E-01 2.591E-01 4.466E-01 3.587E+04 3.934E+02 1.89E-08
 6320   1.2099  3.46E-05 1.617E-03 6.024E-03 3.166E-09 6.017E-07 5.667E-02 1.098E-01 2.582E-01 4.440E-01 3.551E+04 3.916E+02 1.90E-08
 6340   1.2106  3.48E-05 1.605E-03 5.998E-03 3.180E-09 6.016E-07 5.647E-02 1.095E-01 2.612E-01 4.413E-01 3.515E+04 3.898E+02 1.91E-08
 6360   1.2113  3.46E-05 1.595E-03 5.972E-03 3.203E-09 6.027E-07 5.628E-02 1.093E-01 2.646E-01 4.380E-01 3.480E+04 3.896E+02 1.92E-08
 6380   1.2119  3.44E-05 1.585E-03 5.946E-03 3.225E-09 6.050E-07 5.611E-02 1.091E-01 2.670E-01 4.337E-01 3.445E+04 3.912E+02 1.94E-08
 6400   1.2126  3.43E-05 1.576E-03 5.921E-03 3.227E-09 6.087E-07 5.595E-02 1.088E-01 2.658E-01 4.305E-01 3.411E+04 3.916E+02 1.94E-08
 6420   1.2133  3.41E-05 1.567E-03 5.896E-03 3.215E-09 6.138E-07 5.579E-02 1.086E-01 2.588E-01 4.254E-01 3.378E+04 3.929E+02 1.93E-08
 6440   1.2140  3.39E-05 1.557E-03 5.871E-03 3.197E-09 6.201E-07 5.561E-02 1.084E-01 2.542E-01 4.213E-01 3.345E+04 3.932E+02 1.92E-08
 6460   1.2147  3.38E-05 1.547E-03 5.847E-03 3.158E-09 6.273E-07 5.543E-02 1.081E-01 2.556E-01 4.184E-01 3.313E+04 3.900E+02 1.89E-08
 6480   1.2153  3.37E-05 1.537E-03 5.823E-03 3.090E-09 6.351E-07 5.525E-02 1.079E-01 2.588E-01 4.222E-01 3.282E+04 3.890E+02 1.85E-08
 6500   1.2160  3.38E-05 1.527E-03 5.800E-03 3.026E-09 6.429E-07 5.508E-02 1.077E-01 2.570E-01 4.315E-01 3.250E+04 3.896E+02 1.82E-08
 6520   1.2167  3.42E-05 1.517E-03 5.776E-03 2.996E-09 6.502E-07 5.491E-02 1.075E-01 2.470E-01 4.344E-01 3.219E+04 3.899E+02 1.80E-08
 6540   1.2174  3.45E-05 1.508E-03 5.753E-03 2.998E-09 6.568E-07 5.473E-02 1.073E-01 2.419E-01 4.289E-01 3.188E+04 3.904E+02 1.80E-08
 6560   1.2181  3.47E-05 1.497E-03 5.729E-03 3.003E-09 6.626E-07 5.454E-02 1.070E-01 2.365E-01 4.213E-01 3.157E+04 3.898E+02 1.80E-08
 6580   1.2188  3.47E-05 1.487E-03 5.705E-03 2.992E-09 6.678E-07 5.435E-02 1.068E-01 2.377E-01 4.170E-01 3.127E+04 3.886E+02 1.80E-08
 6600   1.2195  3.49E-05 1.477E-03 5.682E-03 2.975E-09 6.722E-07 5.417E-02 1.066E-01 2.372E-01 4.185E-01 3.096E+04 3.860E+02 1.79E-08
 6620   1.2202  3.51E-05 1.468E-03 5.658E-03 2.962E-09 6.756E-07 5.400E-02 1.064E-01 2.402E-01 4.216E-01 3.066E+04 3.856E+02 1.78E-08
 6640   1.2209  3.52E-05 1.459E-03 5.635E-03 2.942E-09 6.781E-07 5.384E-02 1.062E-01 2.404E-01 4.223E-01 3.037E+04 3.872E+02 1.77E-08
 6660   1.2216  3.52E-05 1.451E-03 5.612E-03 2.918E-09 6.793E-07 5.369E-02 1.059E-01 2.360E-01 4.232E-01 3.007E+04 3.896E+02 1.75E-08
 6680   1.2223  3.53E-05 1.442E-03 5.589E-03 2.913E-09 6.792E-07 5.353E-02 1.057E-01 2.295E-01 4.255E-01 2.978E+04 3.895E+02 1.75E-08
 6700   1.2230  3.52E-05 1.433E-03 5.567E-03 2.938E-09 6.777E-07 5.335E-02 1.055E-01 2.344E-01 4.274E-01 2.949E+04 3.878E+02 1.76E-08
 6720   1.2237  3.52E-05 1.423E-03 5.544E-03 2.982E-09 6.750E-07 5.317E-02 1.053E-01 2.312E-01 4.311E-01 2.921E+04 3.853E+02 1.79E-08
 6740   1.2244  3.54E-05 1.413E-03 5.522E-03 3.025E-09 6.715E-07 5.299E-02 1.051E-01 2.281E-01 4.338E-01 2.893E+04 3.840E+02 1.82E-08
 6760   1.2251  3.53E-05 1.405E-03 5.500E-03 3.050E-09 6.676E-07 5.283E-02 1.049E-01 2.312E-01 4.349E-01 2.865E+04 3.854E+02 1.83E-08
 6780   1.2258  3.51E-05 1.397E-03 5.478E-03 3.056E-09 6.634E-07 5.267E-02 1.047E-01 2.374E-01 4.314E-01 2.838E+04 3.862E+02 1.83E-08
 6800   1.2265  3.49E-05 1.389E-03 5.457E-03 3.063E-09 6.590E-07 5.252E-02 1.045E-01 2.407E-01 4.273E-01 2.811E+04 3.859E+02 1.84E-08
 6820   1.2272  3.49E-05 1.380E-03 5.435E-03 3.087E-09 6.546E-07 5.237E-02 1.043E-01 2.386E-01 4.240E-01 2.785E+04 3.873E+02 1.85E-08
 6840   1.2279  3.50E-05 1.372E-03 5.414E-03 3.115E-09 6.503E-07 5.220E-02 1.041E-01 2.415E-01 4.190E-01 2.759E+04 3.861E+02 1.87E-08
 6860   1.2286  3.44E-05 1.363E-03 5.393E-03 3.134E-09 6.463E-07 5.204E-02 1.039E-01 2.534E-01 4.155E-01 2.733E+04 3.842E+02 1.88E-08
 6880   1.2293  3.41E-05 1.354E-03 5.373E-03 3.145E-09 6.429E-07 5.187E-02 1.037E-01 2.581E-01 4.147E-01 2.709E+04 3.833E+02 1.89E-08
 6900   1.2300  3.41E-05 1.346E-03 5.353E-03 3.144E-09 6.400E-07 5.172E-02 1.035E-01 2.546E-01 4.148E-01 2.684E+04 3.825E+02 1.89E-08
 6920   1.2306  3.43E-05 1.339E-03 5.334E-03 3.121E-09 6.378E-07 5.158E-02 1.033E-01 2.487E-01 4.182E-01 2.660E+04 3.839E+02 1.87E-08
 6940   1.2313  3.47E-05 1.332E-03 5.314E-03 3.096E-09 6.359E-07 5.144E-02 1.031E-01 2.378E-01 4.236E-01 2.636E+04 3.863E+02 1.86E-08
 6960   1.2320  3.49E-05 1.324E-03 5.294E-03 3.092E-09 6.342E-07 5.128E-02 1.029E-01 2.322E-01 4.249E-01 2.612E+04 3.857E+02 1.85E-08
 6980   1.2327  3.50E-05 1.315E-03 5.274E-03 3.105E-09 6.326E-07 5.112E-02 1.027E-01 2.301E-01 4.210E-01 2.588E+04 3.831E+02 1.86E-08
 7000   1.2334  3.51E-05 1.307E-03 5.254E-03 3.120E-09 6.313E-07 5.095E-02 1.025E-01 2.283E-01 4.150E-01 2.565E+04 3.812E+02 1.87E-08
 7020   1.2341  3.50E-05 1.299E-03 5.235E-03 3.130E-09 6.304E-07 5.080E-02 1.023E-01 2.313E-01 4.070E-01 2.542E+04 3.817E+02 1.88E-08
 7040   1.2348  3.50E-05 1.291E-03 5.216E-03 3.130E-09 6.301E-07 5.065E-02 1.021E-01 2.314E-01 4.021E-01 2.519E+04 3.831E+02 1.88E-08
 7060   1.2355  3.51E-05 1.284E-03 5.196E-03 3.116E-09 6.302E-07 5.050E-02 1.019E-01 2.290E-01 3.987E-01 2.496E+04 3.832E+02 1.87E-08
 7080   1.2362  3.51E-05 1.276E-03 5.177E-03 3.100E-09 6.307E-07 5.035E-02 1.018E-01 2.286E-01 3.981E-01 2.474E+04 3.814E+02 1.86E-08
 7100   1.2369  3.49E-05 1.269E-03 5.158E-03 3.093E-09 6.313E-07 5.020E-02 1.016E-01 2.337E-01 3.998E-01 2.452E+04 3.803E+02 1.86E-08
 7120   1.2376  3.48E-05 1.262E-03 5.140E-03 3.096E-09 6.322E-07 5.006E-02 1.014E-01 2.360E-01 4.026E-01 2.431E+04 3.815E+02 1.86E-08
 7140   1.2383  3.46E-05 1.255E-03 5.121E-03 3.105E-09 6.332E-07 4.992E-02 1.012E-01 2.383E-01 4.032E-01 2.410E+04 3.821E+02 1.86E-08
 7160   1.2390  3.47E-05 1.248E-03 5.103E-03 3.107E-09 6.344E-07 4.978E-02 1.010E-01 2.363E-01 4.011E-01 2.389E+04 3.820E+02 1.86E-08
 7180   1.2397  3.48E-05 1.241E-03 5.085E-03 3.098E-09 6.359E-07 4.964E-02 1.008E-01 2.323E-01 4.021E-01 2.368E+04 3.813E+02 1.86E-08
 7200   1.2404  3.49E-05 1.233E-03 5.067E-03 3.089E-09 6.375E-07 4.949E-02 1.007E-01 2.283E-01 4.022E-01 2.348E+04 3.798E+02 1.85E-08
 7220   1.2411  3.53E-05 1.226E-03 5.049E-03 3.081E-09 6.393E-07 4.935E-02 1.005E-01 2.298E-01 4.048E-01 2.327E+04 3.786E+02 1.85E-08
 7240   1.2418  3.54E-05 1.220E-03 5.031E-03 3.067E-09 6.412E-07 4.922E-02 1.003E-01 2.261E-01 4.042E-01 2.307E+04 3.795E+02 1.84E-08
 7260   1.2425  3.56E-05 1.214E-03 5.013E-03 3.052E-09 6.429E-07 4.910E-02 1.001E-01 2.249E-01 3.966E-01 2.286E+04 3.808E+02 1.83E-08
 7280   1.2432  3.58E-05 1.207E-03 4.996E-03 3.042E-09 6.444E-07 4.897E-02 9.996E-02 2.213E-01 3.920E-01 2.266E+04 3.814E+02 1.83E-08
 7300   1.2440  3.55E-05 1.200E-03 4.978E-03 3.028E-09 6.456E-07 4.883E-02 9.978E-02 2.188E-01 3.894E-01 2.246E+04 3.808E+02 1.82E-08
 7320   1.2447  3.53E-05 1.193E-03 4.961E-03 3.017E-09 6.463E-07 4.868E-02 9.961E-02 2.186E-01 3.906E-01 2.227E+04 3.797E+02 1.81E-08
 7340   1.2454  3.53E-05 1.186E-03 4.944E-03 3.021E-09 6.465E-07 4.853E-02 9.943E-02 2.197E-01 3.912E-01 2.208E+04 3.775E+02 1.81E-08
 7360   1.2461  3.54E-05 1.179E-03 4.927E-03 3.031E-09 6.461E-07 4.839E-02 9.926E-02 2.215E-01 3.898E-01 2.188E+04 3.776E+02 1.82E-08
 7380   1.2468  3.55E-05 1.172E-03 4.910E-03 3.037E-09 6.453E-07 4.825E-02 9.909E-02 2.255E-01 3.886E-01 2.170E+04 3.784E+02 1.82E-08
 7400   1.2475  3.55E-05 1.166E-03 4.893E-03 3.044E-09 6.441E-07 4.812E-02 9.892E-02 2.261E-01 3.890E-01 2.151E+04 3.780E+02 1.83E-08
 7420   1.2482  3.54E-05 1.159E-03 4.876E-03 3.054E-09 6.425E-07 4.799E-02 9.876E-02 2.282E-01 3.913E-01 2.132E+04 3.783E+02 1.83E-08
 7440   1.2489  3.56E-05 1.153E-03 4.860E-03 3.055E-09 6.407E-07 4.785E-02 9.859E-02 2.232E-01 3.965E-01 2.114E+04 3.788E+02 1.83E-08
 7460   1.2496  3.57E-05 1.146E-03 4.844E-03 3.054E-09 6.386E-07 4.771E-02 9.842E-02 2.214E-01 4.010E-01 2.096E+04 3.780E+02 1.83E-08
 7480   1.2503  3.58E-05 1.140E-03 4.827E-03 3.064E-09 6.363E-07 4.757E-02 9.826E-02 2.222E-01 3.996E-01 2.078E+04 3.768E+02 1.84E-08
 7500   1.2511  3.60E-05 1.133E-03 4.811E-03 3.076E-09 6.339E-07 4.744E-02 9.809E-02 2.214E-01 3.964E-01 2.060E+04 3.776E+02 1.85E-08
 7520   1.2518  3.60E-05 1.126E-03 4.795E-03 3.089E-09 6.313E-07 4.730E-02 9.793E-02 2.219E-01 3.920E-01 2.042E+04 3.771E+02 1.85E-08
 7540   1.2525  3.60E-05 1.120E-03 4.779E-03 3.115E-09 6.289E-07 4.716E-02 9.776E-02 2.217E-01 3.889E-01 2.025E+04 3.753E+02 1.87E-08
 7560   1.2532  3.59E-05 1.114E-03 4.762E-03 3.141E-09 6.269E-07 4.703E-02 9.760E-02 2.197E-01 3.886E-01 2.008E+04 3.760E+02 1.88E-08
 7580   1.2539  3.55E-05 1.108E-03 4.747E-03 3.152E-09 6.255E-07 4.691E-02 9.743E-02 2.188E-01 3.896E-01 1.991E+04 3.771E+02 1.89E-08
 7600   1.2546  3.53E-05 1.102E-03 4.731E-03 3.166E-09 6.248E-07 4.679E-02 9.727E-02 2.193E-01 3.896E-01 1.974E+04 3.765E+02 1.90E-08
 7620   1.2553  3.53E-05 1.096E-03 4.716E-03 3.194E-09 6.249E-07 4.666E-02 9.712E-02 2.168E-01 3.892E-01 1.958E+04 3.752E+02 1.92E-08
 7640   1.2561  3.55E-05 1.090E-03 4.700E-03 3.213E-09 6.261E-07 4.654E-02 9.696E-02 2.117E-01 3.884E-01 1.942E+04 3.749E+02 1.93E-08
 7660   1.2568  3.59E-05 1.085E-03 4.685E-03 3.198E-09 6.285E-07 4.642E-02 9.680E-02 2.088E-01 3.889E-01 1.926E+04 3.753E+02 1.92E-08
 7680   1.2575  3.62E-05 1.079E-03 4.670E-03 3.155E-09 6.321E-07 4.629E-02 9.664E-02 2.062E-01 3.937E-01 1.910E+04 3.749E+02 1.89E-08
 7700   1.2582  3.65E-05 1.074E-03 4.654E-03 3.111E-09 6.364E-07 4.617E-02 9.648E-02 2.007E-01 3.961E-01 1.894E+04 3.750E+02 1.87E-08
 7720   1.2589  3.67E-05 1.068E-03 4.639E-03 3.082E-09 6.410E-07 4.605E-02 9.632E-02 2.005E-01 3.946E-01 1.879E+04 3.748E+02 1.85E-08
 7740   1.2597  3.66E-05 1.062E-03 4.624E-03 3.059E-09 6.456E-07 4.593E-02 9.616E-02 2.033E-01 3.899E-01 1.863E+04 3.748E+02 1.84E-08
 7760   1.2604  3.64E-05 1.057E-03 4.608E-03 3.037E-09 6.499E-07 4.580E-02 9.600E-02 2.060E-01 3.860E-01 1.848E+04 3.746E+02 1.82E-08
 7780   1.2611  3.62E-05 1.051E-03 4.594E-03 3.020E-09 6.537E-07 4.568E-02 9.585E-02 2.046E-01 3.852E-01 1.833E+04 3.744E+02 1.81E-08
 7800   1.2619  3.62E-05 1.045E-03 4.579E-03 3.016E-09 6.570E-07 4.556E-02 9.569E-02 2.057E-01 3.849E-01 1.818E+04 3.729E+02 1.81E-08
 7820   1.2626  3.64E-05 1.040E-03 4.564E-03 3.011E-09 6.595E-07 4.544E-02 9.554E-02 2.175E-01 3.826E-01 1.804E+04 3.732E+02 1.81E-08
 7840   1.2633  3.63E-05 1.035E-03 4.549E-03 2.994E-09 6.614E-07 4.533E-02 9.539E-02 2.179E-01 3.787E-01 1.789E+04 3.750E+02 1.80E-08
 7860   1.2640  3.65E-05 1.030E-03 4.535E-03 2.983E-09 6.625E-07 4.522E-02 9.523E-02 2.084E-01 3.773E-01 1.775E+04 3.752E+02 1.79E-08
 7880   1.2648  3.69E-05 1.024E-03 4.520E-03 2.994E-09 6.626E-07 4.509E-02 9.508E-02 2.001E-01 3.745E-01 1.761E+04 3.736E+02 1.80E-08
 7900   1.2655  3.71E-05 1.018E-03 4.505E-03 3.009E-09 6.619E-07 4.495E-02 9.492E-02 1.982E-01 3.728E-01 1.747E+04 3.724E+02 1.81E-08
 7920   1.2663  3.70E-05 1.012E-03 4.490E-03 3.001E-09 6.604E-07 4.482E-02 9.477E-02 1.978E-01 3.728E-01 1.733E+04 3.716E+02 1.80E-08
 7940   1.2670  3.68E-05 1.007E-03 4.476E-03 2.987E-09 6.582E-07 4.470E-02 9.461E-02 2.012E-01 3.730E-01 1.719E+04 3.716E+02 1.79E-08
 7960   1.2677  3.68E-05 1.002E-03 4.461E-03 2.992E-09 6.552E-07 4.459E-02 9.446E-02 2.035E-01 3.761E-01 1.706E+04 3.729E+02 1.80E-08
 7980   1.2685  3.69E-05 9.969E-04 4.447E-03 3.003E-09 6.512E-07 4.448E-02 9.431E-02 2.022E-01 3.820E-01 1.692E+04 3.722E+02 1.80E-08
 8000   1.2692  3.71E-05 9.919E-04 4.433E-03 3.003E-09 6.465E-07 4.437E-02 9.416E-02 2.014E-01 3.827E-01 1.679E+04 3.724E+02 1.80E-08
 8020   1.2699  3.69E-05 9.869E-04 4.419E-03 3.010E-09 6.409E-07 4.426E-02 9.401E-02 2.042E-01 3.794E-01 1.666E+04 3.717E+02 1.81E-08
 8040   1.2707  3.67E-05 9.820E-04 4.405E-03 3.037E-09 6.345E-07 4.415E-02 9.386E-02 2.052E-01 3.760E-01 1.653E+04 3.709E+02 1.82E-08
 8060   1.2714  3.66E-05 9.773E-04 4.391E-03 3.067E-09 6.277E-07 4.405E-02 9.371E-02 2.053E-01 3.752E-01 1.641E+04 3.708E+02 1.84E-08
 8080   1.2721  3.63E-05 9.729E-04 4.377E-03 3.098E-09 6.207E-07 4.395E-02 9.356E-02 2.079E-01 3.781E-01 1.628E+04 3.717E+02 1.86E-08
 8100   1.2729  3.61E-05 9.684E-04 4.363E-03 3.143E-09 6.138E-07 4.385E-02 9.342E-02 2.091E-01 3.783E-01 1.616E+04 3.721E+02 1.89E-08
 8120   1.2736  3.61E-05 9.636E-04 4.350E-03 3.192E-09 6.075E-07 4.374E-02 9.327E-02 2.064E-01 3.737E-01 1.604E+04 3.713E+02 1.92E-08
 8140   1.2743  3.65E-05 9.586E-04 4.336E-03 3.219E-09 6.023E-07 4.362E-02 9.313E-02 2.005E-01 3.714E-01 1.592E+04 3.707E+02 1.93E-08
 8160   1.2751  3.68E-05 9.536E-04 4.322E-03 3.219E-09 5.984E-07 4.351E-02 9.298E-02 1.961E-01 3.713E-01 1.580E+04 3.692E+02 1.93E-08
 8180   1.2758  3.67E-05 9.491E-04 4.309E-03 3.212E-09 5.960E-07 4.340E-02 9.283E-02 1.931E-01 3.683E-01 1.569E+04 3.687E+02 1.93E-08
 8200   1.2765  3.68E-05 9.452E-04 4.295E-03 3.211E-09 5.951E-07 4.331E-02 9.269E-02 1.921E-01 3.659E-01 1.557E+04 3.691E+02 1.93E-08
 8220   1.2773  3.71E-05 9.417E-04 4.282E-03 3.222E-09 5.955E-07 4.324E-02 9.254E-02 1.904E-01 3.673E-01 1.545E+04 3.708E+02 1.93E-08
 8240   1.2780  3.69E-05 9.380E-04 4.269E-03 3.224E-09 5.975E-07 4.315E-02 9.240E-02 1.903E-01 3.707E-01 1.534E+04 3.706E+02 1.93E-08
 8260   1.2787  3.68E-05 9.340E-04 4.256E-03 3.205E-09 6.009E-07 4.307E-02 9.226E-02 1.936E-01 3.728E-01 1.523E+04 3.696E+02 1.92E-08
 8280   1.2795  3.69E-05 9.301E-04 4.243E-03 3.191E-09 6.056E-07 4.298E-02 9.211E-02 1.993E-01 3.715E-01 1.512E+04 3.695E+02 1.91E-08
 8300   1.2802  3.70E-05 9.261E-04 4.230E-03 3.196E-09 6.115E-07 4.289E-02 9.197E-02 2.094E-01 3.714E-01 1.500E+04 3.691E+02 1.92E-08
 8320   1.2810  3.69E-05 9.222E-04 4.217E-03 3.185E-09 6.185E-07 4.280E-02 9.184E-02 2.134E-01 3.809E-01 1.489E+04 3.694E+02 1.91E-08
 8340   1.2817  3.67E-05 9.181E-04 4.204E-03 3.150E-09 6.265E-07 4.270E-02 9.170E-02 2.125E-01 3.822E-01 1.478E+04 3.695E+02 1.89E-08
 8360   1.2824  3.65E-05 9.140E-04 4.191E-03 3.107E-09 6.351E-07 4.260E-02 9.156E-02 2.105E-01 3.756E-01 1.468E+04 3.694E+02 1.86E-08
 8380   1.2831  3.62E-05 9.096E-04 4.179E-03 3.060E-09 6.437E-07 4.250E-02 9.142E-02 2.097E-01 3.699E-01 1.457E+04 3.688E+02 1.84E-08
 8400   1.2839  3.62E-05 9.052E-04 4.166E-03 3.016E-09 6.520E-07 4.239E-02 9.128E-02 2.116E-01 3.649E-01 1.447E+04 3.680E+02 1.81E-08
 8420   1.2846  3.63E-05 9.008E-04 4.154E-03 2.977E-09 6.595E-07 4.229E-02 9.115E-02 2.131E-01 3.603E-01 1.436E+04 3.696E+02 1.79E-08
 8440   1.2853  3.63E-05 8.961E-04 4.142E-03 2.942E-09 6.659E-07 4.218E-02 9.101E-02 2.096E-01 3.570E-01 1.426E+04 3.688E+02 1.77E-08
 8460   1.2860  3.63E-05 8.912E-04 4.129E-03 2.926E-09 6.710E-07 4.206E-02 9.088E-02 2.049E-01 3.548E-01 1.416E+04 3.671E+02 1.76E-08
 8480   1.2868  3.65E-05 8.866E-04 4.117E-03 2.938E-09 6.745E-07 4.195E-02 9.074E-02 2.087E-01 3.556E-01 1.406E+04 3.652E+02 1.76E-08
 8500   1.2875  3.67E-05 8.828E-04 4.105E-03 2.957E-09 6.767E-07 4.187E-02 9.061E-02 2.083E-01 3.573E-01 1.396E+04 3.663E+02 1.77E-08
 8520   1.2882  3.67E-05 8.794E-04 4.093E-03 2.963E-09 6.776E-07 4.179E-02 9.048E-02 2.051E-01 3.589E-01 1.386E+04 3.664E+02 1.78E-08
 8540   1.2890  3.65E-05 8.764E-04 4.081E-03 2.967E-09 6.774E-07 4.172E-02 9.034E-02 2.121E-01 3.565E-01 1.376E+04 3.672E+02 1.78E-08
 8560   1.2897  3.66E-05 8.734E-04 4.069E-03 2.983E-09 6.760E-07 4.165E-02 9.021E-02 2.134E-01 3.505E-01 1.367E+04 3.682E+02 1.79E-08
 8580   1.2904  3.67E-05 8.700E-04 4.057E-03 2.999E-09 6.735E-07 4.157E-02 9.008E-02 2.131E-01 3.477E-01 1.357E+04 3.683E+02 1.80E-08
 8600   1.2912  3.67E-05 8.661E-04 4.046E-03 3.008E-09 6.702E-07 4.147E-02 8.995E-02 2.107E-01 3.453E-01 1.347E+04 3.679E+02 1.80E-08
 8620   1.2919  3.67E-05 8.618E-04 4.034E-03 3.024E-09 6.660E-07 4.137E-02 8.982E-02 2.094E-01 3.489E-01 1.338E+04 3.672E+02 1.81E-08
 8640   1.2926  3.66E-05 8.572E-04 4.023E-03 3.054E-09 6.612E-07 4.125E-02 8.969E-02 2.071E-01 3.547E-01 1.329E+04 3.665E+02 1.83E-08
 8660   1.2934  3.69E-05 8.526E-04 4.011E-03 3.086E-09 6.559E-07 4.114E-02 8.957E-02 2.029E-01 3.526E-01 1.319E+04 3.647E+02 1.85E-08
 8680   1.2941  3.71E-05 8.485E-04 3.999E-03 3.106E-09 6.504E-07 4.104E-02 8.944E-02 1.955E-01 3.474E-01 1.310E+04 3.628E+02 1.86E-08
 8700   1.2949  3.70E-05 8.455E-04 3.988E-03 3.114E-09 6.450E-07 4.097E-02 8.931E-02 1.945E-01 3.433E-01 1.301E+04 3.640E+02 1.87E-08
 8720   1.2956  3.69E-05 8.432E-04 3.976E-03 3.115E-09 6.397E-07 4.091E-02 8.918E-02 1.940E-01 3.402E-01 1.292E+04 3.672E+02 1.87E-08
 8740   1.2963  3.69E-05 8.404E-04 3.965E-03 3.113E-09 6.346E-07 4.084E-02 8.905E-02 1.933E-01 3.355E-01 1.283E+04 3.676E+02 1.87E-08
 8760   1.2971  3.71E-05 8.368E-04 3.953E-03 3.114E-09 6.295E-07 4.075E-02 8.892E-02 1.929E-01 3.319E-01 1.274E+04 3.655E+02 1.87E-08
 8780   1.2978  3.71E-05 8.331E-04 3.942E-03 3.125E-09 6.246E-07 4.066E-02 8.880E-02 1.914E-01 3.300E-01 1.266E+04 3.648E+02 1.87E-08
 8800   1.2986  3.74E-05 8.295E-04 3.931E-03 3.143E-09 6.199E-07 4.057E-02 8.867E-02 1.862E-01 3.290E-01 1.257E+04 3.644E+02 1.89E-08
 8820   1.2993  3.77E-05 8.260E-04 3.920E-03 3.166E-09 6.156E-07 4.049E-02 8.854E-02 1.830E-01 3.290E-01 1.248E+04 3.644E+02 1.90E-08
 8840   1.3001  3.77E-05 8.225E-04 3.909E-03 3.188E-09 6.119E-07 4.040E-02 8.842E-02 1.778E-01 3.283E-01 1.240E+04 3.651E+02 1.91E-08
 8860   1.3008  3.76E-05 8.189E-04 3.898E-03 3.204E-09 6.093E-07 4.032E-02 8.829E-02 1.752E-01 3.285E-01 1.231E+04 3.639E+02 1.92E-08
 8880   1.3016  3.79E-05 8.155E-04 3.887E-03 3.214E-09 6.078E-07 4.023E-02 8.817E-02 1.797E-01 3.306E-01 1.223E+04 3.633E+02 1.93E-08
 8900   1.3023  3.77E-05 8.124E-04 3.876E-03 3.224E-09 6.076E-07 4.016E-02 8.804E-02 1.882E-01 3.328E-01 1.214E+04 3.630E+02 1.93E-08
 8920   1.3031  3.76E-05 8.097E-04 3.865E-03 3.235E-09 6.087E-07 4.009E-02 8.792E-02 1.900E-01 3.313E-01 1.206E+04 3.642E+02 1.94E-08
 8940   1.3038  3.74E-05 8.069E-04 3.854E-03 3.240E-09 6.114E-07 4.002E-02 8.780E-02 1.892E-01 3.310E-01 1.198E+04 3.655E+02 1.94E-08
 8960   1.3046  3.77E-05 8.034E-04 3.844E-03 3.226E-09 6.156E-07 3.993E-02 8.768E-02 1.853E-01 3.345E-01 1.190E+04 3.664E+02 1.94E-08
 8980   1.3053  3.78E-05 7.989E-04 3.833E-03 3.191E-09 6.212E-07 3.982E-02 8.755E-02 1.794E-01 3.350E-01 1.182E+04 3.641E+02 1.91E-08
 9000   1.3061  3.81E-05 7.941E-04 3.822E-03 3.139E-09 6.279E-07 3.970E-02 8.743E-02 1.711E-01 3.279E-01 1.174E+04 3.605E+02 1.88E-08
 9020   1.3069  3.83E-05 7.903E-04 3.811E-03 3.081E-09 6.350E-07 3.960E-02 8.730E-02 1.734E-01 3.250E-01 1.166E+04 3.600E+02 1.85E-08
 9040   1.3076  3.81E-05 7.876E-04 3.800E-03 3.021E-09 6.419E-07 3.954E-02 8.718E-02 1.764E-01 3.281E-01 1.159E+04 3.605E+02 1.81E-08
 9060   1.3084  3.79E-05 7.857E-04 3.789E-03 2.977E-09 6.480E-07 3.949E-02 8.705E-02 1.808E-01 3.335E-01 1.151E+04 3.635E+02 1.79E-08
 9080   1.3091  3.76E-05 7.836E-04 3.778E-03 2.970E-09 6.528E-07 3.944E-02 8.693E-02 1.877E-01 3.371E-01 1.144E+04 3.651E+02 1.78E-08
 9100   1.3099  3.74E-05 7.805E-04 3.767E-03 2.983E-09 6.563E-07 3.936E-02 8.680E-02 1.930E-01 3.342E-01 1.136E+04 3.649E+02 1.79E-08
 9120   1.3106  3.72E-05 7.766E-04 3.757E-03 2.978E-09 6.587E-07 3.927E-02 8.668E-02 1.990E-01 3.330E-01 1.129E+04 3.633E+02 1.79E-08
 9140   1.3114  3.74E-05 7.724E-04 3.747E-03 2.954E-09 6.598E-07 3.916E-02 8.657E-02 1.997E-01 3.297E-01 1.122E+04 3.601E+02 1.77E-08
 9160   1.3121  3.76E-05 7.688E-04 3.737E-03 2.948E-09 6.595E-07 3.907E-02 8.645E-02 1.965E-01 3.276E-01 1.115E+04 3.594E+02 1.77E-08
 9180   1.3129  3.76E-05 7.662E-04 3.727E-03 2.973E-09 6.577E-07 3.900E-02 8.633E-02 1.949E-01 3.249E-01 1.108E+04 3.609E+02 1.78E-08
 9200   1.3136  3.76E-05 7.639E-04 3.717E-03 3.018E-09 6.546E-07 3.894E-02 8.622E-02 1.912E-01 3.254E-01 1.101E+04 3.607E+02 1.81E-08
 9220   1.3144  3.76E-05 7.618E-04 3.706E-03 3.078E-09 6.507E-07 3.888E-02 8.610E-02 1.875E-01 3.286E-01 1.094E+04 3.611E+02 1.85E-08
 9240   1.3151  3.75E-05 7.599E-04 3.697E-03 3.134E-09 6.466E-07 3.883E-02 8.598E-02 1.871E-01 3.274E-01 1.087E+04 3.610E+02 1.88E-08
 9260   1.3159  3.75E-05 7.579E-04 3.687E-03 3.161E-09 6.428E-07 3.878E-02 8.587E-02 1.881E-01 3.227E-01 1.080E+04 3.605E+02 1.90E-08
 9280   1.3166  3.75E-05 7.560E-04 3.677E-03 3.159E-09 6.396E-07 3.873E-02 8.575E-02 1.900E-01 3.173E-01 1.073E+04 3.612E+02 1.90E-08
 9300   1.3174  3.74E-05 7.538E-04 3.667E-03 3.149E-09 6.372E-07 3.867E-02 8.564E-02 1.906E-01 3.119E-01 1.066E+04 3.623E+02 1.89E-08
 9320   1.3181  3.73E-05 7.510E-04 3.657E-03 3.136E-09 6.353E-07 3.860E-02 8.552E-02 1.968E-01 3.110E-01 1.060E+04 3.616E+02 1.88E-08
 9340   1.3189  3.73E-05 7.476E-04 3.647E-03 3.119E-09 6.338E-07 3.852E-02 8.541E-02 1.997E-01 3.111E-01 1.053E+04 3.611E+02 1.87E-08
 9360   1.3196  3.74E-05 7.439E-04 3.638E-03 3.111E-09 6.326E-07 3.842E-02 8.529E-02 2.018E-01 3.132E-01 1.047E+04 3.588E+02 1.87E-08
 9380   1.3204  3.76E-05 7.403E-04 3.628E-03 3.134E-09 6.316E-07 3.833E-02 8.518E-02 2.030E-01 3.177E-01 1.041E+04 3.579E+02 1.88E-08
 9400   1.3211  3.78E-05 7.374E-04 3.618E-03 3.176E-09 6.309E-07 3.826E-02 8.507E-02 2.006E-01 3.242E-01 1.034E+04 3.581E+02 1.91E-08
 9420   1.3219  3.79E-05 7.350E-04 3.608E-03 3.190E-09 6.311E-07 3.819E-02 8.495E-02 1.944E-01 3.279E-01 1.028E+04 3.596E+02 1.91E-08
 9440   1.3227  3.80E-05 7.325E-04 3.599E-03 3.164E-09 6.323E-07 3.813E-02 8.484E-02 1.901E-01 3.315E-01 1.021E+04 3.594E+02 1.90E-08
 9460   1.3234  3.79E-05 7.298E-04 3.589E-03 3.144E-09 6.342E-07 3.806E-02 8.473E-02 1.839E-01 3.339E-01 1.015E+04 3.600E+02 1.89E-08
 9480   1.3242  3.77E-05 7.269E-04 3.580E-03 3.138E-09 6.365E-07 3.798E-02 8.461E-02 1.835E-01 3.332E-01 1.009E+04 3.601E+02 1.88E-08
 9500   1.3249  3.77E-05 7.235E-04 3.570E-03 3.113E-09 6.392E-07 3.789E-02 8.450E-02 1.827E-01 3.318E-01 1.003E+04 3.595E+02 1.87E-08
 9520   1.3257  3.78E-05 7.198E-04 3.561E-03 3.076E-09 6.420E-07 3.779E-02 8.439E-02 1.806E-01 3.322E-01 9.968E+03 3.581E+02 1.85E-08
 9540   1.3264  3.79E-05 7.162E-04 3.552E-03 3.054E-09 6.446E-07 3.770E-02 8.428E-02 1.789E-01 3.297E-01 9.907E+03 3.562E+02 1.83E-08
 9560   1.3272  3.80E-05 7.135E-04 3.543E-03 3.040E-09 6.468E-07 3.763E-02 8.417E-02 1.768E-01 3.295E-01 9.848E+03 3.553E+02 1.82E-08
 9580   1.3280  3.82E-05 7.118E-04 3.533E-03 3.026E-09 6.483E-07 3.759E-02 8.407E-02 1.729E-01 3.318E-01 9.788E+03 3.572E+02 1.82E-08
 9600   1.3287  3.81E-05 7.104E-04 3.524E-03 3.021E-09 6.492E-07 3.755E-02 8.396E-02 1.754E-01 3.315E-01 9.729E+03 3.594E+02 1.81E-08
 9620   1.3295  3.83E-05 7.085E-04 3.515E-03 3.025E-09 6.493E-07 3.750E-02 8.385E-02 1.737E-01 3.277E-01 9.671E+03 3.589E+02 1.82E-08
 9640   1.3303  3.85E-05 7.061E-04 3.506E-03 3.039E-09 6.487E-07 3.743E-02 8.374E-02 1.687E-01 3.239E-01 9.613E+03 3.579E+02 1.82E-08
 9660   1.3310  3.87E-05 7.034E-04 3.497E-03 3.053E-09 6.475E-07 3.736E-02 8.363E-02 1.718E-01 3.226E-01 9.555E+03 3.569E+02 1.83E-08
 9680   1.3318  3.87E-05 7.009E-04 3.488E-03 3.061E-09 6.459E-07 3.730E-02 8.352E-02 1.758E-01 3.234E-01 9.498E+03 3.569E+02 1.84E-08
 9700   1.3326  3.86E-05 6.985E-04 3.479E-03 3.076E-09 6.439E-07 3.723E-02 8.341E-02 1.757E-01 3.251E-01 9.440E+03 3.574E+02 1.85E-08
 9720   1.3333  3.86E-05 6.960E-04 3.470E-03 3.090E-09 6.418E-07 3.716E-02 8.330E-02 1.714E-01 3.270E-01 9.383E+03 3.570E+02 1.85E-08
 9740   1.3341  3.88E-05 6.935E-04 3.461E-03 3.083E-09 6.396E-07 3.710E-02 8.320E-02 1.668E-01 3.268E-01 9.327E+03 3.555E+02 1.85E-08
 9760   1.3349  3.86E-05 6.913E-04 3.452E-03 3.080E-09 6.373E-07 3.704E-02 8.309E-02 1.607E-01 3.269E-01 9.270E+03 3.559E+02 1.85E-08
 9780   1.3357  3.85E-05 6.895E-04 3.443E-03 3.096E-09 6.350E-07 3.699E-02 8.298E-02 1.599E-01 3.230E-01 9.215E+03 3.572E+02 1.86E-08
 9800   1.3364  3.87E-05 6.872E-04 3.434E-03 3.092E-09 6.326E-07 3.693E-02 8.288E-02 1.664E-01 3.234E-01 9.160E+03 3.587E+02 1.86E-08
 9820   1.3372  3.88E-05 6.839E-04 3.426E-03 3.069E-09 6.303E-07 3.684E-02 8.277E-02 1.705E-01 3.246E-01 9.106E+03 3.578E+02 1.84E-08
 9840   1.3380  3.88E-05 6.799E-04 3.417E-03 3.059E-09 6.276E-07 3.674E-02 8.267E-02 1.687E-01 3.238E-01 9.052E+03 3.550E+02 1.84E-08
 9860   1.3388  3.88E-05 6.762E-04 3.408E-03 3.065E-09 6.244E-07 3.664E-02 8.256E-02 1.674E-01 3.220E-01 8.999E+03 3.522E+02 1.84E-08
 9880   1.3395  3.90E-05 6.738E-04 3.400E-03 3.100E-09 6.208E-07 3.657E-02 8.246E-02 1.702E-01 3.206E-01 8.946E+03 3.528E+02 1.86E-08
 9900   1.3403  3.88E-05 6.724E-04 3.391E-03 3.155E-09 6.173E-07 3.653E-02 8.235E-02 1.736E-01 3.227E-01 8.893E+03 3.541E+02 1.89E-08
 9920   1.3411  3.86E-05 6.713E-04 3.382E-03 3.189E-09 6.143E-07 3.651E-02 8.225E-02 1.721E-01 3.232E-01 8.840E+03 3.567E+02 1.91E-08
 9940   1.3419  3.85E-05 6.696E-04 3.374E-03 3.197E-09 6.124E-07 3.646E-02 8.214E-02 1.777E-01 3.226E-01 8.789E+03 3.575E+02 1.92E-08
 9960   1.3426  3.77E-05 6.669E-04 3.365E-03 3.205E-09 6.116E-07 3.639E-02 8.204E-02 1.800E-01 3.227E-01 8.738E+03 3.555E+02 1.92E-08
 9980   1.3434  3.73E-05 6.639E-04 3.357E-03 3.213E-09 6.119E-07 3.630E-02 8.194E-02 1.805E-01 3.231E-01 8.690E+03 3.532E+02 1.93E-08
10000   1.3441  3.74E-05 6.612E-04 3.349E-03 3.212E-09 6.134E-07 3.623E-02 8.184E-02 1.803E-01 3.223E-01 8.641E+03 3.532E+02 1.93E-08
10020   1.3449  3.78E-05 6.589E-04 3.340E-03 3.203E-09 6.161E-07 3.616E-02 8.174E-02 1.810E-01 3.218E-01 8.593E+03 3.526E+02 1.92E-08
10040   1.3456  3.82E-05 6.570E-04 3.332E-03 3.184E-09 6.199E-07 3.611E-02 8.164E-02 1.781E-01 3.222E-01 8.545E+03 3.524E+02 1.91E-08
10060   1.3464  3.87E-05 6.556E-04 3.324E-03 3.157E-09 6.246E-07 3.607E-02 8.153E-02 1.733E-01 3.204E-01 8.497E+03 3.528E+02 1.89E-08
10080   1.3472  3.87E-05 6.545E-04 3.315E-03 3.128E-09 6.299E-07 3.604E-02 8.143E-02 1.727E-01 3.174E-01 8.449E+03 3.542E+02 1.88E-08
10100   1.3480  3.86E-05 6.531E-04 3.307E-03 3.098E-09 6.354E-07 3.600E-02 8.133E-02 1.701E-01 3.155E-01 8.401E+03 3.547E+02 1.86E-08
10120   1.3487  3.89E-05 6.511E-04 3.299E-03 3.077E-09 6.408E-07 3.594E-02 8.123E-02 1.704E-01 3.099E-01 8.354E+03 3.532E+02 1.85E-08
10140   1.3495  3.88E-05 6.490E-04 3.291E-03 3.074E-09 6.460E-07 3.588E-02 8.113E-02 1.684E-01 3.056E-01 8.307E+03 3.520E+02 1.84E-08
10160   1.3503  3.89E-05 6.470E-04 3.283E-03 3.076E-09 6.508E-07 3.583E-02 8.103E-02 1.675E-01 3.027E-01 8.261E+03 3.524E+02 1.85E-08
10180   1.3511  3.90E-05 6.451E-04 3.275E-03 3.066E-09 6.554E-07 3.578E-02 8.093E-02 1.673E-01 3.037E-01 8.214E+03 3.533E+02 1.84E-08
10200   1.3518  3.90E-05 6.428E-04 3.267E-03 3.036E-09 6.596E-07 3.571E-02 8.083E-02 1.669E-01 3.038E-01 8.168E+03 3.529E+02 1.82E-08
10220   1.3526  3.87E-05 6.403E-04 3.258E-03 2.993E-09 6.630E-07 3.564E-02 8.073E-02 1.668E-01 3.029E-01 8.122E+03 3.508E+02 1.80E-08
10240   1.3534  3.87E-05 6.382E-04 3.250E-03 2.967E-09 6.654E-07 3.558E-02 8.063E-02 1.678E-01 3.040E-01 8.077E+03 3.510E+02 1.78E-08
10260   1.3542  3.89E-05 6.363E-04 3.243E-03 2.973E-09 6.665E-07 3.553E-02 8.053E-02 1.631E-01 3.072E-01 8.033E+03 3.522E+02 1.78E-08
10280   1.3549  3.90E-05 6.341E-04 3.235E-03 2.992E-09 6.663E-07 3.547E-02 8.043E-02 1.588E-01 3.114E-01 7.989E+03 3.522E+02 1.80E-08
10300   1.3557  3.90E-05 6.317E-04 3.227E-03 2.998E-09 6.649E-07 3.540E-02 8.033E-02 1.560E-01 3.081E-01 7.945E+03 3.503E+02 1.80E-08
10320   1.3565  3.88E-05 6.294E-04 3.219E-03 3.005E-09 6.626E-07 3.533E-02 8.023E-02 1.583E-01 3.037E-01 7.901E+03 3.499E+02 1.80E-08
10340   1.3573  3.89E-05 6.276E-04 3.211E-03 3.021E-09 6.594E-07 3.528E-02 8.014E-02 1.573E-01 3.006E-01 7.859E+03 3.504E+02 1.81E-08
10360   1.3581  3.91E-05 6.259E-04 3.203E-03 3.040E-09 6.555E-07 3.523E-02 8.004E-02 1.580E-01 2.956E-01 7.816E+03 3.513E+02 1.82E-08
10380   1.3588  3.92E-05 6.239E-04 3.195E-03 3.051E-09 6.509E-07 3.518E-02 7.994E-02 1.556E-01 2.955E-01 7.774E+03 3.506E+02 1.83E-08
10400   1.3596  3.90E-05 6.218E-04 3.188E-03 3.053E-09 6.459E-07 3.512E-02 7.985E-02 1.557E-01 2.953E-01 7.732E+03 3.495E+02 1.83E-08
10420   1.3604  3.90E-05 6.199E-04 3.180E-03 3.051E-09 6.405E-07 3.507E-02 7.975E-02 1.577E-01 2.924E-01 7.690E+03 3.483E+02 1.83E-08
10440   1.3612  3.89E-05 6.187E-04 3.173E-03 3.042E-09 6.345E-07 3.504E-02 7.966E-02 1.620E-01 2.930E-01 7.649E+03 3.486E+02 1.83E-08
10460   1.3620  3.89E-05 6.179E-04 3.165E-03 3.042E-09 6.279E-07 3.502E-02 7.956E-02 1.654E-01 2.955E-01 7.608E+03 3.514E+02 1.83E-08
10480   1.3627  3.90E-05 6.164E-04 3.157E-03 3.074E-09 6.205E-07 3.497E-02 7.947E-02 1.605E-01 2.996E-01 7.568E+03 3.523E+02 1.84E-08
10500   1.3635  3.93E-05 6.138E-04 3.150E-03 3.130E-09 6.128E-07 3.490E-02 7.937E-02 1.556E-01 3.075E-01 7.527E+03 3.505E+02 1.88E-08
10520   1.3643  3.92E-05 6.107E-04 3.142E-03 3.186E-09 6.054E-07 3.481E-02 7.928E-02 1.610E-01 3.165E-01 7.487E+03 3.480E+02 1.91E-08
10540   1.3651  3.93E-05 6.079E-04 3.135E-03 3.232E-09 5.990E-07 3.473E-02 7.918E-02 1.630E-01 3.190E-01 7.448E+03 3.463E+02 1.94E-08
10560   1.3659  3.92E-05 6.062E-04 3.127E-03 3.267E-09 5.943E-07 3.468E-02 7.909E-02 1.613E-01 3.134E-01 7.409E+03 3.476E+02 1.96E-08
10580   1.3667  3.90E-05 6.049E-04 3.120E-03 3.280E-09 5.917E-07 3.464E-02 7.899E-02 1.563E-01 3.117E-01 7.370E+03 3.497E+02 1.97E-08
10600   1.3674  3.90E-05 6.032E-04 3.113E-03 3.275E-09 5.915E-07 3.459E-02 7.890E-02 1.514E-01 3.112E-01 7.332E+03 3.497E+02 1.97E-08
10620   1.3682  3.85E-05 6.010E-04 3.105E-03 3.270E-09 5.934E-07 3.453E-02 7.881E-02 1.486E-01 3.099E-01 7.294E+03 3.475E+02 1.96E-08
10640   1.3690  3.85E-05 5.989E-04 3.098E-03 3.254E-09 5.975E-07 3.447E-02 7.872E-02 1.479E-01 3.107E-01 7.256E+03 3.463E+02 1.95E-08
10660   1.3698  3.88E-05 5.973E-04 3.091E-03 3.207E-09 6.034E-07 3.442E-02 7.863E-02 1.478E-01 3.096E-01 7.219E+03 3.468E+02 1.92E-08
10680   1.3705  3.90E-05 5.960E-04 3.084E-03 3.161E-09 6.106E-07 3.438E-02 7.854E-02 1.536E-01 3.058E-01 7.182E+03 3.469E+02 1.90E-08
10700   1.3713  3.93E-05 5.947E-04 3.077E-03 3.160E-09 6.185E-07 3.435E-02 7.844E-02 1.551E-01 3.040E-01 7.145E+03 3.488E+02 1.90E-08
10720   1.3721  3.92E-05 5.928E-04 3.070E-03 3.159E-09 6.271E-07 3.429E-02 7.835E-02 1.493E-01 3.055E-01 7.109E+03 3.474E+02 1.90E-08
10740   1.3729  3.90E-05 5.907E-04 3.063E-03 3.108E-09 6.362E-07 3.423E-02 7.826E-02 1.509E-01 3.101E-01 7.072E+03 3.454E+02 1.86E-08
10760   1.3737  3.88E-05 5.889E-04 3.056E-03 3.056E-09 6.452E-07 3.418E-02 7.817E-02 1.495E-01 3.099E-01 7.037E+03 3.451E+02 1.83E-08
10780   1.3744  3.86E-05 5.876E-04 3.049E-03 3.027E-09 6.535E-07 3.414E-02 7.809E-02 1.506E-01 3.093E-01 7.001E+03 3.456E+02 1.82E-08
10800   1.3752  3.87E-05 5.864E-04 3.042E-03 2.982E-09 6.609E-07 3.410E-02 7.800E-02 1.541E-01 3.081E-01 6.967E+03 3.475E+02 1.79E-08
10820   1.3760  3.90E-05 5.846E-04 3.035E-03 2.932E-09 6.668E-07 3.405E-02 7.791E-02 1.556E-01 3.092E-01 6.932E+03 3.471E+02 1.76E-08
10840   1.3768  3.93E-05 5.822E-04 3.028E-03 2.930E-09 6.709E-07 3.398E-02 7.782E-02 1.499E-01 3.107E-01 6.898E+03 3.451E+02 1.76E-08
10860   1.3776  3.88E-05 5.799E-04 3.021E-03 2.963E-09 6.730E-07 3.391E-02 7.773E-02 1.435E-01 3.087E-01 6.863E+03 3.446E+02 1.78E-08
10880   1.3783  3.82E-05 5.779E-04 3.014E-03 2.980E-09 6.737E-07 3.385E-02 7.764E-02 1.532E-01 3.061E-01 6.830E+03 3.437E+02 1.79E-08
10900   1.3791  3.83E-05 5.765E-04 3.007E-03 2.983E-09 6.730E-07 3.381E-02 7.756E-02 1.499E-01 3.043E-01 6.797E+03 3.440E+02 1.79E-08
10920   1.3799  3.87E-05 5.753E-04 3.000E-03 3.001E-09 6.710E-07 3.378E-02 7.747E-02 1.489E-01 3.036E-01 6.764E+03 3.455E+02 1.80E-08
10940   1.3806  3.89E-05 5.739E-04 2.993E-03 3.028E-09 6.679E-07 3.374E-02 7.738E-02 1.600E-01 3.036E-01 6.731E+03 3.454E+02 1.82E-08
10960   1.3814  3.89E-05 5.721E-04 2.987E-03 3.048E-09 6.640E-07 3.369E-02 7.729E-02 1.593E-01 3.034E-01 6.698E+03 3.449E+02 1.83E-08
10980   1.3822  3.92E-05 5.701E-04 2.980E-03 3.073E-09 6.595E-07 3.363E-02 7.720E-02 1.558E-01 3.020E-01 6.666E+03 3.437E+02 1.84E-08
