#--it-----t--------dt-------EEK-------EEM-------EEGW------hrms------urms------brms------umax------bmax------o2m------divu2m----gg2m---
    0   1.0000  4.89E-05 0.000E+00 0.000E+00 0.000E+00 0.000E+00 0.000E+00 0.000E+00 0.000E+00 0.000E+00 0.000E+00 0.000E+00 0.00E+00
#--it-----t--------dt-------EEK-------EEM-------EEGW------hrms------urms------brms------umax------bmax------o2m------divu2m----gg2m---
    0   1.0000  4.89E-05 0.000E+00 0.000E+00 0.000E+00 0.000E+00 0.000E+00 0.000E+00 0.000E+00 0.000E+00 0.000E+00 0.000E+00 0.00E+00
   20   1.0010  4.88E-05 3.171E-11 2.443E-04 9.430E-14 2.231E-10 7.963E-06 2.211E-02 4.039E-05 6.568E-02 4.071E-05 8.236E-07 5.66E-13
   40   1.0020  4.87E-05 5.595E-10 4.645E-04 1.028E-12 1.671E-09 3.345E-05 3.048E-02 1.587E-04 8.288E-02 7.034E-04 1.543E-05 6.17E-12
   60   1.0029  4.86E-05 3.025E-09 6.840E-04 3.053E-12 4.548E-09 7.778E-05 3.699E-02 3.831E-04 1.048E-01 3.650E-03 8.636E-05 1.83E-11
   80   1.0039  4.85E-05 9.602E-09 9.316E-04 6.103E-12 8.458E-09 1.386E-04 4.316E-02 7.299E-04 1.181E-01 1.150E-02 2.579E-04 3.66E-11
  100   1.0049  4.84E-05 2.306E-08 1.135E-03 1.011E-11 1.302E-08 2.147E-04 4.765E-02 1.067E-03 1.301E-01 2.771E-02 5.649E-04 6.07E-11
  120   1.0058  4.83E-05 4.607E-08 1.322E-03 1.389E-11 1.783E-08 3.036E-04 5.141E-02 1.485E-03 1.535E-01 5.597E-02 9.987E-04 8.34E-11
  140   1.0068  4.83E-05 8.309E-08 1.575E-03 1.949E-11 2.251E-08 4.077E-04 5.613E-02 1.911E-03 1.550E-01 1.015E-01 1.610E-03 1.17E-10
  160   1.0078  4.81E-05 1.400E-07 1.797E-03 2.661E-11 2.758E-08 5.292E-04 5.996E-02 2.602E-03 1.697E-01 1.714E-01 2.387E-03 1.60E-10
  180   1.0087  4.81E-05 2.210E-07 1.975E-03 3.409E-11 3.331E-08 6.648E-04 6.285E-02 3.592E-03 1.741E-01 2.707E-01 3.233E-03 2.05E-10
  200   1.0097  4.80E-05 3.281E-07 2.165E-03 4.240E-11 3.935E-08 8.101E-04 6.580E-02 4.510E-03 1.772E-01 4.031E-01 4.040E-03 2.54E-10
  220   1.0106  4.78E-05 4.712E-07 2.375E-03 5.258E-11 4.549E-08 9.708E-04 6.892E-02 5.564E-03 1.835E-01 5.800E-01 4.905E-03 3.15E-10
  240   1.0116  4.77E-05 6.517E-07 2.576E-03 6.283E-11 5.191E-08 1.142E-03 7.178E-02 6.888E-03 1.816E-01 8.035E-01 5.795E-03 3.77E-10
  260   1.0126  4.76E-05 8.827E-07 2.791E-03 7.262E-11 5.865E-08 1.329E-03 7.471E-02 8.313E-03 1.946E-01 1.089E+00 6.889E-03 4.36E-10
  280   1.0135  4.73E-05 1.176E-06 3.003E-03 8.387E-11 6.571E-08 1.533E-03 7.749E-02 9.840E-03 1.952E-01 1.450E+00 8.282E-03 5.03E-10
  300   1.0144  4.73E-05 1.528E-06 3.198E-03 9.452E-11 7.295E-08 1.748E-03 7.998E-02 1.136E-02 2.036E-01 1.885E+00 9.825E-03 5.67E-10
  320   1.0154  4.70E-05 1.944E-06 3.368E-03 1.090E-10 7.996E-08 1.972E-03 8.208E-02 1.288E-02 2.138E-01 2.397E+00 1.146E-02 6.54E-10
  340   1.0163  4.67E-05 2.425E-06 3.568E-03 1.255E-10 8.688E-08 2.202E-03 8.447E-02 1.436E-02 2.218E-01 2.988E+00 1.317E-02 7.53E-10
  360   1.0173  4.65E-05 2.990E-06 3.897E-03 1.407E-10 9.421E-08 2.445E-03 8.828E-02 1.580E-02 2.392E-01 3.678E+00 1.508E-02 8.44E-10
  380   1.0182  4.63E-05 3.646E-06 4.053E-03 1.544E-10 1.022E-07 2.700E-03 9.003E-02 1.733E-02 2.453E-01 4.476E+00 1.698E-02 9.27E-10
  400   1.0191  4.62E-05 4.396E-06 4.303E-03 1.692E-10 1.103E-07 2.965E-03 9.277E-02 1.894E-02 2.552E-01 5.383E+00 1.880E-02 1.02E-09
  420   1.0200  4.60E-05 5.260E-06 4.480E-03 1.899E-10 1.183E-07 3.243E-03 9.466E-02 2.057E-02 2.674E-01 6.422E+00 2.092E-02 1.14E-09
  440   1.0210  4.59E-05 6.232E-06 4.665E-03 2.095E-10 1.263E-07 3.530E-03 9.659E-02 2.222E-02 2.788E-01 7.584E+00 2.348E-02 1.26E-09
  460   1.0219  4.56E-05 7.314E-06 4.875E-03 2.296E-10 1.345E-07 3.825E-03 9.874E-02 2.370E-02 2.789E-01 8.874E+00 2.605E-02 1.38E-09
  480   1.0228  4.55E-05 8.514E-06 5.106E-03 2.467E-10 1.426E-07 4.126E-03 1.011E-01 2.492E-02 2.915E-01 1.030E+01 2.861E-02 1.48E-09
  500   1.0237  4.53E-05 9.855E-06 5.289E-03 2.655E-10 1.508E-07 4.439E-03 1.028E-01 2.596E-02 2.893E-01 1.190E+01 3.122E-02 1.59E-09
  520   1.0246  4.52E-05 1.130E-05 5.383E-03 2.880E-10 1.590E-07 4.753E-03 1.038E-01 2.687E-02 2.786E-01 1.361E+01 3.394E-02 1.73E-09
  540   1.0255  4.52E-05 1.288E-05 5.615E-03 3.065E-10 1.671E-07 5.075E-03 1.060E-01 2.792E-02 2.808E-01 1.548E+01 3.716E-02 1.84E-09
  560   1.0264  4.51E-05 1.463E-05 5.891E-03 3.200E-10 1.751E-07 5.409E-03 1.085E-01 2.889E-02 2.902E-01 1.757E+01 4.073E-02 1.92E-09
  580   1.0273  4.51E-05 1.653E-05 6.141E-03 3.379E-10 1.830E-07 5.750E-03 1.108E-01 2.981E-02 3.042E-01 1.984E+01 4.466E-02 2.03E-09
  600   1.0282  4.53E-05 1.859E-05 6.284E-03 3.601E-10 1.905E-07 6.097E-03 1.121E-01 3.061E-02 3.028E-01 2.230E+01 4.871E-02 2.16E-09
  620   1.0291  4.51E-05 2.083E-05 6.526E-03 3.841E-10 1.976E-07 6.455E-03 1.142E-01 3.134E-02 3.138E-01 2.499E+01 5.309E-02 2.30E-09
  640   1.0300  4.51E-05 2.327E-05 6.727E-03 4.068E-10 2.043E-07 6.822E-03 1.160E-01 3.200E-02 3.218E-01 2.792E+01 5.757E-02 2.44E-09
  660   1.0309  4.51E-05 2.583E-05 6.839E-03 4.351E-10 2.106E-07 7.188E-03 1.170E-01 3.275E-02 3.060E-01 3.103E+01 6.183E-02 2.61E-09
  680   1.0318  4.49E-05 2.854E-05 6.913E-03 4.640E-10 2.165E-07 7.556E-03 1.176E-01 3.363E-02 3.173E-01 3.434E+01 6.601E-02 2.78E-09
  700   1.0327  4.47E-05 3.141E-05 7.068E-03 4.935E-10 2.220E-07 7.926E-03 1.189E-01 3.455E-02 3.180E-01 3.784E+01 6.989E-02 2.96E-09
  720   1.0336  4.46E-05 3.442E-05 7.231E-03 5.321E-10 2.273E-07 8.297E-03 1.203E-01 3.526E-02 3.223E-01 4.154E+01 7.417E-02 3.19E-09
  740   1.0345  4.45E-05 3.757E-05 7.442E-03 5.586E-10 2.330E-07 8.669E-03 1.220E-01 3.584E-02 3.324E-01 4.544E+01 7.895E-02 3.35E-09
  760   1.0354  4.42E-05 4.089E-05 7.709E-03 5.819E-10 2.391E-07 9.044E-03 1.242E-01 3.661E-02 3.436E-01 4.960E+01 8.547E-02 3.49E-09
  780   1.0363  4.39E-05 4.438E-05 7.922E-03 6.122E-10 2.458E-07 9.422E-03 1.259E-01 3.776E-02 3.622E-01 5.399E+01 9.265E-02 3.67E-09
  800   1.0371  4.38E-05 4.802E-05 8.152E-03 6.481E-10 2.527E-07 9.800E-03 1.277E-01 3.872E-02 3.622E-01 5.863E+01 1.003E-01 3.89E-09
  820   1.0380  4.40E-05 5.182E-05 8.418E-03 6.823E-10 2.597E-07 1.018E-02 1.298E-01 3.953E-02 3.666E-01 6.356E+01 1.081E-01 4.09E-09
  840   1.0389  4.40E-05 5.581E-05 8.673E-03 7.117E-10 2.665E-07 1.057E-02 1.317E-01 4.018E-02 3.565E-01 6.879E+01 1.152E-01 4.27E-09
  860   1.0398  4.36E-05 5.999E-05 8.915E-03 7.452E-10 2.733E-07 1.095E-02 1.335E-01 4.119E-02 3.661E-01 7.436E+01 1.225E-01 4.47E-09
  880   1.0406  4.34E-05 6.434E-05 9.202E-03 7.873E-10 2.800E-07 1.134E-02 1.357E-01 4.246E-02 3.783E-01 8.022E+01 1.317E-01 4.72E-09
  900   1.0415  4.36E-05 6.880E-05 9.191E-03 8.135E-10 2.872E-07 1.173E-02 1.356E-01 4.365E-02 3.808E-01 8.636E+01 1.400E-01 4.88E-09
  920   1.0424  4.34E-05 7.333E-05 9.554E-03 8.448E-10 2.942E-07 1.211E-02 1.382E-01 4.501E-02 3.936E-01 9.276E+01 1.499E-01 5.07E-09
  940   1.0432  4.31E-05 7.806E-05 9.881E-03 8.865E-10 3.012E-07 1.250E-02 1.406E-01 4.616E-02 3.801E-01 9.959E+01 1.632E-01 5.32E-09
  960   1.0441  4.34E-05 8.299E-05 1.008E-02 9.290E-10 3.087E-07 1.288E-02 1.420E-01 4.803E-02 3.899E-01 1.069E+02 1.774E-01 5.57E-09
  980   1.0450  4.32E-05 8.817E-05 1.029E-02 9.574E-10 3.169E-07 1.328E-02 1.435E-01 5.016E-02 3.873E-01 1.146E+02 1.917E-01 5.74E-09
 1000   1.0458  4.28E-05 9.353E-05 1.053E-02 9.798E-10 3.254E-07 1.368E-02 1.451E-01 5.204E-02 3.976E-01 1.229E+02 2.068E-01 5.88E-09
 1020   1.0467  4.28E-05 9.913E-05 1.063E-02 1.032E-09 3.342E-07 1.408E-02 1.458E-01 5.373E-02 3.954E-01 1.316E+02 2.228E-01 6.19E-09
 1040   1.0475  4.28E-05 1.050E-04 1.094E-02 1.069E-09 3.434E-07 1.449E-02 1.479E-01 5.558E-02 3.953E-01 1.409E+02 2.400E-01 6.42E-09
 1060   1.0484  4.30E-05 1.111E-04 1.109E-02 1.088E-09 3.529E-07 1.491E-02 1.489E-01 5.755E-02 3.874E-01 1.509E+02 2.617E-01 6.53E-09
 1080   1.0493  4.27E-05 1.175E-04 1.127E-02 1.124E-09 3.621E-07 1.533E-02 1.501E-01 5.951E-02 3.950E-01 1.616E+02 2.850E-01 6.74E-09
 1100   1.0501  4.27E-05 1.241E-04 1.143E-02 1.175E-09 3.709E-07 1.575E-02 1.512E-01 6.110E-02 3.976E-01 1.728E+02 3.066E-01 7.05E-09
 1120   1.0510  4.27E-05 1.308E-04 1.176E-02 1.253E-09 3.797E-07 1.618E-02 1.533E-01 6.244E-02 4.039E-01 1.848E+02 3.292E-01 7.52E-09
 1140   1.0518  4.29E-05 1.378E-04 1.173E-02 1.317E-09 3.895E-07 1.660E-02 1.532E-01 6.366E-02 4.115E-01 1.975E+02 3.534E-01 7.90E-09
 1160   1.0527  4.26E-05 1.450E-04 1.199E-02 1.340E-09 4.007E-07 1.703E-02 1.548E-01 6.485E-02 4.390E-01 2.109E+02 3.792E-01 8.04E-09
 1180   1.0535  4.29E-05 1.522E-04 1.203E-02 1.390E-09 4.128E-07 1.745E-02 1.551E-01 6.611E-02 4.225E-01 2.249E+02 4.075E-01 8.34E-09
 1200   1.0544  4.28E-05 1.595E-04 1.214E-02 1.453E-09 4.256E-07 1.786E-02 1.558E-01 6.713E-02 4.172E-01 2.397E+02 4.406E-01 8.72E-09
 1220   1.0552  4.27E-05 1.670E-04 1.229E-02 1.454E-09 4.389E-07 1.828E-02 1.568E-01 6.795E-02 4.182E-01 2.551E+02 4.725E-01 8.72E-09
 1240   1.0561  4.27E-05 1.746E-04 1.258E-02 1.469E-09 4.519E-07 1.868E-02 1.586E-01 6.872E-02 4.047E-01 2.713E+02 5.076E-01 8.82E-09
 1260   1.0570  4.26E-05 1.824E-04 1.272E-02 1.545E-09 4.644E-07 1.910E-02 1.595E-01 6.936E-02 4.028E-01 2.886E+02 5.508E-01 9.27E-09
 1280   1.0578  4.25E-05 1.903E-04 1.287E-02 1.583E-09 4.772E-07 1.951E-02 1.605E-01 7.010E-02 4.089E-01 3.066E+02 5.991E-01 9.50E-09
 1300   1.0587  4.24E-05 1.983E-04 1.292E-02 1.586E-09 4.900E-07 1.991E-02 1.608E-01 7.078E-02 4.203E-01 3.254E+02 6.463E-01 9.52E-09
 1320   1.0595  4.23E-05 2.062E-04 1.308E-02 1.643E-09 5.026E-07 2.031E-02 1.617E-01 7.141E-02 4.305E-01 3.450E+02 6.923E-01 9.86E-09
 1340   1.0603  4.24E-05 2.144E-04 1.332E-02 1.679E-09 5.153E-07 2.070E-02 1.632E-01 7.206E-02 4.164E-01 3.657E+02 7.441E-01 1.01E-08
 1360   1.0612  4.24E-05 2.227E-04 1.345E-02 1.678E-09 5.280E-07 2.110E-02 1.640E-01 7.266E-02 4.350E-01 3.874E+02 7.995E-01 1.01E-08
 1380   1.0620  4.24E-05 2.310E-04 1.355E-02 1.727E-09 5.397E-07 2.149E-02 1.646E-01 7.380E-02 4.282E-01 4.102E+02 8.545E-01 1.04E-08
 1400   1.0629  4.23E-05 2.394E-04 1.385E-02 1.809E-09 5.502E-07 2.188E-02 1.665E-01 7.606E-02 4.354E-01 4.342E+02 9.152E-01 1.09E-08
 1420   1.0637  4.22E-05 2.481E-04 1.409E-02 1.869E-09 5.599E-07 2.227E-02 1.679E-01 7.780E-02 4.213E-01 4.598E+02 9.831E-01 1.12E-08
 1440   1.0646  4.21E-05 2.570E-04 1.431E-02 1.942E-09 5.693E-07 2.267E-02 1.692E-01 7.926E-02 4.275E-01 4.867E+02 1.051E+00 1.17E-08
 1460   1.0654  4.21E-05 2.661E-04 1.442E-02 1.994E-09 5.789E-07 2.307E-02 1.698E-01 8.202E-02 4.262E-01 5.151E+02 1.126E+00 1.20E-08
 1480   1.0663  4.19E-05 2.756E-04 1.477E-02 2.027E-09 5.887E-07 2.347E-02 1.719E-01 8.414E-02 4.300E-01 5.451E+02 1.214E+00 1.22E-08
 1500   1.0671  4.19E-05 2.851E-04 1.493E-02 2.097E-09 5.987E-07 2.387E-02 1.728E-01 8.594E-02 4.366E-01 5.763E+02 1.301E+00 1.26E-08
 1520   1.0679  4.17E-05 2.949E-04 1.504E-02 2.157E-09 6.088E-07 2.428E-02 1.734E-01 8.724E-02 4.358E-01 6.091E+02 1.388E+00 1.29E-08
 1540   1.0688  4.14E-05 3.049E-04 1.530E-02 2.155E-09 6.188E-07 2.469E-02 1.749E-01 8.862E-02 4.453E-01 6.434E+02 1.491E+00 1.29E-08
 1560   1.0696  4.14E-05 3.153E-04 1.559E-02 2.161E-09 6.279E-07 2.510E-02 1.766E-01 8.994E-02 4.467E-01 6.794E+02 1.617E+00 1.30E-08
 1580   1.0704  4.11E-05 3.260E-04 1.574E-02 2.261E-09 6.358E-07 2.552E-02 1.774E-01 9.229E-02 4.506E-01 7.174E+02 1.751E+00 1.36E-08
 1600   1.0712  4.10E-05 3.368E-04 1.577E-02 2.368E-09 6.427E-07 2.595E-02 1.776E-01 9.517E-02 4.540E-01 7.571E+02 1.879E+00 1.42E-08
 1620   1.0721  4.08E-05 3.477E-04 1.607E-02 2.402E-09 6.494E-07 2.636E-02 1.793E-01 9.919E-02 4.581E-01 7.984E+02 2.022E+00 1.44E-08
 1640   1.0729  4.07E-05 3.588E-04 1.627E-02 2.386E-09 6.555E-07 2.678E-02 1.804E-01 1.025E-01 4.691E-01 8.416E+02 2.153E+00 1.43E-08
 1660   1.0737  4.05E-05 3.700E-04 1.652E-02 2.435E-09 6.608E-07 2.719E-02 1.818E-01 1.048E-01 4.850E-01 8.863E+02 2.265E+00 1.46E-08
 1680   1.0745  4.04E-05 3.813E-04 1.669E-02 2.522E-09 6.652E-07 2.761E-02 1.827E-01 1.056E-01 4.934E-01 9.326E+02 2.398E+00 1.51E-08
 1700   1.0753  4.03E-05 3.927E-04 1.693E-02 2.515E-09 6.689E-07 2.801E-02 1.840E-01 1.064E-01 5.009E-01 9.806E+02 2.546E+00 1.51E-08
 1720   1.0761  4.02E-05 4.041E-04 1.713E-02 2.528E-09 6.712E-07 2.842E-02 1.851E-01 1.077E-01 4.997E-01 1.030E+03 2.719E+00 1.52E-08
 1740   1.0769  4.00E-05 4.156E-04 1.731E-02 2.648E-09 6.717E-07 2.882E-02 1.861E-01 1.095E-01 5.040E-01 1.082E+03 2.880E+00 1.59E-08
 1760   1.0777  3.98E-05 4.269E-04 1.745E-02 2.730E-09 6.714E-07 2.921E-02 1.868E-01 1.105E-01 5.031E-01 1.135E+03 3.046E+00 1.64E-08
 1780   1.0785  3.95E-05 4.383E-04 1.760E-02 2.747E-09 6.706E-07 2.959E-02 1.876E-01 1.132E-01 5.159E-01 1.190E+03 3.232E+00 1.65E-08
 1800   1.0793  3.93E-05 4.494E-04 1.774E-02 2.818E-09 6.692E-07 2.997E-02 1.883E-01 1.163E-01 5.140E-01 1.245E+03 3.441E+00 1.69E-08
 1820   1.0801  3.91E-05 4.604E-04 1.786E-02 2.898E-09 6.673E-07 3.033E-02 1.890E-01 1.193E-01 5.178E-01 1.303E+03 3.638E+00 1.74E-08
 1840   1.0809  3.90E-05 4.712E-04 1.787E-02 2.918E-09 6.650E-07 3.068E-02 1.891E-01 1.225E-01 5.272E-01 1.361E+03 3.833E+00 1.75E-08
 1860   1.0816  3.89E-05 4.820E-04 1.806E-02 2.991E-09 6.623E-07 3.103E-02 1.900E-01 1.248E-01 5.376E-01 1.421E+03 4.063E+00 1.79E-08
 1880   1.0824  3.89E-05 4.929E-04 1.829E-02 3.125E-09 6.598E-07 3.138E-02 1.913E-01 1.279E-01 5.308E-01 1.483E+03 4.314E+00 1.88E-08
 1900   1.0832  3.88E-05 5.037E-04 1.839E-02 3.223E-09 6.585E-07 3.173E-02 1.918E-01 1.314E-01 5.194E-01 1.547E+03 4.582E+00 1.93E-08
 1920   1.0840  3.90E-05 5.147E-04 1.855E-02 3.268E-09 6.590E-07 3.207E-02 1.926E-01 1.350E-01 5.131E-01 1.612E+03 4.826E+00 1.96E-08
 1940   1.0847  3.85E-05 5.260E-04 1.872E-02 3.310E-09 6.613E-07 3.242E-02 1.935E-01 1.383E-01 5.428E-01 1.679E+03 5.051E+00 1.99E-08
 1960   1.0855  3.81E-05 5.370E-04 1.887E-02 3.385E-09 6.653E-07 3.276E-02 1.943E-01 1.402E-01 5.547E-01 1.747E+03 5.312E+00 2.03E-08
 1980   1.0863  3.82E-05 5.481E-04 1.888E-02 3.451E-09 6.711E-07 3.309E-02 1.943E-01 1.438E-01 5.466E-01 1.818E+03 5.606E+00 2.07E-08
 2000   1.0870  3.80E-05 5.590E-04 1.910E-02 3.496E-09 6.784E-07 3.342E-02 1.955E-01 1.475E-01 5.489E-01 1.890E+03 5.918E+00 2.10E-08
 2020   1.0878  3.81E-05 5.701E-04 1.920E-02 3.552E-09 6.872E-07 3.375E-02 1.960E-01 1.513E-01 5.430E-01 1.966E+03 6.188E+00 2.13E-08
 2040   1.0886  3.82E-05 5.814E-04 1.923E-02 3.609E-09 6.971E-07 3.408E-02 1.961E-01 1.559E-01 5.438E-01 2.043E+03 6.440E+00 2.17E-08
 2060   1.0893  3.82E-05 5.926E-04 1.928E-02 3.658E-09 7.077E-07 3.441E-02 1.964E-01 1.612E-01 5.508E-01 2.124E+03 6.741E+00 2.19E-08
 2080   1.0901  3.83E-05 6.038E-04 1.930E-02 3.703E-09 7.188E-07 3.473E-02 1.965E-01 1.650E-01 5.338E-01 2.206E+03 7.042E+00 2.22E-08
 2100   1.0909  3.79E-05 6.151E-04 1.936E-02 3.752E-09 7.300E-07 3.505E-02 1.968E-01 1.693E-01 5.370E-01 2.290E+03 7.372E+00 2.25E-08
 2120   1.0916  3.74E-05 6.264E-04 1.950E-02 3.809E-09 7.412E-07 3.537E-02 1.975E-01 1.727E-01 5.233E-01 2.375E+03 7.706E+00 2.29E-08
 2140   1.0924  3.72E-05 6.376E-04 1.962E-02 3.837E-09 7.525E-07 3.569E-02 1.981E-01 1.750E-01 5.450E-01 2.462E+03 8.047E+00 2.30E-08
 2160   1.0931  3.72E-05 6.491E-04 1.979E-02 3.823E-09 7.641E-07 3.601E-02 1.989E-01 1.803E-01 5.496E-01 2.551E+03 8.354E+00 2.29E-08
 2180   1.0938  3.69E-05 6.607E-04 1.993E-02 3.834E-09 7.755E-07 3.633E-02 1.996E-01 1.883E-01 5.544E-01 2.641E+03 8.687E+00 2.30E-08
 2200   1.0946  3.68E-05 6.723E-04 1.996E-02 3.961E-09 7.865E-07 3.665E-02 1.998E-01 1.926E-01 5.579E-01 2.731E+03 9.091E+00 2.38E-08
 2220   1.0953  3.66E-05 6.838E-04 2.003E-02 4.115E-09 7.973E-07 3.696E-02 2.002E-01 1.909E-01 5.677E-01 2.822E+03 9.465E+00 2.47E-08
 2240   1.0960  3.64E-05 6.954E-04 2.016E-02 4.148E-09 8.087E-07 3.727E-02 2.008E-01 1.905E-01 5.619E-01 2.914E+03 9.830E+00 2.49E-08
 2260   1.0968  3.61E-05 7.072E-04 2.033E-02 4.121E-09 8.204E-07 3.759E-02 2.017E-01 1.955E-01 5.659E-01 3.008E+03 1.017E+01 2.47E-08
 2280   1.0975  3.62E-05 7.192E-04 2.053E-02 4.167E-09 8.320E-07 3.790E-02 2.026E-01 2.011E-01 5.746E-01 3.104E+03 1.059E+01 2.50E-08
 2300   1.0982  3.57E-05 7.312E-04 2.067E-02 4.236E-09 8.432E-07 3.822E-02 2.033E-01 2.116E-01 5.870E-01 3.201E+03 1.107E+01 2.54E-08
 2320   1.0989  3.57E-05 7.433E-04 2.090E-02 4.245E-09 8.542E-07 3.853E-02 2.045E-01 2.241E-01 5.985E-01 3.300E+03 1.156E+01 2.55E-08
 2340   1.0996  3.58E-05 7.553E-04 2.113E-02 4.253E-09 8.647E-07 3.884E-02 2.056E-01 2.272E-01 5.970E-01 3.401E+03 1.198E+01 2.55E-08
 2360   1.1004  3.56E-05 7.673E-04 2.125E-02 4.310E-09 8.745E-07 3.915E-02 2.061E-01 2.287E-01 6.104E-01 3.504E+03 1.231E+01 2.59E-08
 2380   1.1011  3.55E-05 7.793E-04 2.122E-02 4.353E-09 8.834E-07 3.945E-02 2.060E-01 2.307E-01 6.084E-01 3.607E+03 1.222E+01 2.61E-08
 2400   1.1018  3.54E-05 7.913E-04 2.120E-02 4.364E-09 8.914E-07 3.975E-02 2.059E-01 2.339E-01 6.078E-01 3.711E+03 1.204E+01 2.62E-08
 2420   1.1025  3.53E-05 8.030E-04 2.117E-02 4.375E-09 8.982E-07 4.005E-02 2.058E-01 2.348E-01 6.070E-01 3.814E+03 1.191E+01 2.62E-08
 2440   1.1032  3.52E-05 8.147E-04 2.115E-02 4.361E-09 9.037E-07 4.034E-02 2.057E-01 2.334E-01 6.054E-01 3.917E+03 1.181E+01 2.62E-08
 2460   1.1039  3.52E-05 8.261E-04 2.112E-02 4.322E-09 9.080E-07 4.062E-02 2.055E-01 2.335E-01 6.028E-01 4.020E+03 1.172E+01 2.59E-08
 2480   1.1046  3.51E-05 8.374E-04 2.110E-02 4.330E-09 9.108E-07 4.090E-02 2.054E-01 2.331E-01 6.006E-01 4.123E+03 1.173E+01 2.60E-08
 2500   1.1053  3.51E-05 8.484E-04 2.107E-02 4.400E-09 9.120E-07 4.116E-02 2.053E-01 2.311E-01 5.998E-01 4.226E+03 1.178E+01 2.64E-08
 2520   1.1060  3.52E-05 8.591E-04 2.105E-02 4.450E-09 9.120E-07 4.142E-02 2.052E-01 2.304E-01 5.988E-01 4.330E+03 1.179E+01 2.67E-08
 2540   1.1067  3.53E-05 8.695E-04 2.102E-02 4.436E-09 9.111E-07 4.167E-02 2.051E-01 2.295E-01 5.966E-01 4.435E+03 1.167E+01 2.66E-08
 2560   1.1074  3.54E-05 8.796E-04 2.100E-02 4.398E-09 9.091E-07 4.192E-02 2.049E-01 2.291E-01 5.957E-01 4.540E+03 1.153E+01 2.64E-08
 2580   1.1081  3.55E-05 8.894E-04 2.098E-02 4.377E-09 9.058E-07 4.215E-02 2.048E-01 2.284E-01 5.930E-01 4.645E+03 1.145E+01 2.63E-08
 2600   1.1088  3.56E-05 8.988E-04 2.096E-02 4.384E-09 9.012E-07 4.237E-02 2.047E-01 2.273E-01 5.913E-01 4.751E+03 1.139E+01 2.63E-08
 2620   1.1095  3.56E-05 9.079E-04 2.093E-02 4.410E-09 8.954E-07 4.258E-02 2.046E-01 2.260E-01 5.911E-01 4.858E+03 1.135E+01 2.65E-08
 2640   1.1103  3.57E-05 9.167E-04 2.091E-02 4.429E-09 8.888E-07 4.279E-02 2.045E-01 2.276E-01 5.911E-01 4.964E+03 1.132E+01 2.66E-08
 2660   1.1110  3.57E-05 9.250E-04 2.089E-02 4.439E-09 8.816E-07 4.298E-02 2.044E-01 2.288E-01 5.894E-01 5.071E+03 1.128E+01 2.66E-08
 2680   1.1117  3.58E-05 9.331E-04 2.087E-02 4.465E-09 8.740E-07 4.317E-02 2.043E-01 2.292E-01 5.877E-01 5.179E+03 1.120E+01 2.68E-08
 2700   1.1124  3.58E-05 9.407E-04 2.085E-02 4.496E-09 8.665E-07 4.335E-02 2.042E-01 2.310E-01 5.880E-01 5.286E+03 1.111E+01 2.70E-08
 2720   1.1131  3.57E-05 9.481E-04 2.082E-02 4.506E-09 8.592E-07 4.351E-02 2.041E-01 2.330E-01 5.891E-01 5.394E+03 1.109E+01 2.70E-08
 2740   1.1138  3.57E-05 9.550E-04 2.080E-02 4.519E-09 8.523E-07 4.367E-02 2.040E-01 2.344E-01 5.899E-01 5.502E+03 1.105E+01 2.71E-08
 2760   1.1145  3.57E-05 9.617E-04 2.078E-02 4.554E-09 8.460E-07 4.382E-02 2.039E-01 2.351E-01 5.910E-01 5.611E+03 1.099E+01 2.73E-08
 2780   1.1153  3.57E-05 9.680E-04 2.076E-02 4.540E-09 8.405E-07 4.397E-02 2.038E-01 2.353E-01 5.920E-01 5.720E+03 1.094E+01 2.72E-08
 2800   1.1160  3.57E-05 9.741E-04 2.074E-02 4.417E-09 8.357E-07 4.410E-02 2.037E-01 2.349E-01 5.932E-01 5.829E+03 1.086E+01 2.65E-08
 2820   1.1167  3.57E-05 9.798E-04 2.072E-02 4.310E-09 8.308E-07 4.423E-02 2.036E-01 2.350E-01 5.944E-01 5.939E+03 1.082E+01 2.59E-08
 2840   1.1174  3.57E-05 9.853E-04 2.071E-02 4.358E-09 8.252E-07 4.436E-02 2.035E-01 2.342E-01 5.957E-01 6.050E+03 1.078E+01 2.61E-08
 2860   1.1181  3.57E-05 9.905E-04 2.069E-02 4.455E-09 8.192E-07 4.447E-02 2.034E-01 2.343E-01 5.970E-01 6.160E+03 1.077E+01 2.67E-08
 2880   1.1188  3.56E-05 9.955E-04 2.067E-02 4.429E-09 8.135E-07 4.458E-02 2.033E-01 2.377E-01 5.984E-01 6.271E+03 1.077E+01 2.66E-08
 2900   1.1195  3.55E-05 1.000E-03 2.065E-02 4.340E-09 8.080E-07 4.468E-02 2.032E-01 2.433E-01 5.999E-01 6.382E+03 1.071E+01 2.60E-08
 2920   1.1202  3.54E-05 1.004E-03 2.063E-02 4.335E-09 8.021E-07 4.478E-02 2.031E-01 2.480E-01 6.012E-01 6.492E+03 1.062E+01 2.60E-08
 2940   1.1209  3.54E-05 1.009E-03 2.061E-02 4.383E-09 7.954E-07 4.487E-02 2.030E-01 2.522E-01 6.020E-01 6.601E+03 1.057E+01 2.63E-08
 2960   1.1217  3.54E-05 1.012E-03 2.060E-02 4.398E-09 7.882E-07 4.496E-02 2.030E-01 2.549E-01 6.030E-01 6.710E+03 1.051E+01 2.64E-08
 2980   1.1224  3.54E-05 1.016E-03 2.058E-02 4.409E-09 7.807E-07 4.504E-02 2.029E-01 2.571E-01 6.052E-01 6.819E+03 1.047E+01 2.65E-08
 3000   1.1231  3.54E-05 1.019E-03 2.056E-02 4.444E-09 7.728E-07 4.511E-02 2.028E-01 2.590E-01 6.066E-01 6.927E+03 1.049E+01 2.67E-08
 3020   1.1238  3.53E-05 1.023E-03 2.055E-02 4.464E-09 7.652E-07 4.518E-02 2.027E-01 2.597E-01 6.063E-01 7.035E+03 1.048E+01 2.68E-08
 3040   1.1245  3.54E-05 1.026E-03 2.053E-02 4.462E-09 7.582E-07 4.525E-02 2.026E-01 2.594E-01 6.066E-01 7.142E+03 1.043E+01 2.68E-08
 3060   1.1252  3.54E-05 1.029E-03 2.051E-02 4.465E-09 7.520E-07 4.531E-02 2.025E-01 2.576E-01 6.068E-01 7.248E+03 1.035E+01 2.68E-08
 3080   1.1259  3.55E-05 1.031E-03 2.049E-02 4.455E-09 7.468E-07 4.537E-02 2.025E-01 2.562E-01 6.064E-01 7.355E+03 1.026E+01 2.67E-08
 3100   1.1266  3.56E-05 1.034E-03 2.048E-02 4.401E-09 7.425E-07 4.542E-02 2.024E-01 2.557E-01 6.062E-01 7.461E+03 1.020E+01 2.64E-08
 3120   1.1273  3.57E-05 1.036E-03 2.046E-02 4.351E-09 7.385E-07 4.547E-02 2.023E-01 2.547E-01 6.065E-01 7.568E+03 1.021E+01 2.61E-08
 3140   1.1280  3.57E-05 1.038E-03 2.045E-02 4.378E-09 7.343E-07 4.552E-02 2.022E-01 2.528E-01 6.079E-01 7.676E+03 1.024E+01 2.63E-08
 3160   1.1288  3.57E-05 1.041E-03 2.043E-02 4.434E-09 7.300E-07 4.557E-02 2.021E-01 2.526E-01 6.091E-01 7.783E+03 1.021E+01 2.66E-08
 3180   1.1295  3.56E-05 1.043E-03 2.041E-02 4.397E-09 7.260E-07 4.561E-02 2.020E-01 2.537E-01 6.094E-01 7.891E+03 1.016E+01 2.64E-08
 3200   1.1302  3.56E-05 1.045E-03 2.040E-02 4.282E-09 7.219E-07 4.566E-02 2.020E-01 2.573E-01 6.083E-01 7.999E+03 1.013E+01 2.57E-08
 3220   1.1309  3.54E-05 1.046E-03 2.038E-02 4.248E-09 7.173E-07 4.569E-02 2.019E-01 2.613E-01 6.067E-01 8.107E+03 1.009E+01 2.55E-08
 3240   1.1316  3.52E-05 1.048E-03 2.036E-02 4.347E-09 7.118E-07 4.573E-02 2.018E-01 2.646E-01 6.052E-01 8.215E+03 1.006E+01 2.61E-08
 3260   1.1323  3.50E-05 1.050E-03 2.035E-02 4.445E-09 7.065E-07 4.577E-02 2.017E-01 2.670E-01 6.038E-01 8.322E+03 9.990E+00 2.67E-08
 3280   1.1330  3.49E-05 1.051E-03 2.033E-02 4.437E-09 7.019E-07 4.580E-02 2.016E-01 2.682E-01 6.025E-01 8.428E+03 9.935E+00 2.66E-08
 3300   1.1337  3.48E-05 1.053E-03 2.031E-02 4.379E-09 6.980E-07 4.583E-02 2.016E-01 2.676E-01 6.010E-01 8.534E+03 9.910E+00 2.63E-08
 3320   1.1344  3.46E-05 1.054E-03 2.030E-02 4.391E-09 6.942E-07 4.586E-02 2.015E-01 2.689E-01 5.984E-01 8.640E+03 9.866E+00 2.63E-08
 3340   1.1351  3.44E-05 1.055E-03 2.028E-02 4.494E-09 6.906E-07 4.589E-02 2.014E-01 2.687E-01 5.960E-01 8.745E+03 9.814E+00 2.70E-08
 3360   1.1358  3.43E-05 1.057E-03 2.027E-02 4.579E-09 6.878E-07 4.592E-02 2.013E-01 2.669E-01 5.932E-01 8.849E+03 9.816E+00 2.75E-08
 3380   1.1365  3.42E-05 1.058E-03 2.025E-02 4.559E-09 6.865E-07 4.594E-02 2.012E-01 2.655E-01 5.901E-01 8.952E+03 9.829E+00 2.74E-08
 3400   1.1371  3.41E-05 1.059E-03 2.023E-02 4.489E-09 6.866E-07 4.597E-02 2.012E-01 2.615E-01 5.866E-01 9.054E+03 9.831E+00 2.69E-08
 3420   1.1378  3.40E-05 1.060E-03 2.022E-02 4.458E-09 6.875E-07 4.599E-02 2.011E-01 2.571E-01 5.833E-01 9.156E+03 9.809E+00 2.67E-08
 3440   1.1385  3.40E-05 1.061E-03 2.020E-02 4.447E-09 6.892E-07 4.601E-02 2.010E-01 2.578E-01 5.804E-01 9.256E+03 9.751E+00 2.67E-08
 3460   1.1392  3.40E-05 1.062E-03 2.019E-02 4.392E-09 6.913E-07 4.603E-02 2.009E-01 2.566E-01 5.783E-01 9.356E+03 9.701E+00 2.64E-08
 3480   1.1399  3.40E-05 1.062E-03 2.017E-02 4.333E-09 6.935E-07 4.605E-02 2.008E-01 2.568E-01 5.764E-01 9.454E+03 9.651E+00 2.60E-08
 3500   1.1405  3.40E-05 1.063E-03 2.015E-02 4.342E-09 6.953E-07 4.606E-02 2.008E-01 2.574E-01 5.750E-01 9.552E+03 9.625E+00 2.61E-08
 3520   1.1412  3.40E-05 1.064E-03 2.014E-02 4.390E-09 6.968E-07 4.608E-02 2.007E-01 2.577E-01 5.741E-01 9.648E+03 9.632E+00 2.63E-08
 3540   1.1419  3.40E-05 1.064E-03 2.012E-02 4.398E-09 6.984E-07 4.609E-02 2.006E-01 2.597E-01 5.732E-01 9.743E+03 9.591E+00 2.64E-08
 3560   1.1426  3.39E-05 1.065E-03 2.010E-02 4.391E-09 7.002E-07 4.610E-02 2.005E-01 2.610E-01 5.712E-01 9.837E+03 9.525E+00 2.63E-08
 3580   1.1433  3.40E-05 1.065E-03 2.009E-02 4.417E-09 7.022E-07 4.611E-02 2.004E-01 2.610E-01 5.688E-01 9.930E+03 9.476E+00 2.65E-08
 3600   1.1439  3.40E-05 1.066E-03 2.007E-02 4.437E-09 7.046E-07 4.612E-02 2.004E-01 2.608E-01 5.666E-01 1.002E+04 9.458E+00 2.66E-08
 3620   1.1446  3.41E-05 1.066E-03 2.006E-02 4.431E-09 7.077E-07 4.613E-02 2.003E-01 2.600E-01 5.643E-01 1.011E+04 9.412E+00 2.66E-08
 3640   1.1453  3.41E-05 1.066E-03 2.004E-02 4.456E-09 7.114E-07 4.614E-02 2.002E-01 2.602E-01 5.628E-01 1.020E+04 9.335E+00 2.67E-08
 3660   1.1460  3.41E-05 1.067E-03 2.002E-02 4.506E-09 7.157E-07 4.614E-02 2.001E-01 2.607E-01 5.611E-01 1.029E+04 9.269E+00 2.70E-08
 3680   1.1467  3.41E-05 1.067E-03 2.001E-02 4.491E-09 7.209E-07 4.615E-02 2.000E-01 2.614E-01 5.593E-01 1.038E+04 9.262E+00 2.69E-08
 3700   1.1473  3.42E-05 1.067E-03 1.999E-02 4.435E-09 7.266E-07 4.615E-02 2.000E-01 2.612E-01 5.575E-01 1.046E+04 9.271E+00 2.66E-08
 3720   1.1480  3.43E-05 1.067E-03 1.997E-02 4.440E-09 7.322E-07 4.616E-02 1.999E-01 2.599E-01 5.564E-01 1.055E+04 9.271E+00 2.66E-08
 3740   1.1487  3.44E-05 1.068E-03 1.996E-02 4.473E-09 7.377E-07 4.616E-02 1.998E-01 2.573E-01 5.550E-01 1.063E+04 9.252E+00 2.68E-08
 3760   1.1494  3.45E-05 1.068E-03 1.994E-02 4.455E-09 7.431E-07 4.616E-02 1.997E-01 2.555E-01 5.531E-01 1.072E+04 9.226E+00 2.67E-08
 3780   1.1501  3.46E-05 1.068E-03 1.993E-02 4.436E-09 7.484E-07 4.616E-02 1.996E-01 2.535E-01 5.515E-01 1.080E+04 9.206E+00 2.66E-08
 3800   1.1508  3.48E-05 1.068E-03 1.991E-02 4.436E-09 7.535E-07 4.616E-02 1.995E-01 2.495E-01 5.496E-01 1.088E+04 9.203E+00 2.66E-08
 3820   1.1515  3.50E-05 1.068E-03 1.989E-02 4.383E-09 7.585E-07 4.616E-02 1.995E-01 2.462E-01 5.474E-01 1.096E+04 9.245E+00 2.63E-08
 3840   1.1522  3.52E-05 1.068E-03 1.987E-02 4.335E-09 7.633E-07 4.616E-02 1.994E-01 2.413E-01 5.451E-01 1.104E+04 9.282E+00 2.60E-08
 3860   1.1529  3.55E-05 1.067E-03 1.986E-02 4.414E-09 7.675E-07 4.615E-02 1.993E-01 2.370E-01 5.436E-01 1.112E+04 9.231E+00 2.65E-08
 3880   1.1536  3.55E-05 1.067E-03 1.984E-02 4.515E-09 7.720E-07 4.614E-02 1.992E-01 2.332E-01 5.425E-01 1.120E+04 9.151E+00 2.71E-08
 3900   1.1543  3.54E-05 1.067E-03 1.982E-02 4.487E-09 7.771E-07 4.613E-02 1.991E-01 2.327E-01 5.419E-01 1.128E+04 9.115E+00 2.69E-08
 3920   1.1550  3.53E-05 1.066E-03 1.981E-02 4.454E-09 7.828E-07 4.612E-02 1.990E-01 2.332E-01 5.420E-01 1.136E+04 9.109E+00 2.67E-08
 3940   1.1557  3.53E-05 1.066E-03 1.979E-02 4.543E-09 7.886E-07 4.611E-02 1.989E-01 2.338E-01 5.425E-01 1.143E+04 9.050E+00 2.73E-08
 3960   1.1564  3.52E-05 1.065E-03 1.977E-02 4.615E-09 7.950E-07 4.610E-02 1.989E-01 2.353E-01 5.423E-01 1.151E+04 8.982E+00 2.77E-08
 3980   1.1571  3.51E-05 1.064E-03 1.976E-02 4.546E-09 8.024E-07 4.608E-02 1.988E-01 2.358E-01 5.418E-01 1.158E+04 8.961E+00 2.73E-08
 4000   1.1578  3.50E-05 1.064E-03 1.974E-02 4.426E-09 8.101E-07 4.607E-02 1.987E-01 2.385E-01 5.407E-01 1.165E+04 8.969E+00 2.66E-08
 4020   1.1585  3.49E-05 1.063E-03 1.972E-02 4.348E-09 8.173E-07 4.605E-02 1.986E-01 2.413E-01 5.394E-01 1.172E+04 8.950E+00 2.61E-08
 4040   1.1592  3.49E-05 1.062E-03 1.970E-02 4.282E-09 8.236E-07 4.603E-02 1.985E-01 2.428E-01 5.384E-01 1.179E+04 8.884E+00 2.57E-08
 4060   1.1599  3.49E-05 1.061E-03 1.969E-02 4.227E-09 8.285E-07 4.601E-02 1.984E-01 2.426E-01 5.377E-01 1.186E+04 8.814E+00 2.54E-08
 4080   1.1606  3.49E-05 1.060E-03 1.967E-02 4.242E-09 8.316E-07 4.600E-02 1.983E-01 2.423E-01 5.375E-01 1.193E+04 8.804E+00 2.54E-08
 4100   1.1613  3.48E-05 1.060E-03 1.965E-02 4.319E-09 8.331E-07 4.598E-02 1.983E-01 2.430E-01 5.381E-01 1.200E+04 8.848E+00 2.59E-08
 4120   1.1620  3.49E-05 1.059E-03 1.964E-02 4.383E-09 8.333E-07 4.596E-02 1.982E-01 2.430E-01 5.393E-01 1.207E+04 8.877E+00 2.63E-08
 4140   1.1627  3.49E-05 1.058E-03 1.962E-02 4.389E-09 8.325E-07 4.594E-02 1.981E-01 2.423E-01 5.402E-01 1.213E+04 8.837E+00 2.63E-08
 4160   1.1634  3.49E-05 1.057E-03 1.960E-02 4.360E-09 8.307E-07 4.591E-02 1.980E-01 2.423E-01 5.404E-01 1.220E+04 8.746E+00 2.62E-08
 4180   1.1641  3.49E-05 1.056E-03 1.959E-02 4.337E-09 8.279E-07 4.589E-02 1.979E-01 2.412E-01 5.401E-01 1.226E+04 8.647E+00 2.60E-08
 4200   1.1648  3.50E-05 1.055E-03 1.957E-02 4.350E-09 8.239E-07 4.587E-02 1.978E-01 2.401E-01 5.395E-01 1.232E+04 8.602E+00 2.61E-08
 4220   1.1655  3.51E-05 1.054E-03 1.955E-02 4.398E-09 8.189E-07 4.585E-02 1.977E-01 2.376E-01 5.392E-01 1.239E+04 8.608E+00 2.64E-08
 4240   1.1662  3.51E-05 1.052E-03 1.953E-02 4.439E-09 8.135E-07 4.582E-02 1.977E-01 2.369E-01 5.385E-01 1.245E+04 8.640E+00 2.66E-08
 4260   1.1669  3.52E-05 1.051E-03 1.952E-02 4.443E-09 8.079E-07 4.580E-02 1.976E-01 2.346E-01 5.375E-01 1.251E+04 8.647E+00 2.67E-08
 4280   1.1676  3.53E-05 1.050E-03 1.950E-02 4.437E-09 8.021E-07 4.577E-02 1.975E-01 2.324E-01 5.360E-01 1.256E+04 8.599E+00 2.66E-08
 4300   1.1683  3.51E-05 1.049E-03 1.948E-02 4.442E-09 7.962E-07 4.575E-02 1.974E-01 2.301E-01 5.349E-01 1.262E+04 8.553E+00 2.66E-08
 4320   1.1690  3.50E-05 1.048E-03 1.946E-02 4.419E-09 7.900E-07 4.572E-02 1.973E-01 2.317E-01 5.345E-01 1.268E+04 8.531E+00 2.65E-08
 4340   1.1697  3.49E-05 1.047E-03 1.945E-02 4.358E-09 7.832E-07 4.570E-02 1.972E-01 2.344E-01 5.341E-01 1.273E+04 8.539E+00 2.61E-08
 4360   1.1704  3.48E-05 1.046E-03 1.943E-02 4.334E-09 7.756E-07 4.567E-02 1.971E-01 2.380E-01 5.337E-01 1.279E+04 8.539E+00 2.60E-08
 4380   1.1711  3.47E-05 1.044E-03 1.941E-02 4.389E-09 7.668E-07 4.565E-02 1.970E-01 2.425E-01 5.334E-01 1.284E+04 8.523E+00 2.63E-08
 4400   1.1718  3.46E-05 1.043E-03 1.940E-02 4.452E-09 7.573E-07 4.562E-02 1.970E-01 2.465E-01 5.331E-01 1.289E+04 8.478E+00 2.67E-08
 4420   1.1725  3.45E-05 1.042E-03 1.938E-02 4.473E-09 7.475E-07 4.559E-02 1.969E-01 2.484E-01 5.325E-01 1.294E+04 8.461E+00 2.68E-08
 4440   1.1732  3.45E-05 1.041E-03 1.936E-02 4.496E-09 7.377E-07 4.557E-02 1.968E-01 2.502E-01 5.315E-01 1.298E+04 8.483E+00 2.70E-08
 4460   1.1739  3.44E-05 1.039E-03 1.934E-02 4.540E-09 7.282E-07 4.554E-02 1.967E-01 2.526E-01 5.296E-01 1.303E+04 8.511E+00 2.72E-08
 4480   1.1746  3.43E-05 1.038E-03 1.933E-02 4.557E-09 7.193E-07 4.551E-02 1.966E-01 2.543E-01 5.277E-01 1.307E+04 8.474E+00 2.73E-08
 4500   1.1753  3.42E-05 1.037E-03 1.931E-02 4.535E-09 7.110E-07 4.548E-02 1.965E-01 2.546E-01 5.263E-01 1.312E+04 8.434E+00 2.72E-08
 4520   1.1759  3.42E-05 1.035E-03 1.929E-02 4.531E-09 7.033E-07 4.545E-02 1.964E-01 2.532E-01 5.252E-01 1.316E+04 8.405E+00 2.72E-08
 4540   1.1766  3.42E-05 1.034E-03 1.928E-02 4.554E-09 6.962E-07 4.542E-02 1.963E-01 2.527E-01 5.240E-01 1.320E+04 8.397E+00 2.73E-08
 4560   1.1773  3.42E-05 1.032E-03 1.926E-02 4.563E-09 6.900E-07 4.539E-02 1.963E-01 2.517E-01 5.231E-01 1.324E+04 8.349E+00 2.74E-08
 4580   1.1780  3.42E-05 1.031E-03 1.924E-02 4.532E-09 6.849E-07 4.535E-02 1.962E-01 2.488E-01 5.228E-01 1.328E+04 8.287E+00 2.72E-08
 4600   1.1787  3.42E-05 1.029E-03 1.922E-02 4.478E-09 6.808E-07 4.532E-02 1.961E-01 2.439E-01 5.226E-01 1.332E+04 8.238E+00 2.69E-08
 4620   1.1794  3.42E-05 1.028E-03 1.921E-02 4.437E-09 6.775E-07 4.529E-02 1.960E-01 2.370E-01 5.214E-01 1.336E+04 8.219E+00 2.66E-08
 4640   1.1800  3.42E-05 1.027E-03 1.919E-02 4.455E-09 6.750E-07 4.525E-02 1.959E-01 2.332E-01 5.199E-01 1.340E+04 8.216E+00 2.67E-08
 4660   1.1807  3.42E-05 1.025E-03 1.917E-02 4.533E-09 6.733E-07 4.522E-02 1.958E-01 2.316E-01 5.189E-01 1.343E+04 8.182E+00 2.72E-08
 4680   1.1814  3.42E-05 1.024E-03 1.916E-02 4.583E-09 6.730E-07 4.519E-02 1.957E-01 2.346E-01 5.187E-01 1.347E+04 8.143E+00 2.75E-08
 4700   1.1821  3.43E-05 1.022E-03 1.914E-02 4.530E-09 6.746E-07 4.516E-02 1.956E-01 2.382E-01 5.193E-01 1.351E+04 8.098E+00 2.72E-08
 4720   1.1828  3.43E-05 1.021E-03 1.912E-02 4.425E-09 6.776E-07 4.512E-02 1.956E-01 2.416E-01 5.195E-01 1.354E+04 8.080E+00 2.66E-08
 4740   1.1835  3.43E-05 1.019E-03 1.910E-02 4.363E-09 6.812E-07 4.509E-02 1.955E-01 2.443E-01 5.199E-01 1.357E+04 8.097E+00 2.62E-08
 4760   1.1842  3.44E-05 1.018E-03 1.909E-02 4.342E-09 6.846E-07 4.506E-02 1.954E-01 2.462E-01 5.197E-01 1.361E+04 8.125E+00 2.61E-08
 4780   1.1848  3.44E-05 1.016E-03 1.907E-02 4.317E-09 6.877E-07 4.503E-02 1.953E-01 2.473E-01 5.195E-01 1.364E+04 8.128E+00 2.59E-08
 4800   1.1855  3.44E-05 1.015E-03 1.905E-02 4.310E-09 6.901E-07 4.500E-02 1.952E-01 2.470E-01 5.191E-01 1.367E+04 8.122E+00 2.59E-08
 4820   1.1862  3.44E-05 1.013E-03 1.903E-02 4.354E-09 6.918E-07 4.496E-02 1.951E-01 2.469E-01 5.189E-01 1.371E+04 8.125E+00 2.61E-08
 4840   1.1869  3.44E-05 1.012E-03 1.902E-02 4.386E-09 6.931E-07 4.493E-02 1.950E-01 2.465E-01 5.186E-01 1.374E+04 8.076E+00 2.63E-08
 4860   1.1876  3.45E-05 1.011E-03 1.900E-02 4.345E-09 6.941E-07 4.490E-02 1.949E-01 2.463E-01 5.183E-01 1.377E+04 7.990E+00 2.61E-08
 4880   1.1883  3.45E-05 1.009E-03 1.898E-02 4.298E-09 6.946E-07 4.486E-02 1.948E-01 2.453E-01 5.186E-01 1.380E+04 7.970E+00 2.58E-08
 4900   1.1890  3.45E-05 1.007E-03 1.896E-02 4.327E-09 6.944E-07 4.483E-02 1.947E-01 2.443E-01 5.202E-01 1.383E+04 7.996E+00 2.60E-08
 4920   1.1897  3.45E-05 1.006E-03 1.894E-02 4.391E-09 6.937E-07 4.480E-02 1.947E-01 2.466E-01 5.210E-01 1.386E+04 8.002E+00 2.63E-08
 4940   1.1904  3.45E-05 1.004E-03 1.893E-02 4.414E-09 6.928E-07 4.476E-02 1.946E-01 2.481E-01 5.210E-01 1.388E+04 7.996E+00 2.65E-08
 4960   1.1910  3.45E-05 1.003E-03 1.891E-02 4.399E-09 6.921E-07 4.473E-02 1.945E-01 2.483E-01 5.206E-01 1.391E+04 7.986E+00 2.64E-08
 4980   1.1917  3.46E-05 1.001E-03 1.889E-02 4.367E-09 6.913E-07 4.469E-02 1.944E-01 2.473E-01 5.202E-01 1.394E+04 7.949E+00 2.62E-08
 5000   1.1924  3.46E-05 9.997E-04 1.887E-02 4.316E-09 6.900E-07 4.466E-02 1.943E-01 2.497E-01 5.202E-01 1.396E+04 7.914E+00 2.59E-08
 5020   1.1931  3.46E-05 9.980E-04 1.886E-02 4.299E-09 6.879E-07 4.462E-02 1.942E-01 2.508E-01 5.201E-01 1.399E+04 7.893E+00 2.58E-08
 5040   1.1938  3.47E-05 9.964E-04 1.884E-02 4.377E-09 6.849E-07 4.458E-02 1.941E-01 2.505E-01 5.198E-01 1.401E+04 7.865E+00 2.63E-08
 5060   1.1945  3.47E-05 9.947E-04 1.882E-02 4.461E-09 6.814E-07 4.455E-02 1.940E-01 2.497E-01 5.194E-01 1.404E+04 7.841E+00 2.68E-08
 5080   1.1952  3.48E-05 9.930E-04 1.880E-02 4.424E-09 6.782E-07 4.451E-02 1.939E-01 2.487E-01 5.189E-01 1.406E+04 7.807E+00 2.65E-08
 5100   1.1959  3.48E-05 9.913E-04 1.878E-02 4.350E-09 6.751E-07 4.447E-02 1.938E-01 2.470E-01 5.199E-01 1.409E+04 7.789E+00 2.61E-08
 5120   1.1966  3.49E-05 9.896E-04 1.877E-02 4.394E-09 6.714E-07 4.443E-02 1.937E-01 2.453E-01 5.234E-01 1.411E+04 7.796E+00 2.64E-08
 5140   1.1973  3.50E-05 9.879E-04 1.875E-02 4.491E-09 6.676E-07 4.439E-02 1.936E-01 2.457E-01 5.266E-01 1.413E+04 7.794E+00 2.69E-08
 5160   1.1980  3.50E-05 9.862E-04 1.873E-02 4.499E-09 6.643E-07 4.435E-02 1.935E-01 2.449E-01 5.295E-01 1.415E+04 7.779E+00 2.70E-08
 5180   1.1987  3.50E-05 9.845E-04 1.871E-02 4.465E-09 6.616E-07 4.432E-02 1.935E-01 2.435E-01 5.318E-01 1.418E+04 7.740E+00 2.68E-08
 5200   1.1994  3.51E-05 9.828E-04 1.869E-02 4.493E-09 6.595E-07 4.428E-02 1.934E-01 2.421E-01 5.338E-01 1.420E+04 7.708E+00 2.70E-08
 5220   1.2001  3.51E-05 9.811E-04 1.868E-02 4.530E-09 6.581E-07 4.424E-02 1.933E-01 2.419E-01 5.355E-01 1.422E+04 7.695E+00 2.72E-08
 5240   1.2008  3.52E-05 9.794E-04 1.866E-02 4.487E-09 6.576E-07 4.420E-02 1.932E-01 2.417E-01 5.370E-01 1.424E+04 7.680E+00 2.69E-08
 5260   1.2015  3.53E-05 9.777E-04 1.864E-02 4.398E-09 6.579E-07 4.416E-02 1.931E-01 2.407E-01 5.384E-01 1.426E+04 7.671E+00 2.64E-08
 5280   1.2022  3.54E-05 9.760E-04 1.862E-02 4.347E-09 6.582E-07 4.412E-02 1.930E-01 2.388E-01 5.398E-01 1.428E+04 7.683E+00 2.61E-08
 5300   1.2029  3.54E-05 9.742E-04 1.860E-02 4.363E-09 6.581E-07 4.408E-02 1.929E-01 2.374E-01 5.413E-01 1.430E+04 7.678E+00 2.62E-08
 5320   1.2036  3.54E-05 9.725E-04 1.858E-02 4.403E-09 6.579E-07 4.404E-02 1.928E-01 2.360E-01 5.424E-01 1.431E+04 7.657E+00 2.64E-08
 5340   1.2043  3.55E-05 9.707E-04 1.857E-02 4.400E-09 6.580E-07 4.400E-02 1.927E-01 2.343E-01 5.431E-01 1.433E+04 7.625E+00 2.64E-08
 5360   1.2050  3.55E-05 9.690E-04 1.855E-02 4.358E-09 6.583E-07 4.396E-02 1.926E-01 2.314E-01 5.437E-01 1.435E+04 7.595E+00 2.61E-08
 5380   1.2058  3.55E-05 9.672E-04 1.853E-02 4.344E-09 6.585E-07 4.392E-02 1.925E-01 2.330E-01 5.445E-01 1.437E+04 7.569E+00 2.61E-08
 5400   1.2065  3.55E-05 9.655E-04 1.851E-02 4.385E-09 6.582E-07 4.388E-02 1.924E-01 2.343E-01 5.451E-01 1.438E+04 7.573E+00 2.63E-08
 5420   1.2072  3.56E-05 9.637E-04 1.849E-02 4.443E-09 6.576E-07 4.384E-02 1.923E-01 2.356E-01 5.457E-01 1.440E+04 7.565E+00 2.67E-08
 5440   1.2079  3.56E-05 9.620E-04 1.847E-02 4.486E-09 6.570E-07 4.381E-02 1.922E-01 2.375E-01 5.462E-01 1.442E+04 7.498E+00 2.69E-08
 5460   1.2086  3.56E-05 9.603E-04 1.845E-02 4.491E-09 6.567E-07 4.377E-02 1.921E-01 2.389E-01 5.465E-01 1.443E+04 7.462E+00 2.69E-08
 5480   1.2093  3.57E-05 9.586E-04 1.844E-02 4.454E-09 6.568E-07 4.373E-02 1.920E-01 2.398E-01 5.466E-01 1.445E+04 7.476E+00 2.67E-08
 5500   1.2100  3.57E-05 9.570E-04 1.842E-02 4.415E-09 6.568E-07 4.369E-02 1.919E-01 2.406E-01 5.459E-01 1.446E+04 7.492E+00 2.65E-08
 5520   1.2107  3.58E-05 9.553E-04 1.840E-02 4.419E-09 6.568E-07 4.365E-02 1.918E-01 2.407E-01 5.447E-01 1.447E+04 7.457E+00 2.65E-08
 5540   1.2115  3.58E-05 9.537E-04 1.838E-02 4.461E-09 6.568E-07 4.361E-02 1.917E-01 2.415E-01 5.432E-01 1.449E+04 7.449E+00 2.68E-08
 5560   1.2122  3.59E-05 9.521E-04 1.836E-02 4.487E-09 6.573E-07 4.358E-02 1.916E-01 2.415E-01 5.416E-01 1.450E+04 7.463E+00 2.69E-08
 5580   1.2129  3.60E-05 9.505E-04 1.834E-02 4.464E-09 6.586E-07 4.354E-02 1.915E-01 2.400E-01 5.400E-01 1.451E+04 7.445E+00 2.68E-08
 5600   1.2136  3.59E-05 9.489E-04 1.832E-02 4.421E-09 6.603E-07 4.350E-02 1.914E-01 2.387E-01 5.384E-01 1.452E+04 7.388E+00 2.65E-08
 5620   1.2143  3.59E-05 9.473E-04 1.830E-02 4.414E-09 6.620E-07 4.347E-02 1.913E-01 2.365E-01 5.368E-01 1.453E+04 7.350E+00 2.65E-08
 5640   1.2151  3.58E-05 9.457E-04 1.828E-02 4.431E-09 6.637E-07 4.343E-02 1.912E-01 2.337E-01 5.352E-01 1.454E+04 7.384E+00 2.66E-08
 5660   1.2158  3.57E-05 9.441E-04 1.827E-02 4.424E-09 6.653E-07 4.339E-02 1.911E-01 2.352E-01 5.326E-01 1.455E+04 7.403E+00 2.65E-08
 5680   1.2165  3.55E-05 9.425E-04 1.825E-02 4.399E-09 6.670E-07 4.336E-02 1.910E-01 2.367E-01 5.298E-01 1.455E+04 7.351E+00 2.64E-08
 5700   1.2172  3.54E-05 9.410E-04 1.823E-02 4.387E-09 6.685E-07 4.332E-02 1.909E-01 2.377E-01 5.272E-01 1.456E+04 7.286E+00 2.63E-08
 5720   1.2179  3.52E-05 9.394E-04 1.821E-02 4.392E-09 6.699E-07 4.329E-02 1.908E-01 2.372E-01 5.250E-01 1.457E+04 7.263E+00 2.64E-08
 5740   1.2186  3.51E-05 9.379E-04 1.819E-02 4.401E-09 6.713E-07 4.325E-02 1.907E-01 2.404E-01 5.233E-01 1.457E+04 7.298E+00 2.64E-08
 5760   1.2193  3.51E-05 9.364E-04 1.817E-02 4.391E-09 6.730E-07 4.322E-02 1.906E-01 2.423E-01 5.224E-01 1.458E+04 7.341E+00 2.63E-08
 5780   1.2200  3.51E-05 9.349E-04 1.815E-02 4.347E-09 6.750E-07 4.318E-02 1.905E-01 2.433E-01 5.220E-01 1.458E+04 7.331E+00 2.61E-08
 5800   1.2207  3.50E-05 9.334E-04 1.813E-02 4.315E-09 6.769E-07 4.315E-02 1.904E-01 2.448E-01 5.216E-01 1.458E+04 7.300E+00 2.59E-08
 5820   1.2214  3.51E-05 9.319E-04 1.812E-02 4.349E-09 6.787E-07 4.311E-02 1.903E-01 2.454E-01 5.209E-01 1.458E+04 7.269E+00 2.61E-08
 5840   1.2221  3.51E-05 9.304E-04 1.810E-02 4.411E-09 6.806E-07 4.308E-02 1.902E-01 2.463E-01 5.203E-01 1.459E+04 7.269E+00 2.65E-08
 5860   1.2228  3.51E-05 9.289E-04 1.808E-02 4.425E-09 6.829E-07 4.304E-02 1.901E-01 2.470E-01 5.193E-01 1.459E+04 7.260E+00 2.65E-08
 5880   1.2235  3.51E-05 9.275E-04 1.806E-02 4.409E-09 6.857E-07 4.301E-02 1.900E-01 2.477E-01 5.181E-01 1.459E+04 7.234E+00 2.65E-08
 5900   1.2242  3.51E-05 9.260E-04 1.804E-02 4.416E-09 6.889E-07 4.297E-02 1.899E-01 2.478E-01 5.173E-01 1.459E+04 7.212E+00 2.65E-08
 5920   1.2249  3.53E-05 9.246E-04 1.802E-02 4.422E-09 6.924E-07 4.294E-02 1.898E-01 2.466E-01 5.167E-01 1.459E+04 7.174E+00 2.65E-08
 5940   1.2256  3.53E-05 9.231E-04 1.800E-02 4.406E-09 6.963E-07 4.291E-02 1.897E-01 2.450E-01 5.161E-01 1.459E+04 7.137E+00 2.64E-08
 5960   1.2263  3.54E-05 9.217E-04 1.798E-02 4.401E-09 7.005E-07 4.287E-02 1.896E-01 2.429E-01 5.158E-01 1.458E+04 7.104E+00 2.64E-08
 5980   1.2270  3.55E-05 9.203E-04 1.796E-02 4.391E-09 7.049E-07 4.284E-02 1.895E-01 2.409E-01 5.162E-01 1.458E+04 7.068E+00 2.63E-08
 6000   1.2277  3.55E-05 9.190E-04 1.794E-02 4.331E-09 7.093E-07 4.281E-02 1.894E-01 2.384E-01 5.170E-01 1.458E+04 7.039E+00 2.60E-08
 6020   1.2285  3.55E-05 9.176E-04 1.793E-02 4.268E-09 7.131E-07 4.278E-02 1.893E-01 2.358E-01 5.174E-01 1.458E+04 7.045E+00 2.56E-08
 6040   1.2292  3.55E-05 9.163E-04 1.791E-02 4.283E-09 7.157E-07 4.275E-02 1.892E-01 2.362E-01 5.168E-01 1.458E+04 7.073E+00 2.57E-08
 6060   1.2299  3.55E-05 9.151E-04 1.789E-02 4.366E-09 7.171E-07 4.272E-02 1.891E-01 2.362E-01 5.160E-01 1.457E+04 7.091E+00 2.62E-08
 6080   1.2306  3.55E-05 9.138E-04 1.787E-02 4.443E-09 7.177E-07 4.269E-02 1.890E-01 2.358E-01 5.151E-01 1.457E+04 7.068E+00 2.67E-08
 6100   1.2313  3.56E-05 9.126E-04 1.785E-02 4.456E-09 7.180E-07 4.266E-02 1.889E-01 2.356E-01 5.138E-01 1.457E+04 7.041E+00 2.67E-08
 6120   1.2320  3.56E-05 9.114E-04 1.783E-02 4.421E-09 7.182E-07 4.263E-02 1.888E-01 2.359E-01 5.121E-01 1.456E+04 7.060E+00 2.65E-08
 6140   1.2327  3.55E-05 9.102E-04 1.781E-02 4.408E-09 7.180E-07 4.260E-02 1.887E-01 2.362E-01 5.108E-01 1.456E+04 7.084E+00 2.65E-08
 6160   1.2334  3.54E-05 9.090E-04 1.779E-02 4.427E-09 7.174E-07 4.257E-02 1.886E-01 2.368E-01 5.099E-01 1.456E+04 7.079E+00 2.66E-08
 6180   1.2341  3.53E-05 9.078E-04 1.777E-02 4.403E-09 7.165E-07 4.255E-02 1.885E-01 2.371E-01 5.088E-01 1.455E+04 7.064E+00 2.64E-08
 6200   1.2348  3.52E-05 9.066E-04 1.775E-02 4.341E-09 7.152E-07 4.252E-02 1.884E-01 2.371E-01 5.075E-01 1.455E+04 7.032E+00 2.60E-08
 6220   1.2355  3.51E-05 9.054E-04 1.773E-02 4.335E-09 7.130E-07 4.249E-02 1.883E-01 2.373E-01 5.070E-01 1.454E+04 7.004E+00 2.60E-08
 6240   1.2362  3.51E-05 9.042E-04 1.771E-02 4.403E-09 7.096E-07 4.246E-02 1.882E-01 2.379E-01 5.062E-01 1.454E+04 6.977E+00 2.64E-08
 6260   1.2370  3.51E-05 9.030E-04 1.770E-02 4.458E-09 7.054E-07 4.243E-02 1.881E-01 2.382E-01 5.054E-01 1.453E+04 6.941E+00 2.67E-08
 6280   1.2377  3.51E-05 9.018E-04 1.768E-02 4.475E-09 7.007E-07 4.240E-02 1.880E-01 2.374E-01 5.055E-01 1.453E+04 6.922E+00 2.68E-08
 6300   1.2384  3.51E-05 9.006E-04 1.766E-02 4.506E-09 6.958E-07 4.238E-02 1.879E-01 2.362E-01 5.056E-01 1.452E+04 6.909E+00 2.70E-08
 6320   1.2391  3.51E-05 8.994E-04 1.764E-02 4.551E-09 6.908E-07 4.235E-02 1.878E-01 2.354E-01 5.049E-01 1.452E+04 6.910E+00 2.73E-08
 6340   1.2398  3.51E-05 8.983E-04 1.762E-02 4.554E-09 6.863E-07 4.232E-02 1.877E-01 2.342E-01 5.039E-01 1.451E+04 6.903E+00 2.73E-08
 6360   1.2405  3.51E-05 8.971E-04 1.760E-02 4.518E-09 6.823E-07 4.229E-02 1.876E-01 2.329E-01 5.026E-01 1.451E+04 6.882E+00 2.71E-08
 6380   1.2412  3.51E-05 8.959E-04 1.758E-02 4.494E-09 6.788E-07 4.226E-02 1.875E-01 2.313E-01 5.014E-01 1.450E+04 6.873E+00 2.70E-08
 6400   1.2419  3.50E-05 8.947E-04 1.756E-02 4.489E-09 6.756E-07 4.224E-02 1.874E-01 2.301E-01 5.005E-01 1.450E+04 6.873E+00 2.69E-08
 6420   1.2426  3.50E-05 8.936E-04 1.754E-02 4.478E-09 6.726E-07 4.221E-02 1.873E-01 2.316E-01 4.996E-01 1.449E+04 6.850E+00 2.69E-08
 6440   1.2433  3.49E-05 8.924E-04 1.752E-02 4.468E-09 6.700E-07 4.218E-02 1.872E-01 2.328E-01 4.989E-01 1.448E+04 6.817E+00 2.68E-08
 6460   1.2440  3.48E-05 8.913E-04 1.751E-02 4.470E-09 6.676E-07 4.215E-02 1.871E-01 2.349E-01 4.987E-01 1.448E+04 6.806E+00 2.68E-08
 6480   1.2447  3.47E-05 8.902E-04 1.749E-02 4.461E-09 6.656E-07 4.213E-02 1.870E-01 2.368E-01 4.983E-01 1.447E+04 6.806E+00 2.68E-08
 6500   1.2454  3.47E-05 8.891E-04 1.747E-02 4.445E-09 6.640E-07 4.210E-02 1.869E-01 2.377E-01 4.973E-01 1.447E+04 6.783E+00 2.67E-08
 6520   1.2460  3.47E-05 8.880E-04 1.745E-02 4.455E-09 6.627E-07 4.208E-02 1.868E-01 2.385E-01 4.957E-01 1.446E+04 6.744E+00 2.67E-08
 6540   1.2467  3.46E-05 8.869E-04 1.743E-02 4.475E-09 6.620E-07 4.205E-02 1.867E-01 2.401E-01 4.939E-01 1.445E+04 6.716E+00 2.68E-08
 6560   1.2474  3.45E-05 8.858E-04 1.741E-02 4.451E-09 6.619E-07 4.202E-02 1.866E-01 2.413E-01 4.922E-01 1.445E+04 6.713E+00 2.67E-08
 6580   1.2481  3.45E-05 8.848E-04 1.739E-02 4.408E-09 6.623E-07 4.200E-02 1.865E-01 2.416E-01 4.911E-01 1.444E+04 6.699E+00 2.64E-08
 6600   1.2488  3.46E-05 8.837E-04 1.738E-02 4.421E-09 6.628E-07 4.197E-02 1.864E-01 2.413E-01 4.906E-01 1.444E+04 6.671E+00 2.65E-08
 6620   1.2495  3.46E-05 8.827E-04 1.736E-02 4.488E-09 6.635E-07 4.195E-02 1.863E-01 2.407E-01 4.900E-01 1.443E+04 6.677E+00 2.69E-08
 6640   1.2502  3.46E-05 8.817E-04 1.734E-02 4.510E-09 6.648E-07 4.193E-02 1.862E-01 2.397E-01 4.886E-01 1.442E+04 6.699E+00 2.71E-08
 6660   1.2509  3.47E-05 8.807E-04 1.732E-02 4.436E-09 6.667E-07 4.190E-02 1.861E-01 2.384E-01 4.871E-01 1.442E+04 6.709E+00 2.66E-08
 6680   1.2516  3.48E-05 8.798E-04 1.730E-02 4.344E-09 6.684E-07 4.188E-02 1.860E-01 2.376E-01 4.858E-01 1.441E+04 6.700E+00 2.61E-08
 6700   1.2523  3.47E-05 8.788E-04 1.728E-02 4.312E-09 6.692E-07 4.186E-02 1.859E-01 2.379E-01 4.846E-01 1.440E+04 6.686E+00 2.59E-08
 6720   1.2530  3.47E-05 8.778E-04 1.726E-02 4.317E-09 6.687E-07 4.183E-02 1.858E-01 2.375E-01 4.840E-01 1.440E+04 6.676E+00 2.59E-08
 6740   1.2537  3.48E-05 8.768E-04 1.725E-02 4.324E-09 6.670E-07 4.181E-02 1.857E-01 2.366E-01 4.835E-01 1.439E+04 6.688E+00 2.59E-08
 6760   1.2544  3.47E-05 8.757E-04 1.723E-02 4.341E-09 6.642E-07 4.178E-02 1.856E-01 2.372E-01 4.834E-01 1.438E+04 6.692E+00 2.60E-08
 6780   1.2551  3.48E-05 8.747E-04 1.721E-02 4.340E-09 6.605E-07 4.176E-02 1.855E-01 2.365E-01 4.835E-01 1.438E+04 6.661E+00 2.60E-08
 6800   1.2558  3.48E-05 8.737E-04 1.719E-02 4.301E-09 6.561E-07 4.173E-02 1.854E-01 2.364E-01 4.837E-01 1.437E+04 6.651E+00 2.58E-08
 6820   1.2564  3.48E-05 8.726E-04 1.717E-02 4.292E-09 6.507E-07 4.171E-02 1.853E-01 2.354E-01 4.844E-01 1.436E+04 6.662E+00 2.57E-08
 6840   1.2571  3.49E-05 8.716E-04 1.715E-02 4.348E-09 6.444E-07 4.168E-02 1.852E-01 2.338E-01 4.854E-01 1.435E+04 6.644E+00 2.61E-08
 6860   1.2578  3.50E-05 8.705E-04 1.714E-02 4.382E-09 6.376E-07 4.166E-02 1.851E-01 2.316E-01 4.869E-01 1.435E+04 6.612E+00 2.63E-08
 6880   1.2585  3.50E-05 8.694E-04 1.712E-02 4.345E-09 6.307E-07 4.163E-02 1.850E-01 2.306E-01 4.884E-01 1.434E+04 6.583E+00 2.61E-08
 6900   1.2592  3.50E-05 8.684E-04 1.710E-02 4.316E-09 6.235E-07 4.161E-02 1.849E-01 2.297E-01 4.896E-01 1.433E+04 6.594E+00 2.59E-08
 6920   1.2599  3.50E-05 8.673E-04 1.708E-02 4.348E-09 6.157E-07 4.158E-02 1.848E-01 2.289E-01 4.903E-01 1.432E+04 6.639E+00 2.61E-08
 6940   1.2606  3.50E-05 8.662E-04 1.706E-02 4.399E-09 6.076E-07 4.155E-02 1.847E-01 2.291E-01 4.902E-01 1.431E+04 6.650E+00 2.64E-08
 6960   1.2613  3.50E-05 8.650E-04 1.704E-02 4.429E-09 5.997E-07 4.153E-02 1.846E-01 2.295E-01 4.901E-01 1.430E+04 6.601E+00 2.66E-08
 6980   1.2620  3.50E-05 8.639E-04 1.702E-02 4.439E-09 5.924E-07 4.150E-02 1.845E-01 2.314E-01 4.908E-01 1.430E+04 6.522E+00 2.66E-08
 7000   1.2627  3.51E-05 8.627E-04 1.701E-02 4.440E-09 5.858E-07 4.147E-02 1.844E-01 2.342E-01 4.908E-01 1.429E+04 6.479E+00 2.66E-08
 7020   1.2634  3.51E-05 8.616E-04 1.699E-02 4.449E-09 5.800E-07 4.144E-02 1.843E-01 2.348E-01 4.917E-01 1.428E+04 6.488E+00 2.67E-08
 7040   1.2642  3.52E-05 8.605E-04 1.697E-02 4.471E-09 5.750E-07 4.141E-02 1.842E-01 2.352E-01 4.925E-01 1.427E+04 6.489E+00 2.68E-08
 7060   1.2649  3.53E-05 8.594E-04 1.695E-02 4.486E-09 5.713E-07 4.139E-02 1.841E-01 2.373E-01 4.936E-01 1.426E+04 6.495E+00 2.69E-08
 7080   1.2656  3.54E-05 8.584E-04 1.693E-02 4.487E-09 5.689E-07 4.136E-02 1.840E-01 2.380E-01 4.944E-01 1.425E+04 6.497E+00 2.69E-08
 7100   1.2663  3.54E-05 8.573E-04 1.691E-02 4.488E-09 5.679E-07 4.134E-02 1.839E-01 2.393E-01 4.943E-01 1.424E+04 6.477E+00 2.69E-08
 7120   1.2670  3.54E-05 8.562E-04 1.689E-02 4.497E-09 5.684E-07 4.131E-02 1.838E-01 2.415E-01 4.951E-01 1.423E+04 6.450E+00 2.70E-08
 7140   1.2677  3.54E-05 8.551E-04 1.688E-02 4.507E-09 5.703E-07 4.128E-02 1.837E-01 2.420E-01 4.958E-01 1.422E+04 6.409E+00 2.70E-08
 7160   1.2684  3.54E-05 8.541E-04 1.686E-02 4.508E-09 5.738E-07 4.126E-02 1.836E-01 2.452E-01 4.970E-01 1.421E+04 6.382E+00 2.70E-08
 7180   1.2691  3.52E-05 8.530E-04 1.684E-02 4.494E-09 5.787E-07 4.123E-02 1.835E-01 2.458E-01 4.974E-01 1.420E+04 6.360E+00 2.70E-08
 7200   1.2698  3.50E-05 8.520E-04 1.682E-02 4.469E-09 5.847E-07 4.121E-02 1.834E-01 2.472E-01 4.970E-01 1.419E+04 6.352E+00 2.68E-08
 7220   1.2705  3.49E-05 8.510E-04 1.680E-02 4.439E-09 5.913E-07 4.118E-02 1.833E-01 2.469E-01 4.970E-01 1.418E+04 6.364E+00 2.66E-08
 7240   1.2712  3.48E-05 8.500E-04 1.678E-02 4.403E-09 5.980E-07 4.116E-02 1.832E-01 2.467E-01 4.974E-01 1.417E+04 6.373E+00 2.64E-08
 7260   1.2719  3.47E-05 8.490E-04 1.677E-02 4.365E-09 6.043E-07 4.113E-02 1.831E-01 2.493E-01 4.977E-01 1.416E+04 6.391E+00 2.62E-08
 7280   1.2726  3.46E-05 8.481E-04 1.675E-02 4.349E-09 6.098E-07 4.111E-02 1.830E-01 2.513E-01 4.976E-01 1.414E+04 6.373E+00 2.61E-08
 7300   1.2733  3.45E-05 8.471E-04 1.673E-02 4.369E-09 6.144E-07 4.109E-02 1.829E-01 2.528E-01 4.980E-01 1.413E+04 6.347E+00 2.62E-08
 7320   1.2740  3.44E-05 8.462E-04 1.671E-02 4.405E-09 6.183E-07 4.106E-02 1.828E-01 2.553E-01 4.981E-01 1.412E+04 6.334E+00 2.64E-08
 7340   1.2747  3.42E-05 8.452E-04 1.669E-02 4.420E-09 6.221E-07 4.104E-02 1.827E-01 2.584E-01 4.980E-01 1.411E+04 6.335E+00 2.65E-08
 7360   1.2753  3.41E-05 8.443E-04 1.668E-02 4.407E-09 6.258E-07 4.102E-02 1.826E-01 2.613E-01 4.978E-01 1.410E+04 6.326E+00 2.64E-08
 7380   1.2760  3.40E-05 8.434E-04 1.666E-02 4.390E-09 6.296E-07 4.100E-02 1.825E-01 2.633E-01 4.975E-01 1.409E+04 6.293E+00 2.63E-08
 7400   1.2767  3.39E-05 8.424E-04 1.664E-02 4.392E-09 6.331E-07 4.097E-02 1.824E-01 2.650E-01 4.970E-01 1.408E+04 6.296E+00 2.64E-08
 7420   1.2774  3.39E-05 8.415E-04 1.662E-02 4.409E-09 6.366E-07 4.095E-02 1.823E-01 2.674E-01 4.962E-01 1.407E+04 6.327E+00 2.65E-08
 7440   1.2781  3.38E-05 8.406E-04 1.661E-02 4.418E-09 6.400E-07 4.093E-02 1.822E-01 2.694E-01 4.951E-01 1.405E+04 6.332E+00 2.65E-08
 7460   1.2787  3.38E-05 8.396E-04 1.659E-02 4.397E-09 6.433E-07 4.091E-02 1.821E-01 2.710E-01 4.937E-01 1.404E+04 6.339E+00 2.64E-08
 7480   1.2794  3.37E-05 8.387E-04 1.657E-02 4.370E-09 6.464E-07 4.088E-02 1.820E-01 2.731E-01 4.926E-01 1.403E+04 6.348E+00 2.62E-08
 7500   1.2801  3.36E-05 8.377E-04 1.655E-02 4.379E-09 6.491E-07 4.086E-02 1.820E-01 2.753E-01 4.914E-01 1.402E+04 6.330E+00 2.63E-08
 7520   1.2807  3.35E-05 8.367E-04 1.654E-02 4.405E-09 6.514E-07 4.084E-02 1.819E-01 2.772E-01 4.905E-01 1.401E+04 6.276E+00 2.64E-08
 7540   1.2814  3.34E-05 8.357E-04 1.652E-02 4.393E-09 6.536E-07 4.081E-02 1.818E-01 2.785E-01 4.898E-01 1.399E+04 6.236E+00 2.64E-08
 7560   1.2821  3.34E-05 8.347E-04 1.650E-02 4.375E-09 6.556E-07 4.079E-02 1.817E-01 2.797E-01 4.895E-01 1.398E+04 6.206E+00 2.63E-08
 7580   1.2827  3.33E-05 8.337E-04 1.648E-02 4.420E-09 6.574E-07 4.076E-02 1.816E-01 2.810E-01 4.893E-01 1.397E+04 6.177E+00 2.65E-08
 7600   1.2834  3.33E-05 8.328E-04 1.647E-02 4.484E-09 6.593E-07 4.074E-02 1.815E-01 2.816E-01 4.892E-01 1.395E+04 6.190E+00 2.69E-08
 7620   1.2841  3.33E-05 8.318E-04 1.645E-02 4.464E-09 6.618E-07 4.072E-02 1.814E-01 2.816E-01 4.896E-01 1.394E+04 6.231E+00 2.68E-08
 7640   1.2847  3.33E-05 8.308E-04 1.643E-02 4.379E-09 6.647E-07 4.069E-02 1.813E-01 2.828E-01 4.913E-01 1.393E+04 6.244E+00 2.63E-08
 7660   1.2854  3.32E-05 8.298E-04 1.642E-02 4.339E-09 6.674E-07 4.067E-02 1.812E-01 2.847E-01 4.928E-01 1.391E+04 6.206E+00 2.60E-08
 7680   1.2861  3.31E-05 8.287E-04 1.640E-02 4.352E-09 6.695E-07 4.064E-02 1.811E-01 2.870E-01 4.936E-01 1.390E+04 6.148E+00 2.61E-08
 7700   1.2867  3.30E-05 8.277E-04 1.638E-02 4.352E-09 6.710E-07 4.062E-02 1.810E-01 2.888E-01 4.938E-01 1.388E+04 6.126E+00 2.61E-08
 7720   1.2874  3.30E-05 8.267E-04 1.637E-02 4.351E-09 6.718E-07 4.059E-02 1.809E-01 2.903E-01 4.932E-01 1.387E+04 6.132E+00 2.61E-08
 7740   1.2881  3.29E-05 8.257E-04 1.635E-02 4.396E-09 6.716E-07 4.057E-02 1.808E-01 2.917E-01 4.923E-01 1.386E+04 6.136E+00 2.64E-08
 7760   1.2887  3.30E-05 8.247E-04 1.633E-02 4.443E-09 6.709E-07 4.054E-02 1.807E-01 2.913E-01 4.915E-01 1.384E+04 6.149E+00 2.67E-08
 7780   1.2894  3.30E-05 8.237E-04 1.632E-02 4.429E-09 6.697E-07 4.052E-02 1.806E-01 2.898E-01 4.906E-01 1.383E+04 6.175E+00 2.66E-08
 7800   1.2900  3.30E-05 8.226E-04 1.630E-02 4.397E-09 6.681E-07 4.049E-02 1.806E-01 2.899E-01 4.892E-01 1.381E+04 6.186E+00 2.64E-08
 7820   1.2907  3.30E-05 8.216E-04 1.628E-02 4.424E-09 6.658E-07 4.047E-02 1.805E-01 2.902E-01 4.873E-01 1.380E+04 6.160E+00 2.65E-08
 7840   1.2914  3.30E-05 8.205E-04 1.627E-02 4.483E-09 6.632E-07 4.044E-02 1.804E-01 2.907E-01 4.852E-01 1.378E+04 6.130E+00 2.69E-08
 7860   1.2920  3.30E-05 8.195E-04 1.625E-02 4.504E-09 6.608E-07 4.041E-02 1.803E-01 2.902E-01 4.830E-01 1.376E+04 6.107E+00 2.70E-08
 7880   1.2927  3.30E-05 8.184E-04 1.623E-02 4.482E-09 6.587E-07 4.039E-02 1.802E-01 2.907E-01 4.809E-01 1.375E+04 6.067E+00 2.69E-08
 7900   1.2933  3.30E-05 8.173E-04 1.622E-02 4.453E-09 6.571E-07 4.036E-02 1.801E-01 2.911E-01 4.788E-01 1.373E+04 6.037E+00 2.67E-08
 7920   1.2940  3.30E-05 8.162E-04 1.620E-02 4.425E-09 6.556E-07 4.033E-02 1.800E-01 2.908E-01 4.765E-01 1.372E+04 6.055E+00 2.65E-08
 7940   1.2947  3.29E-05 8.152E-04 1.618E-02 4.396E-09 6.541E-07 4.031E-02 1.799E-01 2.927E-01 4.740E-01 1.370E+04 6.090E+00 2.64E-08
 7960   1.2953  3.29E-05 8.141E-04 1.617E-02 4.372E-09 6.525E-07 4.028E-02 1.798E-01 2.947E-01 4.714E-01 1.369E+04 6.089E+00 2.62E-08
 7980   1.2960  3.28E-05 8.131E-04 1.615E-02 4.353E-09 6.506E-07 4.026E-02 1.797E-01 2.972E-01 4.689E-01 1.367E+04 6.079E+00 2.61E-08
 8000   1.2966  3.27E-05 8.120E-04 1.613E-02 4.338E-09 6.482E-07 4.023E-02 1.796E-01 3.012E-01 4.670E-01 1.365E+04 6.071E+00 2.60E-08
 8020   1.2973  3.26E-05 8.109E-04 1.612E-02 4.344E-09 6.454E-07 4.020E-02 1.795E-01 3.033E-01 4.654E-01 1.364E+04 6.051E+00 2.61E-08
 8040   1.2979  3.25E-05 8.099E-04 1.610E-02 4.370E-09 6.421E-07 4.018E-02 1.795E-01 3.057E-01 4.638E-01 1.362E+04 6.019E+00 2.62E-08
 8060   1.2986  3.25E-05 8.088E-04 1.609E-02 4.376E-09 6.385E-07 4.015E-02 1.794E-01 3.060E-01 4.621E-01 1.361E+04 5.991E+00 2.63E-08
 8080   1.2992  3.25E-05 8.077E-04 1.607E-02 4.364E-09 6.346E-07 4.012E-02 1.793E-01 3.061E-01 4.605E-01 1.359E+04 5.990E+00 2.62E-08
 8100   1.2999  3.25E-05 8.067E-04 1.605E-02 4.389E-09 6.304E-07 4.010E-02 1.792E-01 3.050E-01 4.588E-01 1.358E+04 6.005E+00 2.63E-08
 8120   1.3005  3.26E-05 8.057E-04 1.604E-02 4.464E-09 6.258E-07 4.007E-02 1.791E-01 3.038E-01 4.573E-01 1.356E+04 6.011E+00 2.68E-08
 8140   1.3012  3.27E-05 8.046E-04 1.602E-02 4.514E-09 6.215E-07 4.005E-02 1.790E-01 3.020E-01 4.561E-01 1.354E+04 5.997E+00 2.71E-08
 8160   1.3018  3.27E-05 8.036E-04 1.601E-02 4.506E-09 6.179E-07 4.002E-02 1.789E-01 3.012E-01 4.552E-01 1.353E+04 5.995E+00 2.70E-08
 8180   1.3025  3.28E-05 8.025E-04 1.599E-02 4.497E-09 6.149E-07 3.999E-02 1.788E-01 2.984E-01 4.545E-01 1.351E+04 6.004E+00 2.70E-08
 8200   1.3031  3.29E-05 8.015E-04 1.597E-02 4.517E-09 6.126E-07 3.997E-02 1.787E-01 2.967E-01 4.538E-01 1.349E+04 5.998E+00 2.71E-08
 8220   1.3038  3.29E-05 8.004E-04 1.596E-02 4.524E-09 6.112E-07 3.994E-02 1.787E-01 2.954E-01 4.530E-01 1.348E+04 5.978E+00 2.71E-08
 8240   1.3045  3.30E-05 7.994E-04 1.594E-02 4.512E-09 6.107E-07 3.991E-02 1.786E-01 2.932E-01 4.520E-01 1.346E+04 5.957E+00 2.71E-08
 8260   1.3051  3.30E-05 7.983E-04 1.593E-02 4.520E-09 6.112E-07 3.989E-02 1.785E-01 2.926E-01 4.508E-01 1.344E+04 5.935E+00 2.71E-08
 8280   1.3058  3.31E-05 7.972E-04 1.591E-02 4.524E-09 6.126E-07 3.986E-02 1.784E-01 2.904E-01 4.493E-01 1.343E+04 5.913E+00 2.71E-08
 8300   1.3064  3.31E-05 7.962E-04 1.589E-02 4.477E-09 6.148E-07 3.983E-02 1.783E-01 2.891E-01 4.480E-01 1.341E+04 5.893E+00 2.69E-08
 8320   1.3071  3.31E-05 7.952E-04 1.588E-02 4.432E-09 6.175E-07 3.981E-02 1.782E-01 2.901E-01 4.493E-01 1.339E+04 5.911E+00 2.66E-08
 8340   1.3078  3.31E-05 7.941E-04 1.586E-02 4.458E-09 6.203E-07 3.978E-02 1.781E-01 2.892E-01 4.499E-01 1.338E+04 5.942E+00 2.67E-08
 8360   1.3084  3.32E-05 7.931E-04 1.585E-02 4.493E-09 6.232E-07 3.975E-02 1.780E-01 2.875E-01 4.500E-01 1.336E+04 5.914E+00 2.70E-08
 8380   1.3091  3.32E-05 7.920E-04 1.583E-02 4.462E-09 6.266E-07 3.973E-02 1.779E-01 2.864E-01 4.498E-01 1.334E+04 5.856E+00 2.68E-08
 8400   1.3098  3.33E-05 7.910E-04 1.581E-02 4.420E-09 6.303E-07 3.970E-02 1.778E-01 2.862E-01 4.496E-01 1.332E+04 5.846E+00 2.65E-08
 8420   1.3104  3.34E-05 7.900E-04 1.580E-02 4.441E-09 6.339E-07 3.968E-02 1.778E-01 2.843E-01 4.495E-01 1.331E+04 5.879E+00 2.66E-08
 8440   1.3111  3.34E-05 7.890E-04 1.578E-02 4.473E-09 6.377E-07 3.965E-02 1.777E-01 2.838E-01 4.501E-01 1.329E+04 5.903E+00 2.68E-08
 8460   1.3118  3.33E-05 7.880E-04 1.577E-02 4.448E-09 6.421E-07 3.963E-02 1.776E-01 2.852E-01 4.510E-01 1.327E+04 5.870E+00 2.67E-08
 8480   1.3124  3.31E-05 7.870E-04 1.575E-02 4.398E-09 6.468E-07 3.960E-02 1.775E-01 2.928E-01 4.519E-01 1.325E+04 5.799E+00 2.64E-08
 8500   1.3131  3.29E-05 7.861E-04 1.573E-02 4.374E-09 6.515E-07 3.958E-02 1.774E-01 2.978E-01 4.535E-01 1.324E+04 5.757E+00 2.62E-08
 8520   1.3137  3.27E-05 7.851E-04 1.572E-02 4.372E-09 6.559E-07 3.956E-02 1.773E-01 3.027E-01 4.547E-01 1.322E+04 5.763E+00 2.62E-08
 8540   1.3144  3.25E-05 7.842E-04 1.570E-02 4.378E-09 6.600E-07 3.953E-02 1.772E-01 3.072E-01 4.557E-01 1.320E+04 5.785E+00 2.63E-08
 8560   1.3150  3.24E-05 7.834E-04 1.569E-02 4.402E-09 6.636E-07 3.951E-02 1.771E-01 3.082E-01 4.565E-01 1.319E+04 5.798E+00 2.64E-08
 8580   1.3157  3.24E-05 7.825E-04 1.567E-02 4.428E-09 6.669E-07 3.949E-02 1.770E-01 3.066E-01 4.572E-01 1.317E+04 5.800E+00 2.66E-08
 8600   1.3163  3.24E-05 7.817E-04 1.566E-02 4.410E-09 6.700E-07 3.947E-02 1.769E-01 3.060E-01 4.576E-01 1.315E+04 5.783E+00 2.65E-08
 8620   1.3170  3.25E-05 7.809E-04 1.564E-02 4.332E-09 6.726E-07 3.945E-02 1.769E-01 3.042E-01 4.576E-01 1.314E+04 5.753E+00 2.60E-08
 8640   1.3176  3.25E-05 7.801E-04 1.562E-02 4.248E-09 6.741E-07 3.943E-02 1.768E-01 3.029E-01 4.574E-01 1.312E+04 5.742E+00 2.55E-08
 8660   1.3183  3.25E-05 7.793E-04 1.561E-02 4.239E-09 6.740E-07 3.941E-02 1.767E-01 3.010E-01 4.563E-01 1.310E+04 5.738E+00 2.54E-08
 8680   1.3189  3.26E-05 7.786E-04 1.559E-02 4.304E-09 6.722E-07 3.939E-02 1.766E-01 2.982E-01 4.549E-01 1.309E+04 5.737E+00 2.58E-08
 8700   1.3196  3.26E-05 7.779E-04 1.558E-02 4.359E-09 6.692E-07 3.937E-02 1.765E-01 2.962E-01 4.537E-01 1.307E+04 5.749E+00 2.62E-08
 8720   1.3202  3.27E-05 7.771E-04 1.556E-02 4.347E-09 6.655E-07 3.936E-02 1.764E-01 2.926E-01 4.521E-01 1.305E+04 5.757E+00 2.61E-08
 8740   1.3209  3.28E-05 7.764E-04 1.555E-02 4.314E-09 6.610E-07 3.934E-02 1.763E-01 2.898E-01 4.507E-01 1.304E+04 5.771E+00 2.59E-08
 8760   1.3216  3.29E-05 7.757E-04 1.553E-02 4.319E-09 6.555E-07 3.932E-02 1.762E-01 2.866E-01 4.500E-01 1.302E+04 5.790E+00 2.59E-08
 8780   1.3222  3.31E-05 7.750E-04 1.551E-02 4.354E-09 6.491E-07 3.930E-02 1.761E-01 2.825E-01 4.490E-01 1.301E+04 5.781E+00 2.61E-08
 8800   1.3229  3.31E-05 7.743E-04 1.550E-02 4.391E-09 6.421E-07 3.928E-02 1.761E-01 2.790E-01 4.477E-01 1.299E+04 5.745E+00 2.63E-08
 8820   1.3235  3.31E-05 7.736E-04 1.548E-02 4.437E-09 6.348E-07 3.927E-02 1.760E-01 2.780E-01 4.459E-01 1.297E+04 5.720E+00 2.66E-08
 8840   1.3242  3.30E-05 7.729E-04 1.547E-02 4.498E-09 6.278E-07 3.925E-02 1.759E-01 2.794E-01 4.434E-01 1.296E+04 5.752E+00 2.70E-08
 8860   1.3249  3.30E-05 7.722E-04 1.545E-02 4.540E-09 6.214E-07 3.923E-02 1.758E-01 2.797E-01 4.414E-01 1.294E+04 5.790E+00 2.72E-08
 8880   1.3255  3.30E-05 7.715E-04 1.544E-02 4.516E-09 6.162E-07 3.921E-02 1.757E-01 2.785E-01 4.420E-01 1.293E+04 5.780E+00 2.71E-08
 8900   1.3262  3.31E-05 7.708E-04 1.542E-02 4.420E-09 6.120E-07 3.919E-02 1.756E-01 2.757E-01 4.419E-01 1.291E+04 5.744E+00 2.65E-08
 8920   1.3268  3.33E-05 7.701E-04 1.540E-02 4.308E-09 6.080E-07 3.917E-02 1.755E-01 2.711E-01 4.418E-01 1.290E+04 5.737E+00 2.58E-08
 8940   1.3275  3.35E-05 7.693E-04 1.539E-02 4.274E-09 6.036E-07 3.916E-02 1.754E-01 2.663E-01 4.418E-01 1.288E+04 5.745E+00 2.56E-08
 8960   1.3282  3.37E-05 7.686E-04 1.537E-02 4.350E-09 5.984E-07 3.914E-02 1.753E-01 2.612E-01 4.417E-01 1.287E+04 5.721E+00 2.61E-08
 8980   1.3289  3.39E-05 7.678E-04 1.536E-02 4.446E-09 5.931E-07 3.912E-02 1.752E-01 2.572E-01 4.412E-01 1.285E+04 5.676E+00 2.67E-08
 9000   1.3295  3.40E-05 7.670E-04 1.534E-02 4.465E-09 5.885E-07 3.910E-02 1.752E-01 2.542E-01 4.395E-01 1.284E+04 5.631E+00 2.68E-08
 9020   1.3302  3.41E-05 7.663E-04 1.532E-02 4.422E-09 5.846E-07 3.908E-02 1.751E-01 2.518E-01 4.373E-01 1.283E+04 5.605E+00 2.65E-08
 9040   1.3309  3.42E-05 7.656E-04 1.531E-02 4.395E-09 5.812E-07 3.906E-02 1.750E-01 2.536E-01 4.357E-01 1.281E+04 5.613E+00 2.64E-08
 9060   1.3316  3.41E-05 7.648E-04 1.529E-02 4.413E-09 5.777E-07 3.904E-02 1.749E-01 2.543E-01 4.354E-01 1.280E+04 5.620E+00 2.65E-08
 9080   1.3323  3.42E-05 7.641E-04 1.527E-02 4.463E-09 5.741E-07 3.902E-02 1.748E-01 2.539E-01 4.347E-01 1.278E+04 5.605E+00 2.68E-08
 9100   1.3330  3.41E-05 7.634E-04 1.526E-02 4.531E-09 5.708E-07 3.900E-02 1.747E-01 2.556E-01 4.339E-01 1.277E+04 5.574E+00 2.72E-08
 9120   1.3336  3.40E-05 7.628E-04 1.524E-02 4.583E-09 5.683E-07 3.899E-02 1.746E-01 2.584E-01 4.334E-01 1.275E+04 5.570E+00 2.75E-08
 9140   1.3343  3.40E-05 7.621E-04 1.523E-02 4.586E-09 5.671E-07 3.897E-02 1.745E-01 2.590E-01 4.330E-01 1.274E+04 5.588E+00 2.75E-08
 9160   1.3350  3.39E-05 7.615E-04 1.521E-02 4.566E-09 5.672E-07 3.895E-02 1.744E-01 2.597E-01 4.325E-01 1.272E+04 5.593E+00 2.74E-08
 9180   1.3357  3.39E-05 7.608E-04 1.519E-02 4.565E-09 5.687E-07 3.894E-02 1.743E-01 2.603E-01 4.321E-01 1.271E+04 5.571E+00 2.74E-08
 9200   1.3364  3.39E-05 7.602E-04 1.518E-02 4.552E-09 5.715E-07 3.892E-02 1.742E-01 2.612E-01 4.325E-01 1.270E+04 5.534E+00 2.73E-08
 9220   1.3370  3.39E-05 7.596E-04 1.516E-02 4.483E-09 5.754E-07 3.890E-02 1.741E-01 2.617E-01 4.326E-01 1.268E+04 5.510E+00 2.69E-08
 9240   1.3377  3.38E-05 7.590E-04 1.515E-02 4.403E-09 5.798E-07 3.889E-02 1.740E-01 2.627E-01 4.325E-01 1.267E+04 5.511E+00 2.64E-08
 9260   1.3384  3.38E-05 7.585E-04 1.513E-02 4.371E-09 5.840E-07 3.888E-02 1.740E-01 2.622E-01 4.325E-01 1.265E+04 5.519E+00 2.62E-08
 9280   1.3391  3.38E-05 7.580E-04 1.511E-02 4.368E-09 5.876E-07 3.886E-02 1.739E-01 2.639E-01 4.325E-01 1.264E+04 5.539E+00 2.62E-08
 9300   1.3397  3.37E-05 7.574E-04 1.510E-02 4.366E-09 5.906E-07 3.885E-02 1.738E-01 2.656E-01 4.326E-01 1.262E+04 5.568E+00 2.62E-08
 9320   1.3404  3.37E-05 7.569E-04 1.508E-02 4.391E-09 5.930E-07 3.884E-02 1.737E-01 2.666E-01 4.326E-01 1.261E+04 5.578E+00 2.63E-08
 9340   1.3411  3.36E-05 7.564E-04 1.507E-02 4.434E-09 5.950E-07 3.882E-02 1.736E-01 2.678E-01 4.324E-01 1.260E+04 5.548E+00 2.66E-08
 9360   1.3418  3.35E-05 7.558E-04 1.505E-02 4.431E-09 5.970E-07 3.881E-02 1.735E-01 2.698E-01 4.320E-01 1.258E+04 5.515E+00 2.66E-08
 9380   1.3424  3.35E-05 7.553E-04 1.504E-02 4.383E-09 5.991E-07 3.879E-02 1.734E-01 2.709E-01 4.320E-01 1.257E+04 5.520E+00 2.63E-08
 9400   1.3431  3.35E-05 7.547E-04 1.502E-02 4.364E-09 6.009E-07 3.878E-02 1.733E-01 2.704E-01 4.333E-01 1.256E+04 5.548E+00 2.62E-08
 9420   1.3438  3.35E-05 7.542E-04 1.500E-02 4.388E-09 6.026E-07 3.877E-02 1.732E-01 2.713E-01 4.347E-01 1.254E+04 5.560E+00 2.63E-08
 9440   1.3444  3.34E-05 7.536E-04 1.499E-02 4.395E-09 6.044E-07 3.875E-02 1.731E-01 2.725E-01 4.357E-01 1.253E+04 5.552E+00 2.64E-08
 9460   1.3451  3.34E-05 7.530E-04 1.497E-02 4.369E-09 6.066E-07 3.874E-02 1.731E-01 2.717E-01 4.360E-01 1.252E+04 5.535E+00 2.62E-08
 9480   1.3458  3.33E-05 7.524E-04 1.496E-02 4.344E-09 6.090E-07 3.872E-02 1.730E-01 2.740E-01 4.364E-01 1.250E+04 5.516E+00 2.61E-08
 9500   1.3464  3.33E-05 7.518E-04 1.494E-02 4.334E-09 6.115E-07 3.871E-02 1.729E-01 2.758E-01 4.373E-01 1.249E+04 5.509E+00 2.60E-08
 9520   1.3471  3.33E-05 7.512E-04 1.493E-02 4.336E-09 6.139E-07 3.869E-02 1.728E-01 2.755E-01 4.399E-01 1.248E+04 5.516E+00 2.60E-08
 9540   1.3478  3.32E-05 7.506E-04 1.491E-02 4.363E-09 6.161E-07 3.867E-02 1.727E-01 2.770E-01 4.427E-01 1.246E+04 5.536E+00 2.62E-08
 9560   1.3484  3.32E-05 7.499E-04 1.490E-02 4.398E-09 6.181E-07 3.866E-02 1.726E-01 2.782E-01 4.459E-01 1.245E+04 5.529E+00 2.64E-08
 9580   1.3491  3.32E-05 7.492E-04 1.488E-02 4.398E-09 6.201E-07 3.864E-02 1.725E-01 2.784E-01 4.491E-01 1.244E+04 5.488E+00 2.64E-08
 9600   1.3498  3.32E-05 7.486E-04 1.487E-02 4.356E-09 6.219E-07 3.862E-02 1.724E-01 2.784E-01 4.517E-01 1.242E+04 5.458E+00 2.61E-08
 9620   1.3504  3.31E-05 7.479E-04 1.485E-02 4.317E-09 6.231E-07 3.860E-02 1.723E-01 2.804E-01 4.542E-01 1.241E+04 5.455E+00 2.59E-08
 9640   1.3511  3.31E-05 7.472E-04 1.484E-02 4.310E-09 6.233E-07 3.859E-02 1.723E-01 2.813E-01 4.564E-01 1.240E+04 5.465E+00 2.59E-08
 9660   1.3517  3.31E-05 7.465E-04 1.482E-02 4.328E-09 6.224E-07 3.857E-02 1.722E-01 2.803E-01 4.587E-01 1.239E+04 5.473E+00 2.60E-08
 9680   1.3524  3.31E-05 7.458E-04 1.481E-02 4.372E-09 6.206E-07 3.855E-02 1.721E-01 2.812E-01 4.603E-01 1.237E+04 5.471E+00 2.62E-08
 9700   1.3531  3.30E-05 7.451E-04 1.479E-02 4.446E-09 6.183E-07 3.853E-02 1.720E-01 2.825E-01 4.618E-01 1.236E+04 5.449E+00 2.67E-08
 9720   1.3537  3.30E-05 7.443E-04 1.478E-02 4.526E-09 6.162E-07 3.851E-02 1.719E-01 2.830E-01 4.628E-01 1.235E+04 5.399E+00 2.72E-08
 9740   1.3544  3.30E-05 7.436E-04 1.476E-02 4.563E-09 6.149E-07 3.849E-02 1.718E-01 2.823E-01 4.636E-01 1.234E+04 5.354E+00 2.74E-08
 9760   1.3550  3.29E-05 7.429E-04 1.475E-02 4.539E-09 6.149E-07 3.848E-02 1.717E-01 2.843E-01 4.641E-01 1.233E+04 5.334E+00 2.72E-08
 9780   1.3557  3.29E-05 7.422E-04 1.473E-02 4.490E-09 6.160E-07 3.846E-02 1.716E-01 2.858E-01 4.647E-01 1.231E+04 5.323E+00 2.69E-08
 9800   1.3564  3.29E-05 7.416E-04 1.472E-02 4.458E-09 6.177E-07 3.844E-02 1.716E-01 2.851E-01 4.655E-01 1.230E+04 5.317E+00 2.67E-08
 9820   1.3570  3.28E-05 7.409E-04 1.470E-02 4.436E-09 6.199E-07 3.842E-02 1.715E-01 2.880E-01 4.667E-01 1.229E+04 5.325E+00 2.66E-08
 9840   1.3577  3.28E-05 7.403E-04 1.469E-02 4.407E-09 6.222E-07 3.841E-02 1.714E-01 2.878E-01 4.680E-01 1.228E+04 5.342E+00 2.64E-08
 9860   1.3583  3.28E-05 7.397E-04 1.467E-02 4.386E-09 6.244E-07 3.839E-02 1.713E-01 2.885E-01 4.689E-01 1.227E+04 5.363E+00 2.63E-08
 9880   1.3590  3.28E-05 7.391E-04 1.466E-02 4.380E-09 6.264E-07 3.838E-02 1.712E-01 2.892E-01 4.692E-01 1.225E+04 5.375E+00 2.63E-08
 9900   1.3596  3.28E-05 7.385E-04 1.464E-02 4.366E-09 6.280E-07 3.836E-02 1.711E-01 2.875E-01 4.689E-01 1.224E+04 5.374E+00 2.62E-08
 9920   1.3603  3.29E-05 7.379E-04 1.463E-02 4.346E-09 6.291E-07 3.834E-02 1.710E-01 2.871E-01 4.684E-01 1.223E+04 5.367E+00 2.61E-08
 9940   1.3610  3.29E-05 7.373E-04 1.461E-02 4.356E-09 6.295E-07 3.833E-02 1.710E-01 2.871E-01 4.678E-01 1.222E+04 5.345E+00 2.61E-08
 9960   1.3616  3.29E-05 7.368E-04 1.460E-02 4.388E-09 6.295E-07 3.831E-02 1.709E-01 2.856E-01 4.670E-01 1.221E+04 5.312E+00 2.63E-08
 9980   1.3623  3.29E-05 7.362E-04 1.458E-02 4.390E-09 6.290E-07 3.830E-02 1.708E-01 2.863E-01 4.660E-01 1.219E+04 5.293E+00 2.63E-08
10000   1.3629  3.29E-05 7.356E-04 1.457E-02 4.362E-09 6.282E-07 3.828E-02 1.707E-01 2.846E-01 4.651E-01 1.218E+04 5.306E+00 2.62E-08
10020   1.3636  3.29E-05 7.351E-04 1.455E-02 4.369E-09 6.269E-07 3.827E-02 1.706E-01 2.856E-01 4.645E-01 1.217E+04 5.339E+00 2.62E-08
10040   1.3642  3.29E-05 7.345E-04 1.454E-02 4.440E-09 6.250E-07 3.825E-02 1.705E-01 2.859E-01 4.644E-01 1.216E+04 5.366E+00 2.66E-08
10060   1.3649  3.30E-05 7.340E-04 1.452E-02 4.523E-09 6.234E-07 3.824E-02 1.704E-01 2.846E-01 4.650E-01 1.215E+04 5.352E+00 2.71E-08
10080   1.3656  3.29E-05 7.334E-04 1.451E-02 4.552E-09 6.226E-07 3.822E-02 1.703E-01 2.869E-01 4.655E-01 1.213E+04 5.299E+00 2.73E-08
10100   1.3662  3.29E-05 7.329E-04 1.449E-02 4.520E-09 6.229E-07 3.821E-02 1.703E-01 2.850E-01 4.661E-01 1.212E+04 5.258E+00 2.71E-08
10120   1.3669  3.29E-05 7.323E-04 1.448E-02 4.464E-09 6.241E-07 3.820E-02 1.702E-01 2.874E-01 4.670E-01 1.211E+04 5.241E+00 2.68E-08
10140   1.3675  3.29E-05 7.318E-04 1.446E-02 4.413E-09 6.259E-07 3.818E-02 1.701E-01 2.866E-01 4.677E-01 1.210E+04 5.258E+00 2.65E-08
10160   1.3682  3.29E-05 7.313E-04 1.445E-02 4.387E-09 6.278E-07 3.817E-02 1.700E-01 2.876E-01 4.683E-01 1.209E+04 5.292E+00 2.63E-08
10180   1.3688  3.28E-05 7.308E-04 1.444E-02 4.390E-09 6.296E-07 3.816E-02 1.699E-01 2.882E-01 4.686E-01 1.207E+04 5.326E+00 2.63E-08
10200   1.3695  3.29E-05 7.303E-04 1.442E-02 4.392E-09 6.313E-07 3.814E-02 1.698E-01 2.872E-01 4.687E-01 1.206E+04 5.344E+00 2.63E-08
10220   1.3702  3.28E-05 7.297E-04 1.441E-02 4.362E-09 6.328E-07 3.813E-02 1.697E-01 2.890E-01 4.687E-01 1.205E+04 5.320E+00 2.62E-08
10240   1.3708  3.29E-05 7.292E-04 1.439E-02 4.348E-09 6.340E-07 3.811E-02 1.697E-01 2.868E-01 4.683E-01 1.204E+04 5.277E+00 2.61E-08
10260   1.3715  3.29E-05 7.286E-04 1.438E-02 4.420E-09 6.349E-07 3.810E-02 1.696E-01 2.886E-01 4.678E-01 1.203E+04 5.258E+00 2.65E-08
10280   1.3721  3.29E-05 7.281E-04 1.436E-02 4.515E-09 6.360E-07 3.808E-02 1.695E-01 2.861E-01 4.671E-01 1.202E+04 5.269E+00 2.71E-08
10300   1.3728  3.29E-05 7.275E-04 1.435E-02 4.504E-09 6.378E-07 3.807E-02 1.694E-01 2.884E-01 4.664E-01 1.200E+04 5.289E+00 2.70E-08
10320   1.3735  3.29E-05 7.270E-04 1.433E-02 4.416E-09 6.402E-07 3.805E-02 1.693E-01 2.868E-01 4.655E-01 1.199E+04 5.298E+00 2.65E-08
10340   1.3741  3.29E-05 7.264E-04 1.432E-02 4.404E-09 6.425E-07 3.804E-02 1.692E-01 2.867E-01 4.647E-01 1.198E+04 5.295E+00 2.64E-08
10360   1.3748  3.29E-05 7.259E-04 1.430E-02 4.472E-09 6.445E-07 3.803E-02 1.691E-01 2.868E-01 4.641E-01 1.197E+04 5.269E+00 2.68E-08
10380   1.3754  3.30E-05 7.253E-04 1.429E-02 4.485E-09 6.465E-07 3.801E-02 1.691E-01 2.861E-01 4.634E-01 1.196E+04 5.227E+00 2.69E-08
10400   1.3761  3.29E-05 7.247E-04 1.427E-02 4.440E-09 6.486E-07 3.800E-02 1.690E-01 2.869E-01 4.625E-01 1.195E+04 5.190E+00 2.66E-08
10420   1.3767  3.30E-05 7.242E-04 1.426E-02 4.447E-09 6.504E-07 3.798E-02 1.689E-01 2.852E-01 4.616E-01 1.193E+04 5.173E+00 2.67E-08
10440   1.3774  3.30E-05 7.236E-04 1.425E-02 4.490E-09 6.520E-07 3.797E-02 1.688E-01 2.852E-01 4.605E-01 1.192E+04 5.164E+00 2.69E-08
10460   1.3781  3.30E-05 7.231E-04 1.423E-02 4.460E-09 6.537E-07 3.795E-02 1.687E-01 2.838E-01 4.593E-01 1.191E+04 5.156E+00 2.68E-08
10480   1.3787  3.32E-05 7.226E-04 1.422E-02 4.379E-09 6.554E-07 3.794E-02 1.686E-01 2.816E-01 4.583E-01 1.190E+04 5.172E+00 2.63E-08
10500   1.3794  3.31E-05 7.221E-04 1.420E-02 4.360E-09 6.566E-07 3.793E-02 1.685E-01 2.825E-01 4.574E-01 1.189E+04 5.197E+00 2.62E-08
10520   1.3801  3.31E-05 7.216E-04 1.419E-02 4.398E-09 6.572E-07 3.791E-02 1.684E-01 2.812E-01 4.565E-01 1.188E+04 5.202E+00 2.64E-08
10540   1.3807  3.32E-05 7.211E-04 1.417E-02 4.412E-09 6.576E-07 3.790E-02 1.684E-01 2.810E-01 4.556E-01 1.186E+04 5.194E+00 2.65E-08
10560   1.3814  3.32E-05 7.205E-04 1.416E-02 4.397E-09 6.580E-07 3.789E-02 1.683E-01 2.807E-01 4.550E-01 1.185E+04 5.171E+00 2.64E-08
10580   1.3820  3.32E-05 7.200E-04 1.414E-02 4.386E-09 6.585E-07 3.787E-02 1.682E-01 2.789E-01 4.545E-01 1.184E+04 5.133E+00 2.63E-08
10600   1.3827  3.32E-05 7.195E-04 1.413E-02 4.357E-09 6.588E-07 3.786E-02 1.681E-01 2.789E-01 4.535E-01 1.183E+04 5.103E+00 2.61E-08
10620   1.3834  3.32E-05 7.190E-04 1.412E-02 4.296E-09 6.587E-07 3.785E-02 1.680E-01 2.785E-01 4.521E-01 1.182E+04 5.096E+00 2.58E-08
10640   1.3840  3.33E-05 7.186E-04 1.410E-02 4.265E-09 6.577E-07 3.784E-02 1.679E-01 2.779E-01 4.514E-01 1.181E+04 5.103E+00 2.56E-08
10660   1.3847  3.33E-05 7.181E-04 1.409E-02 4.301E-09 6.555E-07 3.782E-02 1.678E-01 2.779E-01 4.508E-01 1.179E+04 5.125E+00 2.58E-08
10680   1.3854  3.33E-05 7.177E-04 1.407E-02 4.351E-09 6.521E-07 3.781E-02 1.678E-01 2.781E-01 4.503E-01 1.178E+04 5.135E+00 2.61E-08
10700   1.3860  3.33E-05 7.172E-04 1.406E-02 4.354E-09 6.479E-07 3.780E-02 1.677E-01 2.768E-01 4.500E-01 1.177E+04 5.126E+00 2.61E-08
10720   1.3867  3.34E-05 7.168E-04 1.404E-02 4.324E-09 6.429E-07 3.779E-02 1.676E-01 2.759E-01 4.498E-01 1.176E+04 5.115E+00 2.59E-08
10740   1.3874  3.33E-05 7.163E-04 1.403E-02 4.299E-09 6.367E-07 3.778E-02 1.675E-01 2.766E-01 4.495E-01 1.175E+04 5.117E+00 2.58E-08
10760   1.3880  3.34E-05 7.159E-04 1.401E-02 4.300E-09 6.293E-07 3.776E-02 1.674E-01 2.755E-01 4.492E-01 1.174E+04 5.135E+00 2.58E-08
10780   1.3887  3.34E-05 7.154E-04 1.400E-02 4.337E-09 6.206E-07 3.775E-02 1.673E-01 2.732E-01 4.488E-01 1.172E+04 5.152E+00 2.60E-08
10800   1.3894  3.35E-05 7.150E-04 1.399E-02 4.409E-09 6.111E-07 3.774E-02 1.672E-01 2.731E-01 4.489E-01 1.171E+04 5.150E+00 2.65E-08
10820   1.3900  3.35E-05 7.145E-04 1.397E-02 4.477E-09 6.014E-07 3.773E-02 1.672E-01 2.724E-01 4.489E-01 1.170E+04 5.138E+00 2.69E-08
10840   1.3907  3.35E-05 7.140E-04 1.396E-02 4.492E-09 5.921E-07 3.771E-02 1.671E-01 2.711E-01 4.488E-01 1.169E+04 5.126E+00 2.70E-08
10860   1.3914  3.36E-05 7.135E-04 1.394E-02 4.475E-09 5.835E-07 3.770E-02 1.670E-01 2.695E-01 4.482E-01 1.167E+04 5.117E+00 2.68E-08
10880   1.3921  3.36E-05 7.130E-04 1.393E-02 4.485E-09 5.755E-07 3.769E-02 1.669E-01 2.693E-01 4.476E-01 1.166E+04 5.112E+00 2.69E-08
10900   1.3927  3.36E-05 7.125E-04 1.391E-02 4.517E-09 5.681E-07 3.767E-02 1.668E-01 2.681E-01 4.468E-01 1.165E+04 5.109E+00 2.71E-08
10920   1.3934  3.37E-05 7.119E-04 1.390E-02 4.508E-09 5.616E-07 3.766E-02 1.667E-01 2.665E-01 4.464E-01 1.164E+04 5.090E+00 2.70E-08
10940   1.3941  3.38E-05 7.114E-04 1.389E-02 4.455E-09 5.559E-07 3.764E-02 1.666E-01 2.650E-01 4.461E-01 1.163E+04 5.049E+00 2.67E-08
10960   1.3948  3.38E-05 7.108E-04 1.387E-02 4.428E-09 5.506E-07 3.763E-02 1.666E-01 2.639E-01 4.458E-01 1.161E+04 5.025E+00 2.66E-08
10980   1.3954  3.39E-05 7.103E-04 1.386E-02 4.458E-09 5.453E-07 3.761E-02 1.665E-01 2.614E-01 4.450E-01 1.160E+04 5.039E+00 2.68E-08
