#--it-----t--------dt-------EEK-------EEM-------EEGW------hrms------urms------brms------umax------bmax------o2m------divu2m----gg2m---
    0   1.0000  4.89E-05 0.000E+00 0.000E+00 0.000E+00 0.000E+00 0.000E+00 0.000E+00 0.000E+00 0.000E+00 0.000E+00 0.000E+00 0.00E+00
   20   1.0010  4.88E-05 2.654E-09 2.443E-04 5.066E-14 1.613E-10 7.285E-05 2.211E-02 3.800E-04 6.370E-02 1.284E-03 5.157E-03 3.04E-13
   40   1.0020  4.86E-05 3.850E-08 4.642E-04 5.813E-13 1.235E-09 2.775E-04 3.047E-02 1.467E-03 9.398E-02 2.100E-02 6.454E-02 3.49E-12
   60   1.0029  4.84E-05 1.581E-07 6.823E-04 1.842E-12 3.451E-09 5.623E-04 3.694E-02 3.076E-03 1.094E-01 1.001E-01 2.266E-01 1.11E-11
   80   1.0039  4.83E-05 4.059E-07 9.286E-04 3.853E-12 6.610E-09 9.010E-04 4.310E-02 4.734E-03 1.217E-01 3.070E-01 4.839E-01 2.31E-11
  100   1.0049  4.81E-05 8.434E-07 1.160E-03 6.728E-12 1.052E-08 1.299E-03 4.817E-02 5.841E-03 1.398E-01 7.449E-01 8.404E-01 4.04E-11
  120   1.0058  4.79E-05 1.526E-06 1.369E-03 1.006E-11 1.500E-08 1.747E-03 5.232E-02 8.610E-03 1.546E-01 1.537E+00 1.287E+00 6.04E-11
  140   1.0068  4.76E-05 2.507E-06 1.581E-03 1.447E-11 1.990E-08 2.239E-03 5.623E-02 1.105E-02 1.661E-01 2.820E+00 1.757E+00 8.68E-11
  160   1.0077  4.74E-05 3.859E-06 1.782E-03 2.022E-11 2.537E-08 2.778E-03 5.971E-02 1.281E-02 1.828E-01 4.727E+00 2.225E+00 1.21E-10
  180   1.0087  4.72E-05 5.699E-06 1.983E-03 2.673E-11 3.158E-08 3.376E-03 6.297E-02 1.579E-02 1.915E-01 7.400E+00 2.804E+00 1.60E-10
  200   1.0096  4.69E-05 8.108E-06 2.165E-03 3.329E-11 3.856E-08 4.027E-03 6.580E-02 1.939E-02 1.871E-01 1.098E+01 3.462E+00 2.00E-10
  220   1.0105  4.69E-05 1.117E-05 2.378E-03 4.035E-11 4.612E-08 4.726E-03 6.897E-02 2.140E-02 1.969E-01 1.564E+01 4.118E+00 2.42E-10
  240   1.0115  4.67E-05 1.502E-05 2.541E-03 4.773E-11 5.419E-08 5.482E-03 7.129E-02 2.424E-02 1.886E-01 2.156E+01 4.848E+00 2.86E-10
  260   1.0124  4.64E-05 1.973E-05 2.735E-03 5.506E-11 6.255E-08 6.282E-03 7.396E-02 2.766E-02 2.008E-01 2.893E+01 5.629E+00 3.30E-10
  280   1.0133  4.60E-05 2.545E-05 2.960E-03 6.475E-11 7.121E-08 7.135E-03 7.694E-02 3.278E-02 2.091E-01 3.798E+01 6.429E+00 3.88E-10
  300   1.0142  4.56E-05 3.216E-05 3.111E-03 7.366E-11 8.025E-08 8.020E-03 7.888E-02 3.829E-02 2.162E-01 4.875E+01 7.184E+00 4.42E-10
  320   1.0152  4.53E-05 3.998E-05 3.305E-03 8.237E-11 8.949E-08 8.943E-03 8.130E-02 4.385E-02 2.272E-01 6.130E+01 8.073E+00 4.94E-10
  340   1.0161  4.51E-05 4.914E-05 3.498E-03 9.358E-11 9.882E-08 9.915E-03 8.364E-02 4.922E-02 2.295E-01 7.587E+01 9.207E+00 5.61E-10
  360   1.0170  4.47E-05 5.968E-05 3.725E-03 1.069E-10 1.083E-07 1.093E-02 8.631E-02 5.365E-02 2.360E-01 9.271E+01 1.028E+01 6.42E-10
  380   1.0179  4.45E-05 7.160E-05 3.892E-03 1.210E-10 1.180E-07 1.197E-02 8.822E-02 5.597E-02 2.480E-01 1.119E+02 1.125E+01 7.26E-10
  400   1.0187  4.41E-05 8.506E-05 4.101E-03 1.340E-10 1.281E-07 1.304E-02 9.056E-02 5.702E-02 2.558E-01 1.336E+02 1.228E+01 8.04E-10
  420   1.0196  4.37E-05 1.001E-04 4.299E-03 1.488E-10 1.383E-07 1.415E-02 9.273E-02 6.563E-02 2.538E-01 1.577E+02 1.371E+01 8.93E-10
  440   1.0205  4.35E-05 1.167E-04 4.406E-03 1.630E-10 1.485E-07 1.528E-02 9.387E-02 7.288E-02 2.501E-01 1.845E+02 1.525E+01 9.78E-10
  460   1.0214  4.34E-05 1.347E-04 4.619E-03 1.778E-10 1.586E-07 1.641E-02 9.611E-02 7.640E-02 2.470E-01 2.140E+02 1.610E+01 1.07E-09
  480   1.0222  4.33E-05 1.544E-04 4.791E-03 1.950E-10 1.688E-07 1.757E-02 9.789E-02 7.652E-02 2.523E-01 2.465E+02 1.687E+01 1.17E-09
  500   1.0231  4.33E-05 1.761E-04 4.966E-03 2.114E-10 1.791E-07 1.877E-02 9.966E-02 7.605E-02 2.612E-01 2.820E+02 1.823E+01 1.27E-09
  520   1.0240  4.33E-05 1.996E-04 5.075E-03 2.275E-10 1.893E-07 1.998E-02 1.008E-01 8.070E-02 2.644E-01 3.201E+02 2.005E+01 1.37E-09
  540   1.0248  4.31E-05 2.251E-04 5.273E-03 2.429E-10 1.993E-07 2.122E-02 1.027E-01 8.606E-02 2.629E-01 3.616E+02 2.147E+01 1.46E-09
  560   1.0257  4.29E-05 2.531E-04 5.468E-03 2.590E-10 2.093E-07 2.250E-02 1.046E-01 8.983E-02 2.888E-01 4.074E+02 2.291E+01 1.55E-09
  580   1.0265  4.28E-05 2.835E-04 5.664E-03 2.754E-10 2.191E-07 2.381E-02 1.064E-01 9.265E-02 3.006E-01 4.568E+02 2.469E+01 1.65E-09
  600   1.0274  4.26E-05 3.160E-04 5.790E-03 2.929E-10 2.288E-07 2.514E-02 1.076E-01 9.503E-02 2.907E-01 5.097E+02 2.678E+01 1.76E-09
  620   1.0282  4.21E-05 3.502E-04 5.934E-03 3.122E-10 2.382E-07 2.646E-02 1.089E-01 9.563E-02 2.967E-01 5.657E+02 2.901E+01 1.87E-09
  640   1.0291  4.17E-05 3.855E-04 6.064E-03 3.304E-10 2.474E-07 2.776E-02 1.101E-01 9.858E-02 2.908E-01 6.245E+02 3.051E+01 1.98E-09
  660   1.0299  4.14E-05 4.223E-04 6.178E-03 3.517E-10 2.563E-07 2.905E-02 1.112E-01 1.029E-01 2.878E-01 6.863E+02 3.173E+01 2.11E-09
  680   1.0307  4.12E-05 4.605E-04 6.274E-03 3.738E-10 2.651E-07 3.034E-02 1.120E-01 1.070E-01 2.847E-01 7.508E+02 3.341E+01 2.24E-09
  700   1.0316  4.10E-05 5.004E-04 6.419E-03 3.962E-10 2.742E-07 3.162E-02 1.133E-01 1.154E-01 2.937E-01 8.184E+02 3.560E+01 2.38E-09
  720   1.0324  4.08E-05 5.419E-04 6.498E-03 4.241E-10 2.836E-07 3.291E-02 1.140E-01 1.233E-01 2.906E-01 8.893E+02 3.777E+01 2.54E-09
  740   1.0332  4.07E-05 5.845E-04 6.605E-03 4.493E-10 2.936E-07 3.418E-02 1.149E-01 1.302E-01 2.990E-01 9.625E+02 3.978E+01 2.70E-09
  760   1.0340  4.05E-05 6.287E-04 6.781E-03 4.743E-10 3.040E-07 3.545E-02 1.165E-01 1.356E-01 3.016E-01 1.040E+03 4.107E+01 2.85E-09
  780   1.0348  4.03E-05 6.742E-04 6.912E-03 4.996E-10 3.148E-07 3.671E-02 1.176E-01 1.410E-01 3.031E-01 1.120E+03 4.255E+01 3.00E-09
  800   1.0356  4.00E-05 7.212E-04 7.034E-03 5.262E-10 3.261E-07 3.796E-02 1.186E-01 1.445E-01 3.098E-01 1.203E+03 4.472E+01 3.16E-09
  820   1.0364  3.98E-05 7.695E-04 7.136E-03 5.510E-10 3.376E-07 3.921E-02 1.195E-01 1.492E-01 2.993E-01 1.291E+03 4.684E+01 3.31E-09
  840   1.0372  3.97E-05 8.193E-04 7.296E-03 5.735E-10 3.493E-07 4.046E-02 1.208E-01 1.553E-01 3.157E-01 1.383E+03 4.863E+01 3.44E-09
  860   1.0380  3.96E-05 8.705E-04 7.400E-03 5.926E-10 3.612E-07 4.170E-02 1.217E-01 1.618E-01 3.064E-01 1.479E+03 5.040E+01 3.56E-09
  880   1.0388  3.92E-05 9.230E-04 7.489E-03 6.106E-10 3.730E-07 4.294E-02 1.224E-01 1.706E-01 3.160E-01 1.580E+03 5.254E+01 3.66E-09
  900   1.0396  3.89E-05 9.758E-04 7.562E-03 6.298E-10 3.846E-07 4.415E-02 1.230E-01 1.795E-01 3.140E-01 1.684E+03 5.461E+01 3.78E-09
  920   1.0403  3.85E-05 1.029E-03 7.689E-03 6.493E-10 3.959E-07 4.534E-02 1.240E-01 1.876E-01 3.160E-01 1.791E+03 5.658E+01 3.90E-09
  940   1.0411  3.83E-05 1.083E-03 7.896E-03 6.599E-10 4.071E-07 4.652E-02 1.257E-01 1.935E-01 3.182E-01 1.902E+03 5.878E+01 3.96E-09
  960   1.0419  3.76E-05 1.138E-03 8.006E-03 6.673E-10 4.179E-07 4.769E-02 1.265E-01 1.969E-01 3.031E-01 2.016E+03 6.158E+01 4.00E-09
  980   1.0426  3.72E-05 1.194E-03 8.066E-03 6.869E-10 4.280E-07 4.884E-02 1.270E-01 1.982E-01 3.077E-01 2.133E+03 6.455E+01 4.12E-09
 1000   1.0434  3.69E-05 1.250E-03 8.157E-03 7.112E-10 4.374E-07 4.997E-02 1.277E-01 1.986E-01 3.119E-01 2.254E+03 6.698E+01 4.27E-09
 1020   1.0441  3.66E-05 1.306E-03 8.240E-03 7.275E-10 4.462E-07 5.107E-02 1.284E-01 1.991E-01 3.307E-01 2.379E+03 6.831E+01 4.37E-09
 1040   1.0448  3.66E-05 1.362E-03 8.394E-03 7.474E-10 4.543E-07 5.215E-02 1.296E-01 1.976E-01 3.217E-01 2.509E+03 6.934E+01 4.48E-09
 1060   1.0456  3.65E-05 1.420E-03 8.493E-03 7.784E-10 4.618E-07 5.325E-02 1.303E-01 1.947E-01 3.252E-01 2.645E+03 7.174E+01 4.67E-09
 1080   1.0463  3.65E-05 1.479E-03 8.571E-03 8.066E-10 4.688E-07 5.435E-02 1.309E-01 1.941E-01 3.475E-01 2.786E+03 7.545E+01 4.84E-09
 1100   1.0470  3.65E-05 1.539E-03 8.644E-03 8.293E-10 4.754E-07 5.543E-02 1.315E-01 1.961E-01 3.445E-01 2.932E+03 7.910E+01 4.98E-09
 1120   1.0477  3.66E-05 1.599E-03 8.742E-03 8.494E-10 4.817E-07 5.650E-02 1.322E-01 2.008E-01 3.418E-01 3.085E+03 8.157E+01 5.10E-09
 1140   1.0485  3.66E-05 1.660E-03 8.739E-03 8.697E-10 4.876E-07 5.755E-02 1.322E-01 2.051E-01 3.304E-01 3.244E+03 8.328E+01 5.22E-09
 1160   1.0492  3.67E-05 1.720E-03 8.872E-03 8.938E-10 4.929E-07 5.859E-02 1.332E-01 2.085E-01 3.333E-01 3.410E+03 8.491E+01 5.36E-09
 1180   1.0499  3.67E-05 1.781E-03 8.870E-03 9.255E-10 4.978E-07 5.961E-02 1.332E-01 2.139E-01 3.368E-01 3.582E+03 8.747E+01 5.55E-09
 1200   1.0507  3.64E-05 1.841E-03 8.903E-03 9.581E-10 5.022E-07 6.062E-02 1.334E-01 2.187E-01 3.366E-01 3.759E+03 9.093E+01 5.75E-09
 1220   1.0514  3.62E-05 1.901E-03 8.999E-03 9.867E-10 5.061E-07 6.160E-02 1.342E-01 2.228E-01 3.489E-01 3.942E+03 9.395E+01 5.92E-09
 1240   1.0521  3.59E-05 1.961E-03 9.101E-03 1.014E-09 5.099E-07 6.257E-02 1.349E-01 2.285E-01 3.439E-01 4.132E+03 9.637E+01 6.09E-09
 1260   1.0528  3.57E-05 2.021E-03 9.218E-03 1.044E-09 5.137E-07 6.352E-02 1.358E-01 2.322E-01 3.572E-01 4.328E+03 9.845E+01 6.26E-09
 1280   1.0536  3.56E-05 2.080E-03 9.270E-03 1.082E-09 5.178E-07 6.444E-02 1.362E-01 2.343E-01 3.772E-01 4.531E+03 1.010E+02 6.49E-09
 1300   1.0543  3.56E-05 2.139E-03 9.305E-03 1.117E-09 5.221E-07 6.535E-02 1.364E-01 2.341E-01 3.917E-01 4.740E+03 1.041E+02 6.70E-09
 1320   1.0550  3.55E-05 2.197E-03 9.347E-03 1.141E-09 5.269E-07 6.622E-02 1.367E-01 2.326E-01 3.807E-01 4.955E+03 1.071E+02 6.85E-09
 1340   1.0557  3.54E-05 2.254E-03 9.494E-03 1.167E-09 5.321E-07 6.707E-02 1.378E-01 2.325E-01 3.883E-01 5.180E+03 1.099E+02 7.00E-09
 1360   1.0564  3.55E-05 2.311E-03 9.515E-03 1.201E-09 5.378E-07 6.790E-02 1.380E-01 2.378E-01 3.893E-01 5.413E+03 1.125E+02 7.20E-09
 1380   1.0571  3.52E-05 2.367E-03 9.571E-03 1.226E-09 5.440E-07 6.871E-02 1.384E-01 2.427E-01 3.969E-01 5.655E+03 1.148E+02 7.36E-09
 1400   1.0578  3.49E-05 2.422E-03 9.642E-03 1.238E-09 5.504E-07 6.951E-02 1.389E-01 2.510E-01 3.906E-01 5.906E+03 1.177E+02 7.43E-09
 1420   1.0585  3.46E-05 2.478E-03 9.749E-03 1.249E-09 5.569E-07 7.030E-02 1.396E-01 2.579E-01 3.960E-01 6.167E+03 1.211E+02 7.49E-09
 1440   1.0592  3.44E-05 2.533E-03 9.866E-03 1.263E-09 5.634E-07 7.108E-02 1.405E-01 2.638E-01 4.074E-01 6.438E+03 1.248E+02 7.58E-09
 1460   1.0599  3.42E-05 2.587E-03 9.886E-03 1.278E-09 5.697E-07 7.183E-02 1.406E-01 2.677E-01 4.156E-01 6.718E+03 1.285E+02 7.67E-09
 1480   1.0606  3.40E-05 2.641E-03 1.006E-02 1.293E-09 5.759E-07 7.257E-02 1.418E-01 2.698E-01 4.275E-01 7.009E+03 1.321E+02 7.76E-09
 1500   1.0612  3.39E-05 2.694E-03 1.011E-02 1.305E-09 5.818E-07 7.329E-02 1.422E-01 2.712E-01 4.334E-01 7.311E+03 1.351E+02 7.83E-09
 1520   1.0619  3.39E-05 2.746E-03 1.012E-02 1.313E-09 5.872E-07 7.400E-02 1.423E-01 2.708E-01 4.425E-01 7.624E+03 1.372E+02 7.88E-09
 1540   1.0626  3.39E-05 2.798E-03 1.027E-02 1.325E-09 5.920E-07 7.469E-02 1.433E-01 2.696E-01 4.252E-01 7.951E+03 1.396E+02 7.95E-09
 1560   1.0633  3.39E-05 2.851E-03 1.036E-02 1.350E-09 5.958E-07 7.539E-02 1.439E-01 2.691E-01 4.236E-01 8.293E+03 1.437E+02 8.10E-09
 1580   1.0639  3.39E-05 2.903E-03 1.042E-02 1.382E-09 5.988E-07 7.607E-02 1.444E-01 2.733E-01 4.029E-01 8.650E+03 1.494E+02 8.29E-09
 1600   1.0646  3.39E-05 2.954E-03 1.043E-02 1.414E-09 6.010E-07 7.674E-02 1.444E-01 2.813E-01 4.138E-01 9.020E+03 1.554E+02 8.48E-09
 1620   1.0653  3.38E-05 3.003E-03 1.053E-02 1.452E-09 6.026E-07 7.737E-02 1.451E-01 2.883E-01 4.164E-01 9.403E+03 1.603E+02 8.71E-09
 1640   1.0660  3.38E-05 3.052E-03 1.061E-02 1.492E-09 6.037E-07 7.799E-02 1.457E-01 2.927E-01 4.254E-01 9.804E+03 1.633E+02 8.95E-09
 1660   1.0667  3.39E-05 3.099E-03 1.072E-02 1.520E-09 6.046E-07 7.859E-02 1.464E-01 2.931E-01 4.114E-01 1.022E+04 1.652E+02 9.12E-09
 1680   1.0673  3.37E-05 3.147E-03 1.077E-02 1.543E-09 6.055E-07 7.918E-02 1.468E-01 2.940E-01 4.265E-01 1.066E+04 1.684E+02 9.26E-09
 1700   1.0680  3.35E-05 3.194E-03 1.090E-02 1.577E-09 6.065E-07 7.978E-02 1.477E-01 3.003E-01 4.581E-01 1.111E+04 1.725E+02 9.46E-09
 1720   1.0687  3.33E-05 3.241E-03 1.097E-02 1.623E-09 6.076E-07 8.036E-02 1.481E-01 3.039E-01 4.512E-01 1.158E+04 1.773E+02 9.74E-09
 1740   1.0693  3.31E-05 3.288E-03 1.101E-02 1.662E-09 6.091E-07 8.094E-02 1.484E-01 3.038E-01 4.492E-01 1.208E+04 1.825E+02 9.97E-09
 1760   1.0700  3.29E-05 3.334E-03 1.114E-02 1.677E-09 6.109E-07 8.150E-02 1.493E-01 3.019E-01 4.467E-01 1.258E+04 1.878E+02 1.01E-08
 1780   1.0707  3.27E-05 3.380E-03 1.120E-02 1.681E-09 6.130E-07 8.206E-02 1.496E-01 3.043E-01 4.578E-01 1.311E+04 1.926E+02 1.01E-08
 1800   1.0713  3.23E-05 3.424E-03 1.127E-02 1.699E-09 6.151E-07 8.260E-02 1.501E-01 3.089E-01 4.546E-01 1.365E+04 1.973E+02 1.02E-08
 1820   1.0719  3.18E-05 3.468E-03 1.127E-02 1.727E-09 6.171E-07 8.312E-02 1.502E-01 3.190E-01 4.644E-01 1.421E+04 2.019E+02 1.04E-08
 1840   1.0726  3.13E-05 3.510E-03 1.131E-02 1.744E-09 6.191E-07 8.362E-02 1.504E-01 3.308E-01 4.739E-01 1.478E+04 2.059E+02 1.05E-08
 1860   1.0732  3.06E-05 3.550E-03 1.138E-02 1.750E-09 6.210E-07 8.409E-02 1.509E-01 3.492E-01 4.701E-01 1.536E+04 2.098E+02 1.05E-08
 1880   1.0738  3.02E-05 3.590E-03 1.144E-02 1.759E-09 6.229E-07 8.456E-02 1.513E-01 3.611E-01 4.549E-01 1.594E+04 2.139E+02 1.06E-08
 1900   1.0744  2.98E-05 3.628E-03 1.152E-02 1.775E-09 6.246E-07 8.500E-02 1.518E-01 3.732E-01 4.620E-01 1.654E+04 2.195E+02 1.06E-08
 1920   1.0750  2.96E-05 3.666E-03 1.159E-02 1.794E-09 6.261E-07 8.545E-02 1.523E-01 3.779E-01 4.553E-01 1.715E+04 2.252E+02 1.08E-08
 1940   1.0756  2.97E-05 3.705E-03 1.168E-02 1.811E-09 6.273E-07 8.589E-02 1.528E-01 3.743E-01 4.546E-01 1.779E+04 2.300E+02 1.09E-08
 1960   1.0762  2.99E-05 3.743E-03 1.179E-02 1.840E-09 6.282E-07 8.633E-02 1.535E-01 3.642E-01 4.719E-01 1.844E+04 2.350E+02 1.10E-08
 1980   1.0768  3.03E-05 3.783E-03 1.181E-02 1.882E-09 6.289E-07 8.678E-02 1.537E-01 3.596E-01 4.754E-01 1.913E+04 2.399E+02 1.13E-08
 2000   1.0774  3.04E-05 3.821E-03 1.191E-02 1.921E-09 6.295E-07 8.723E-02 1.543E-01 3.650E-01 4.850E-01 1.985E+04 2.449E+02 1.15E-08
 2020   1.0780  3.05E-05 3.860E-03 1.194E-02 1.946E-09 6.299E-07 8.767E-02 1.545E-01 3.670E-01 4.911E-01 2.059E+04 2.508E+02 1.17E-08
 2040   1.0786  3.05E-05 3.899E-03 1.199E-02 1.970E-09 6.301E-07 8.811E-02 1.548E-01 3.687E-01 4.943E-01 2.135E+04 2.563E+02 1.18E-08
 2060   1.0792  3.03E-05 3.936E-03 1.202E-02 2.004E-09 6.302E-07 8.853E-02 1.550E-01 3.764E-01 5.059E-01 2.213E+04 2.622E+02 1.20E-08
 2080   1.0798  3.02E-05 3.973E-03 1.207E-02 2.041E-09 6.302E-07 8.895E-02 1.554E-01 3.800E-01 5.103E-01 2.293E+04 2.679E+02 1.22E-08
 2100   1.0804  3.00E-05 4.010E-03 1.214E-02 2.076E-09 6.304E-07 8.936E-02 1.558E-01 3.811E-01 5.079E-01 2.375E+04 2.733E+02 1.25E-08
 2120   1.0810  2.99E-05 4.048E-03 1.223E-02 2.114E-09 6.307E-07 8.977E-02 1.564E-01 3.793E-01 5.103E-01 2.459E+04 2.787E+02 1.27E-08
 2140   1.0816  2.98E-05 4.085E-03 1.232E-02 2.158E-09 6.313E-07 9.018E-02 1.570E-01 3.735E-01 4.999E-01 2.545E+04 2.845E+02 1.29E-08
 2160   1.0822  2.99E-05 4.123E-03 1.243E-02 2.198E-09 6.323E-07 9.059E-02 1.577E-01 3.650E-01 5.158E-01 2.634E+04 2.897E+02 1.32E-08
 2180   1.0828  2.99E-05 4.162E-03 1.250E-02 2.223E-09 6.340E-07 9.101E-02 1.581E-01 3.601E-01 5.215E-01 2.724E+04 2.951E+02 1.33E-08
 2200   1.0834  2.99E-05 4.200E-03 1.252E-02 2.241E-09 6.362E-07 9.143E-02 1.583E-01 3.555E-01 5.164E-01 2.817E+04 3.018E+02 1.34E-08
 2220   1.0840  3.00E-05 4.239E-03 1.257E-02 2.264E-09 6.389E-07 9.185E-02 1.586E-01 3.553E-01 5.229E-01 2.911E+04 3.094E+02 1.36E-08
 2240   1.0846  3.02E-05 4.278E-03 1.266E-02 2.289E-09 6.419E-07 9.226E-02 1.591E-01 3.596E-01 5.414E-01 3.007E+04 3.174E+02 1.37E-08
 2260   1.0852  3.06E-05 4.317E-03 1.276E-02 2.304E-09 6.454E-07 9.267E-02 1.597E-01 3.698E-01 5.258E-01 3.108E+04 3.240E+02 1.38E-08
 2280   1.0858  3.05E-05 4.354E-03 1.278E-02 2.312E-09 6.492E-07 9.308E-02 1.599E-01 3.820E-01 5.222E-01 3.211E+04 3.300E+02 1.39E-08
 2300   1.0865  3.02E-05 4.391E-03 1.286E-02 2.329E-09 6.531E-07 9.347E-02 1.604E-01 3.836E-01 5.317E-01 3.316E+04 3.357E+02 1.40E-08
 2320   1.0871  2.99E-05 4.428E-03 1.288E-02 2.358E-09 6.570E-07 9.386E-02 1.605E-01 3.947E-01 5.346E-01 3.423E+04 3.421E+02 1.41E-08
 2340   1.0877  2.99E-05 4.465E-03 1.296E-02 2.383E-09 6.609E-07 9.425E-02 1.610E-01 3.983E-01 5.558E-01 3.531E+04 3.494E+02 1.43E-08
 2360   1.0883  3.00E-05 4.503E-03 1.306E-02 2.393E-09 6.650E-07 9.465E-02 1.616E-01 3.973E-01 5.599E-01 3.641E+04 3.571E+02 1.44E-08
 2380   1.0889  3.01E-05 4.540E-03 1.309E-02 2.391E-09 6.691E-07 9.505E-02 1.618E-01 3.917E-01 5.611E-01 3.753E+04 3.648E+02 1.43E-08
 2400   1.0895  3.04E-05 4.577E-03 1.319E-02 2.390E-09 6.731E-07 9.543E-02 1.624E-01 3.770E-01 5.761E-01 3.868E+04 3.729E+02 1.43E-08
 2420   1.0901  3.04E-05 4.613E-03 1.328E-02 2.400E-09 6.769E-07 9.581E-02 1.630E-01 3.829E-01 5.647E-01 3.984E+04 3.812E+02 1.44E-08
 2440   1.0907  3.02E-05 4.648E-03 1.332E-02 2.425E-09 6.803E-07 9.617E-02 1.632E-01 3.873E-01 5.746E-01 4.102E+04 3.899E+02 1.45E-08
 2460   1.0913  3.02E-05 4.682E-03 1.339E-02 2.451E-09 6.834E-07 9.651E-02 1.637E-01 3.841E-01 5.742E-01 4.220E+04 3.982E+02 1.47E-08
 2480   1.0919  3.00E-05 4.714E-03 1.344E-02 2.470E-09 6.861E-07 9.684E-02 1.640E-01 3.915E-01 5.678E-01 4.338E+04 4.056E+02 1.48E-08
 2500   1.0925  2.98E-05 4.746E-03 1.356E-02 2.485E-09 6.884E-07 9.717E-02 1.647E-01 3.920E-01 5.835E-01 4.459E+04 4.126E+02 1.49E-08
 2520   1.0931  2.96E-05 4.779E-03 1.363E-02 2.512E-09 6.903E-07 9.749E-02 1.651E-01 3.874E-01 6.088E-01 4.580E+04 4.207E+02 1.51E-08
 2540   1.0937  2.94E-05 4.811E-03 1.368E-02 2.546E-09 6.918E-07 9.782E-02 1.654E-01 3.965E-01 6.235E-01 4.702E+04 4.292E+02 1.53E-08
 2560   1.0942  2.95E-05 4.842E-03 1.372E-02 2.578E-09 6.931E-07 9.813E-02 1.656E-01 4.049E-01 6.210E-01 4.824E+04 4.385E+02 1.55E-08
 2580   1.0948  2.93E-05 4.873E-03 1.376E-02 2.606E-09 6.941E-07 9.845E-02 1.659E-01 4.030E-01 6.357E-01 4.948E+04 4.469E+02 1.56E-08
 2600   1.0954  2.91E-05 4.903E-03 1.380E-02 2.641E-09 6.950E-07 9.875E-02 1.662E-01 3.974E-01 6.523E-01 5.074E+04 4.559E+02 1.58E-08
 2620   1.0960  2.91E-05 4.934E-03 1.390E-02 2.686E-09 6.959E-07 9.906E-02 1.667E-01 3.944E-01 6.639E-01 5.201E+04 4.664E+02 1.61E-08
 2640   1.0966  2.91E-05 4.965E-03 1.397E-02 2.736E-09 6.968E-07 9.937E-02 1.672E-01 4.202E-01 6.467E-01 5.329E+04 4.773E+02 1.64E-08
 2660   1.0972  2.95E-05 4.996E-03 1.407E-02 2.779E-09 6.979E-07 9.968E-02 1.677E-01 4.566E-01 6.438E-01 5.459E+04 4.894E+02 1.67E-08
 2680   1.0978  2.95E-05 5.027E-03 1.419E-02 2.805E-09 6.994E-07 9.999E-02 1.684E-01 4.785E-01 6.390E-01 5.591E+04 5.002E+02 1.68E-08
 2700   1.0983  2.96E-05 5.057E-03 1.424E-02 2.823E-09 7.012E-07 1.003E-01 1.688E-01 4.845E-01 6.432E-01 5.725E+04 5.115E+02 1.69E-08
 2720   1.0989  2.98E-05 5.086E-03 1.432E-02 2.850E-09 7.034E-07 1.006E-01 1.693E-01 4.740E-01 6.269E-01 5.858E+04 5.180E+02 1.71E-08
 2740   1.0995  2.98E-05 5.114E-03 1.441E-02 2.883E-09 7.061E-07 1.008E-01 1.698E-01 4.555E-01 6.254E-01 5.994E+04 5.248E+02 1.73E-08
 2760   1.1001  2.93E-05 5.142E-03 1.440E-02 2.911E-09 7.093E-07 1.011E-01 1.697E-01 4.416E-01 6.640E-01 6.129E+04 5.347E+02 1.75E-08
 2780   1.1007  2.89E-05 5.170E-03 1.431E-02 2.924E-09 7.129E-07 1.014E-01 1.692E-01 4.254E-01 7.031E-01 6.261E+04 5.372E+02 1.75E-08
 2800   1.1013  2.88E-05 5.195E-03 1.422E-02 2.926E-09 7.169E-07 1.016E-01 1.686E-01 4.252E-01 7.243E-01 6.388E+04 5.369E+02 1.76E-08
 2820   1.1019  2.86E-05 5.219E-03 1.413E-02 2.927E-09 7.210E-07 1.018E-01 1.681E-01 4.267E-01 7.396E-01 6.512E+04 5.348E+02 1.76E-08
 2840   1.1024  2.86E-05 5.241E-03 1.405E-02 2.927E-09 7.253E-07 1.021E-01 1.676E-01 4.258E-01 7.450E-01 6.635E+04 5.319E+02 1.76E-08
 2860   1.1030  2.87E-05 5.262E-03 1.397E-02 2.914E-09 7.297E-07 1.023E-01 1.671E-01 4.205E-01 7.436E-01 6.757E+04 5.301E+02 1.75E-08
 2880   1.1036  2.88E-05 5.282E-03 1.388E-02 2.895E-09 7.339E-07 1.025E-01 1.666E-01 4.125E-01 7.414E-01 6.880E+04 5.308E+02 1.74E-08
 2900   1.1042  2.90E-05 5.300E-03 1.381E-02 2.884E-09 7.381E-07 1.026E-01 1.662E-01 4.116E-01 7.304E-01 7.004E+04 5.314E+02 1.73E-08
 2920   1.1047  2.90E-05 5.316E-03 1.373E-02 2.887E-09 7.419E-07 1.028E-01 1.657E-01 4.187E-01 7.185E-01 7.127E+04 5.311E+02 1.73E-08
 2940   1.1053  2.92E-05 5.330E-03 1.365E-02 2.898E-09 7.454E-07 1.029E-01 1.652E-01 4.279E-01 7.100E-01 7.251E+04 5.314E+02 1.74E-08
 2960   1.1059  2.95E-05 5.342E-03 1.358E-02 2.902E-09 7.486E-07 1.030E-01 1.648E-01 4.343E-01 7.017E-01 7.375E+04 5.306E+02 1.74E-08
 2980   1.1065  2.93E-05 5.351E-03 1.350E-02 2.898E-09 7.515E-07 1.031E-01 1.643E-01 4.476E-01 6.835E-01 7.498E+04 5.272E+02 1.74E-08
 3000   1.1071  2.96E-05 5.358E-03 1.343E-02 2.892E-09 7.540E-07 1.032E-01 1.639E-01 4.579E-01 6.626E-01 7.620E+04 5.240E+02 1.74E-08
 3020   1.1077  2.95E-05 5.363E-03 1.335E-02 2.880E-09 7.561E-07 1.032E-01 1.634E-01 4.608E-01 6.466E-01 7.742E+04 5.209E+02 1.73E-08
 3040   1.1083  2.95E-05 5.368E-03 1.328E-02 2.851E-09 7.575E-07 1.033E-01 1.630E-01 4.596E-01 6.448E-01 7.862E+04 5.194E+02 1.71E-08
 3060   1.1089  2.94E-05 5.370E-03 1.320E-02 2.819E-09 7.582E-07 1.033E-01 1.625E-01 4.518E-01 6.499E-01 7.979E+04 5.192E+02 1.69E-08
 3080   1.1094  2.92E-05 5.372E-03 1.313E-02 2.809E-09 7.580E-07 1.033E-01 1.621E-01 4.482E-01 6.499E-01 8.094E+04 5.208E+02 1.69E-08
 3100   1.1100  2.93E-05 5.371E-03 1.306E-02 2.830E-09 7.568E-07 1.033E-01 1.616E-01 4.473E-01 6.477E-01 8.206E+04 5.217E+02 1.70E-08
 3120   1.1106  2.94E-05 5.367E-03 1.300E-02 2.864E-09 7.548E-07 1.033E-01 1.612E-01 4.331E-01 6.442E-01 8.317E+04 5.202E+02 1.72E-08
 3140   1.1112  2.93E-05 5.361E-03 1.293E-02 2.890E-09 7.521E-07 1.032E-01 1.608E-01 4.322E-01 6.300E-01 8.427E+04 5.181E+02 1.73E-08
 3160   1.1118  2.90E-05 5.353E-03 1.286E-02 2.911E-09 7.489E-07 1.031E-01 1.604E-01 4.350E-01 6.149E-01 8.533E+04 5.151E+02 1.75E-08
 3180   1.1124  2.91E-05 5.342E-03 1.280E-02 2.940E-09 7.452E-07 1.030E-01 1.600E-01 4.290E-01 6.086E-01 8.637E+04 5.129E+02 1.76E-08
 3200   1.1129  2.91E-05 5.331E-03 1.274E-02 2.981E-09 7.413E-07 1.029E-01 1.596E-01 4.291E-01 6.024E-01 8.740E+04 5.104E+02 1.79E-08
 3220   1.1135  2.90E-05 5.318E-03 1.268E-02 3.022E-09 7.373E-07 1.028E-01 1.592E-01 4.317E-01 5.936E-01 8.840E+04 5.087E+02 1.81E-08
 3240   1.1141  2.91E-05 5.304E-03 1.262E-02 3.054E-09 7.335E-07 1.026E-01 1.589E-01 4.277E-01 5.858E-01 8.937E+04 5.081E+02 1.83E-08
 3260   1.1147  2.93E-05 5.288E-03 1.256E-02 3.071E-09 7.299E-07 1.025E-01 1.585E-01 4.291E-01 5.931E-01 9.033E+04 5.073E+02 1.84E-08
 3280   1.1153  2.94E-05 5.272E-03 1.250E-02 3.070E-09 7.267E-07 1.023E-01 1.581E-01 4.255E-01 6.025E-01 9.126E+04 5.059E+02 1.84E-08
 3300   1.1159  2.94E-05 5.254E-03 1.244E-02 3.058E-09 7.238E-07 1.022E-01 1.577E-01 4.293E-01 6.113E-01 9.216E+04 5.044E+02 1.83E-08
 3320   1.1165  2.94E-05 5.234E-03 1.238E-02 3.045E-09 7.211E-07 1.020E-01 1.574E-01 4.354E-01 6.172E-01 9.302E+04 5.046E+02 1.83E-08
 3340   1.1170  2.92E-05 5.214E-03 1.232E-02 3.036E-09 7.186E-07 1.018E-01 1.570E-01 4.342E-01 6.211E-01 9.385E+04 5.035E+02 1.82E-08
 3360   1.1176  2.92E-05 5.192E-03 1.227E-02 3.026E-09 7.160E-07 1.016E-01 1.566E-01 4.201E-01 6.291E-01 9.464E+04 5.015E+02 1.82E-08
 3380   1.1182  2.94E-05 5.169E-03 1.221E-02 3.017E-09 7.133E-07 1.014E-01 1.563E-01 4.216E-01 6.315E-01 9.540E+04 5.003E+02 1.81E-08
 3400   1.1188  2.93E-05 5.145E-03 1.215E-02 3.019E-09 7.104E-07 1.011E-01 1.559E-01 4.258E-01 6.310E-01 9.613E+04 4.978E+02 1.81E-08
 3420   1.1194  2.93E-05 5.120E-03 1.210E-02 3.042E-09 7.073E-07 1.009E-01 1.555E-01 4.224E-01 6.272E-01 9.681E+04 4.958E+02 1.83E-08
 3440   1.1200  2.91E-05 5.095E-03 1.204E-02 3.080E-09 7.042E-07 1.006E-01 1.552E-01 4.311E-01 6.199E-01 9.746E+04 4.946E+02 1.85E-08
 3460   1.1206  2.91E-05 5.069E-03 1.199E-02 3.119E-09 7.012E-07 1.004E-01 1.548E-01 4.357E-01 6.151E-01 9.807E+04 4.947E+02 1.87E-08
 3480   1.1211  2.89E-05 5.042E-03 1.193E-02 3.145E-09 6.986E-07 1.001E-01 1.545E-01 4.356E-01 6.120E-01 9.864E+04 4.956E+02 1.89E-08
 3500   1.1217  2.88E-05 5.015E-03 1.188E-02 3.152E-09 6.965E-07 9.981E-02 1.541E-01 4.291E-01 6.044E-01 9.918E+04 4.951E+02 1.89E-08
 3520   1.1223  2.87E-05 4.986E-03 1.183E-02 3.141E-09 6.950E-07 9.953E-02 1.538E-01 4.224E-01 5.977E-01 9.968E+04 4.928E+02 1.88E-08
 3540   1.1229  2.86E-05 4.957E-03 1.178E-02 3.119E-09 6.941E-07 9.923E-02 1.535E-01 4.155E-01 5.925E-01 1.001E+05 4.896E+02 1.87E-08
 3560   1.1234  2.86E-05 4.927E-03 1.172E-02 3.100E-09 6.935E-07 9.893E-02 1.531E-01 4.065E-01 5.935E-01 1.006E+05 4.879E+02 1.86E-08
 3580   1.1240  2.88E-05 4.897E-03 1.167E-02 3.097E-09 6.932E-07 9.862E-02 1.528E-01 4.024E-01 5.938E-01 1.010E+05 4.884E+02 1.86E-08
 3600   1.1246  2.89E-05 4.866E-03 1.162E-02 3.112E-09 6.932E-07 9.831E-02 1.525E-01 4.035E-01 5.913E-01 1.013E+05 4.889E+02 1.87E-08
 3620   1.1252  2.90E-05 4.834E-03 1.157E-02 3.126E-09 6.935E-07 9.798E-02 1.521E-01 4.098E-01 5.958E-01 1.016E+05 4.885E+02 1.88E-08
 3640   1.1257  2.90E-05 4.801E-03 1.152E-02 3.117E-09 6.941E-07 9.764E-02 1.518E-01 4.253E-01 6.067E-01 1.019E+05 4.866E+02 1.87E-08
 3660   1.1263  2.89E-05 4.767E-03 1.147E-02 3.086E-09 6.951E-07 9.730E-02 1.514E-01 4.344E-01 6.112E-01 1.022E+05 4.834E+02 1.85E-08
 3680   1.1269  2.89E-05 4.733E-03 1.141E-02 3.054E-09 6.962E-07 9.695E-02 1.511E-01 4.327E-01 6.115E-01 1.024E+05 4.797E+02 1.83E-08
 3700   1.1275  2.89E-05 4.700E-03 1.136E-02 3.036E-09 6.974E-07 9.660E-02 1.507E-01 4.364E-01 6.079E-01 1.025E+05 4.764E+02 1.82E-08
 3720   1.1281  2.88E-05 4.667E-03 1.131E-02 3.023E-09 6.985E-07 9.626E-02 1.504E-01 4.404E-01 6.069E-01 1.027E+05 4.755E+02 1.81E-08
 3740   1.1286  2.87E-05 4.634E-03 1.126E-02 2.998E-09 6.995E-07 9.593E-02 1.501E-01 4.433E-01 6.050E-01 1.028E+05 4.765E+02 1.80E-08
 3760   1.1292  2.87E-05 4.602E-03 1.121E-02 2.969E-09 7.002E-07 9.560E-02 1.497E-01 4.431E-01 6.020E-01 1.028E+05 4.783E+02 1.78E-08
 3780   1.1298  2.86E-05 4.570E-03 1.116E-02 2.955E-09 7.006E-07 9.527E-02 1.494E-01 4.389E-01 5.980E-01 1.028E+05 4.796E+02 1.77E-08
 3800   1.1303  2.88E-05 4.536E-03 1.111E-02 2.960E-09 7.006E-07 9.492E-02 1.491E-01 4.274E-01 5.952E-01 1.028E+05 4.791E+02 1.78E-08
 3820   1.1309  2.89E-05 4.502E-03 1.106E-02 2.964E-09 7.001E-07 9.456E-02 1.487E-01 4.258E-01 5.884E-01 1.028E+05 4.762E+02 1.78E-08
 3840   1.1315  2.91E-05 4.466E-03 1.101E-02 2.948E-09 6.993E-07 9.419E-02 1.484E-01 4.271E-01 5.865E-01 1.027E+05 4.721E+02 1.77E-08
 3860   1.1321  2.91E-05 4.430E-03 1.096E-02 2.920E-09 6.980E-07 9.382E-02 1.480E-01 4.249E-01 5.900E-01 1.026E+05 4.686E+02 1.75E-08
 3880   1.1327  2.92E-05 4.395E-03 1.091E-02 2.906E-09 6.961E-07 9.345E-02 1.477E-01 4.148E-01 5.963E-01 1.025E+05 4.678E+02 1.74E-08
 3900   1.1333  2.92E-05 4.360E-03 1.086E-02 2.915E-09 6.936E-07 9.308E-02 1.474E-01 4.089E-01 6.067E-01 1.023E+05 4.692E+02 1.75E-08
 3920   1.1338  2.89E-05 4.325E-03 1.081E-02 2.932E-09 6.905E-07 9.271E-02 1.470E-01 4.117E-01 6.172E-01 1.021E+05 4.701E+02 1.76E-08
 3940   1.1344  2.88E-05 4.290E-03 1.076E-02 2.939E-09 6.871E-07 9.234E-02 1.467E-01 4.131E-01 6.269E-01 1.019E+05 4.698E+02 1.76E-08
 3960   1.1350  2.87E-05 4.255E-03 1.071E-02 2.938E-09 6.832E-07 9.196E-02 1.464E-01 4.145E-01 6.325E-01 1.017E+05 4.694E+02 1.76E-08
 3980   1.1356  2.86E-05 4.219E-03 1.066E-02 2.937E-09 6.791E-07 9.157E-02 1.460E-01 4.173E-01 6.288E-01 1.014E+05 4.678E+02 1.76E-08
 4000   1.1361  2.85E-05 4.183E-03 1.061E-02 2.947E-09 6.746E-07 9.118E-02 1.457E-01 4.184E-01 6.245E-01 1.011E+05 4.653E+02 1.77E-08
 4020   1.1367  2.85E-05 4.147E-03 1.056E-02 2.966E-09 6.698E-07 9.078E-02 1.454E-01 4.186E-01 6.168E-01 1.008E+05 4.623E+02 1.78E-08
 4040   1.1373  2.85E-05 4.112E-03 1.052E-02 2.989E-09 6.649E-07 9.039E-02 1.450E-01 4.191E-01 6.090E-01 1.004E+05 4.600E+02 1.79E-08
 4060   1.1378  2.85E-05 4.077E-03 1.047E-02 3.005E-09 6.599E-07 9.000E-02 1.447E-01 4.192E-01 5.954E-01 1.001E+05 4.596E+02 1.80E-08
 4080   1.1384  2.85E-05 4.043E-03 1.042E-02 3.012E-09 6.550E-07 8.963E-02 1.444E-01 4.176E-01 5.819E-01 9.968E+04 4.598E+02 1.81E-08
 4100   1.1390  2.84E-05 4.010E-03 1.037E-02 3.009E-09 6.502E-07 8.925E-02 1.440E-01 4.113E-01 5.799E-01 9.928E+04 4.604E+02 1.81E-08
 4120   1.1396  2.84E-05 3.976E-03 1.033E-02 2.996E-09 6.456E-07 8.888E-02 1.437E-01 4.053E-01 5.834E-01 9.886E+04 4.594E+02 1.80E-08
 4140   1.1401  2.84E-05 3.942E-03 1.028E-02 2.982E-09 6.409E-07 8.851E-02 1.434E-01 4.008E-01 5.828E-01 9.842E+04 4.579E+02 1.79E-08
 4160   1.1407  2.86E-05 3.909E-03 1.023E-02 2.980E-09 6.361E-07 8.813E-02 1.431E-01 4.018E-01 5.778E-01 9.796E+04 4.570E+02 1.79E-08
 4180   1.1413  2.88E-05 3.875E-03 1.019E-02 2.994E-09 6.313E-07 8.776E-02 1.427E-01 4.058E-01 5.799E-01 9.748E+04 4.561E+02 1.80E-08
 4200   1.1418  2.88E-05 3.842E-03 1.014E-02 3.014E-09 6.264E-07 8.738E-02 1.424E-01 4.069E-01 5.833E-01 9.698E+04 4.555E+02 1.81E-08
 4220   1.1424  2.88E-05 3.809E-03 1.009E-02 3.029E-09 6.216E-07 8.700E-02 1.421E-01 4.067E-01 5.847E-01 9.647E+04 4.557E+02 1.82E-08
 4240   1.1430  2.87E-05 3.775E-03 1.005E-02 3.045E-09 6.171E-07 8.661E-02 1.417E-01 4.089E-01 5.813E-01 9.594E+04 4.556E+02 1.83E-08
 4260   1.1436  2.88E-05 3.741E-03 9.998E-03 3.078E-09 6.128E-07 8.622E-02 1.414E-01 4.092E-01 5.800E-01 9.541E+04 4.543E+02 1.85E-08
 4280   1.1441  2.86E-05 3.708E-03 9.951E-03 3.122E-09 6.092E-07 8.583E-02 1.411E-01 4.169E-01 5.739E-01 9.486E+04 4.508E+02 1.87E-08
 4300   1.1447  2.86E-05 3.675E-03 9.904E-03 3.151E-09 6.064E-07 8.545E-02 1.407E-01 4.172E-01 5.678E-01 9.431E+04 4.469E+02 1.89E-08
 4320   1.1453  2.87E-05 3.643E-03 9.857E-03 3.147E-09 6.047E-07 8.507E-02 1.404E-01 4.109E-01 5.680E-01 9.375E+04 4.459E+02 1.89E-08
 4340   1.1459  2.89E-05 3.612E-03 9.810E-03 3.118E-09 6.039E-07 8.471E-02 1.401E-01 4.039E-01 5.838E-01 9.317E+04 4.478E+02 1.87E-08
 4360   1.1464  2.90E-05 3.581E-03 9.762E-03 3.094E-09 6.040E-07 8.435E-02 1.397E-01 3.999E-01 5.933E-01 9.259E+04 4.499E+02 1.86E-08
 4380   1.1470  2.89E-05 3.550E-03 9.715E-03 3.088E-09 6.049E-07 8.399E-02 1.394E-01 4.054E-01 5.969E-01 9.199E+04 4.503E+02 1.85E-08
 4400   1.1476  2.90E-05 3.519E-03 9.668E-03 3.091E-09 6.064E-07 8.362E-02 1.391E-01 4.036E-01 5.902E-01 9.138E+04 4.488E+02 1.85E-08
 4420   1.1482  2.90E-05 3.488E-03 9.622E-03 3.090E-09 6.086E-07 8.325E-02 1.387E-01 4.020E-01 5.820E-01 9.077E+04 4.460E+02 1.85E-08
 4440   1.1488  2.91E-05 3.457E-03 9.576E-03 3.088E-09 6.114E-07 8.288E-02 1.384E-01 3.974E-01 5.765E-01 9.014E+04 4.446E+02 1.85E-08
 4460   1.1493  2.91E-05 3.426E-03 9.530E-03 3.091E-09 6.148E-07 8.251E-02 1.381E-01 3.961E-01 5.742E-01 8.951E+04 4.442E+02 1.85E-08
 4480   1.1499  2.93E-05 3.395E-03 9.484E-03 3.095E-09 6.188E-07 8.214E-02 1.377E-01 3.923E-01 5.777E-01 8.886E+04 4.424E+02 1.86E-08
 4500   1.1505  2.95E-05 3.365E-03 9.438E-03 3.091E-09 6.235E-07 8.178E-02 1.374E-01 3.867E-01 5.786E-01 8.820E+04 4.407E+02 1.85E-08
 4520   1.1511  2.98E-05 3.335E-03 9.392E-03 3.074E-09 6.288E-07 8.142E-02 1.371E-01 3.765E-01 5.767E-01 8.753E+04 4.411E+02 1.84E-08
 4540   1.1517  3.02E-05 3.306E-03 9.345E-03 3.050E-09 6.346E-07 8.106E-02 1.367E-01 3.641E-01 5.676E-01 8.685E+04 4.416E+02 1.83E-08
 4560   1.1523  3.05E-05 3.276E-03 9.298E-03 3.021E-09 6.408E-07 8.070E-02 1.364E-01 3.544E-01 5.579E-01 8.615E+04 4.408E+02 1.81E-08
 4580   1.1529  3.05E-05 3.247E-03 9.251E-03 2.989E-09 6.471E-07 8.034E-02 1.360E-01 3.511E-01 5.495E-01 8.544E+04 4.398E+02 1.79E-08
 4600   1.1535  3.06E-05 3.217E-03 9.204E-03 2.956E-09 6.533E-07 7.998E-02 1.357E-01 3.574E-01 5.428E-01 8.473E+04 4.393E+02 1.77E-08
 4620   1.1541  3.05E-05 3.188E-03 9.157E-03 2.925E-09 6.591E-07 7.961E-02 1.353E-01 3.600E-01 5.390E-01 8.402E+04 4.392E+02 1.76E-08
 4640   1.1548  3.09E-05 3.159E-03 9.111E-03 2.905E-09 6.643E-07 7.924E-02 1.350E-01 3.512E-01 5.325E-01 8.330E+04 4.377E+02 1.74E-08
 4660   1.1554  3.09E-05 3.129E-03 9.064E-03 2.903E-09 6.688E-07 7.886E-02 1.346E-01 3.564E-01 5.318E-01 8.257E+04 4.359E+02 1.74E-08
 4680   1.1560  3.09E-05 3.101E-03 9.017E-03 2.920E-09 6.724E-07 7.849E-02 1.343E-01 3.577E-01 5.313E-01 8.184E+04 4.347E+02 1.75E-08
 4700   1.1566  3.10E-05 3.072E-03 8.971E-03 2.944E-09 6.752E-07 7.813E-02 1.339E-01 3.532E-01 5.339E-01 8.112E+04 4.335E+02 1.77E-08
 4720   1.1572  3.08E-05 3.045E-03 8.925E-03 2.960E-09 6.774E-07 7.777E-02 1.336E-01 3.575E-01 5.339E-01 8.039E+04 4.322E+02 1.78E-08
 4740   1.1578  3.10E-05 3.017E-03 8.880E-03 2.961E-09 6.790E-07 7.742E-02 1.333E-01 3.553E-01 5.312E-01 7.967E+04 4.327E+02 1.78E-08
 4760   1.1585  3.07E-05 2.991E-03 8.835E-03 2.953E-09 6.801E-07 7.708E-02 1.329E-01 3.505E-01 5.261E-01 7.895E+04 4.319E+02 1.77E-08
 4780   1.1591  3.03E-05 2.965E-03 8.790E-03 2.951E-09 6.804E-07 7.674E-02 1.326E-01 3.659E-01 5.223E-01 7.824E+04 4.306E+02 1.77E-08
 4800   1.1597  3.01E-05 2.939E-03 8.746E-03 2.961E-09 6.801E-07 7.641E-02 1.323E-01 3.719E-01 5.208E-01 7.755E+04 4.303E+02 1.78E-08
 4820   1.1603  3.02E-05 2.914E-03 8.702E-03 2.978E-09 6.792E-07 7.609E-02 1.319E-01 3.709E-01 5.195E-01 7.686E+04 4.306E+02 1.79E-08
 4840   1.1609  3.04E-05 2.890E-03 8.658E-03 2.999E-09 6.778E-07 7.577E-02 1.316E-01 3.637E-01 5.293E-01 7.617E+04 4.302E+02 1.80E-08
 4860   1.1615  3.05E-05 2.865E-03 8.613E-03 3.024E-09 6.759E-07 7.545E-02 1.313E-01 3.538E-01 5.363E-01 7.548E+04 4.293E+02 1.81E-08
 4880   1.1621  3.06E-05 2.840E-03 8.570E-03 3.053E-09 6.738E-07 7.512E-02 1.309E-01 3.502E-01 5.441E-01 7.479E+04 4.285E+02 1.83E-08
 4900   1.1627  3.06E-05 2.815E-03 8.526E-03 3.085E-09 6.716E-07 7.480E-02 1.306E-01 3.469E-01 5.483E-01 7.411E+04 4.270E+02 1.85E-08
 4920   1.1633  3.05E-05 2.791E-03 8.483E-03 3.114E-09 6.695E-07 7.447E-02 1.303E-01 3.522E-01 5.493E-01 7.342E+04 4.256E+02 1.87E-08
 4940   1.1639  3.06E-05 2.767E-03 8.440E-03 3.130E-09 6.678E-07 7.415E-02 1.299E-01 3.519E-01 5.521E-01 7.275E+04 4.244E+02 1.88E-08
 4960   1.1646  3.09E-05 2.744E-03 8.398E-03 3.134E-09 6.664E-07 7.384E-02 1.296E-01 3.442E-01 5.591E-01 7.206E+04 4.239E+02 1.88E-08
 4980   1.1652  3.13E-05 2.720E-03 8.355E-03 3.134E-09 6.656E-07 7.353E-02 1.293E-01 3.324E-01 5.641E-01 7.138E+04 4.242E+02 1.88E-08
 5000   1.1658  3.15E-05 2.697E-03 8.312E-03 3.130E-09 6.653E-07 7.321E-02 1.289E-01 3.197E-01 5.662E-01 7.069E+04 4.249E+02 1.88E-08
 5020   1.1664  3.17E-05 2.674E-03 8.270E-03 3.117E-09 6.655E-07 7.289E-02 1.286E-01 3.170E-01 5.704E-01 6.999E+04 4.251E+02 1.87E-08
 5040   1.1671  3.17E-05 2.650E-03 8.227E-03 3.095E-09 6.662E-07 7.257E-02 1.283E-01 3.144E-01 5.790E-01 6.930E+04 4.236E+02 1.86E-08
 5060   1.1677  3.18E-05 2.627E-03 8.185E-03 3.073E-09 6.673E-07 7.225E-02 1.279E-01 3.137E-01 5.846E-01 6.861E+04 4.201E+02 1.84E-08
 5080   1.1683  3.21E-05 2.603E-03 8.142E-03 3.061E-09 6.686E-07 7.193E-02 1.276E-01 3.136E-01 5.865E-01 6.792E+04 4.172E+02 1.84E-08
 5100   1.1690  3.19E-05 2.581E-03 8.100E-03 3.055E-09 6.701E-07 7.162E-02 1.273E-01 3.197E-01 5.870E-01 6.723E+04 4.178E+02 1.83E-08
 5120   1.1696  3.19E-05 2.561E-03 8.058E-03 3.042E-09 6.717E-07 7.133E-02 1.269E-01 3.247E-01 5.794E-01 6.655E+04 4.195E+02 1.83E-08
 5140   1.1703  3.23E-05 2.540E-03 8.015E-03 3.026E-09 6.733E-07 7.104E-02 1.266E-01 3.239E-01 5.642E-01 6.587E+04 4.206E+02 1.82E-08
 5160   1.1709  3.23E-05 2.519E-03 7.973E-03 3.023E-09 6.749E-07 7.075E-02 1.263E-01 3.164E-01 5.515E-01 6.520E+04 4.206E+02 1.81E-08
 5180   1.1716  3.25E-05 2.498E-03 7.931E-03 3.030E-09 6.763E-07 7.045E-02 1.259E-01 3.067E-01 5.430E-01 6.453E+04 4.190E+02 1.82E-08
 5200   1.1722  3.23E-05 2.477E-03 7.889E-03 3.026E-09 6.776E-07 7.015E-02 1.256E-01 2.971E-01 5.396E-01 6.387E+04 4.179E+02 1.82E-08
 5220   1.1729  3.21E-05 2.456E-03 7.849E-03 3.012E-09 6.787E-07 6.986E-02 1.253E-01 3.030E-01 5.352E-01 6.322E+04 4.171E+02 1.81E-08
 5240   1.1735  3.21E-05 2.436E-03 7.808E-03 3.001E-09 6.796E-07 6.957E-02 1.250E-01 3.040E-01 5.266E-01 6.257E+04 4.171E+02 1.80E-08
 5260   1.1741  3.24E-05 2.415E-03 7.768E-03 2.993E-09 6.801E-07 6.927E-02 1.246E-01 2.960E-01 5.214E-01 6.194E+04 4.172E+02 1.80E-08
 5280   1.1748  3.25E-05 2.394E-03 7.728E-03 2.984E-09 6.801E-07 6.897E-02 1.243E-01 2.928E-01 5.244E-01 6.130E+04 4.151E+02 1.79E-08
 5300   1.1754  3.24E-05 2.374E-03 7.689E-03 2.984E-09 6.796E-07 6.868E-02 1.240E-01 2.929E-01 5.240E-01 6.067E+04 4.132E+02 1.79E-08
 5320   1.1761  3.25E-05 2.354E-03 7.649E-03 3.001E-09 6.787E-07 6.839E-02 1.237E-01 2.934E-01 5.203E-01 6.005E+04 4.129E+02 1.80E-08
 5340   1.1767  3.24E-05 2.335E-03 7.610E-03 3.021E-09 6.773E-07 6.811E-02 1.234E-01 2.950E-01 5.124E-01 5.943E+04 4.116E+02 1.81E-08
 5360   1.1774  3.23E-05 2.316E-03 7.571E-03 3.028E-09 6.757E-07 6.784E-02 1.231E-01 2.924E-01 5.008E-01 5.882E+04 4.113E+02 1.82E-08
 5380   1.1780  3.24E-05 2.298E-03 7.533E-03 3.019E-09 6.740E-07 6.758E-02 1.227E-01 2.908E-01 4.949E-01 5.822E+04 4.123E+02 1.81E-08
 5400   1.1787  3.25E-05 2.281E-03 7.495E-03 3.012E-09 6.720E-07 6.732E-02 1.224E-01 2.888E-01 4.964E-01 5.762E+04 4.130E+02 1.81E-08
 5420   1.1793  3.28E-05 2.263E-03 7.456E-03 3.012E-09 6.699E-07 6.705E-02 1.221E-01 2.883E-01 4.979E-01 5.702E+04 4.129E+02 1.81E-08
 5440   1.1800  3.31E-05 2.244E-03 7.418E-03 3.013E-09 6.674E-07 6.678E-02 1.218E-01 2.883E-01 4.975E-01 5.642E+04 4.112E+02 1.81E-08
 5460   1.1806  3.29E-05 2.226E-03 7.380E-03 3.015E-09 6.648E-07 6.651E-02 1.215E-01 2.850E-01 4.962E-01 5.583E+04 4.110E+02 1.81E-08
 5480   1.1813  3.29E-05 2.208E-03 7.342E-03 3.022E-09 6.618E-07 6.624E-02 1.212E-01 2.833E-01 4.995E-01 5.524E+04 4.095E+02 1.81E-08
 5500   1.1820  3.29E-05 2.189E-03 7.305E-03 3.031E-09 6.586E-07 6.596E-02 1.209E-01 2.871E-01 5.084E-01 5.467E+04 4.080E+02 1.82E-08
 5520   1.1826  3.29E-05 2.172E-03 7.268E-03 3.046E-09 6.553E-07 6.569E-02 1.206E-01 2.945E-01 5.161E-01 5.410E+04 4.073E+02 1.83E-08
 5540   1.1833  3.26E-05 2.155E-03 7.232E-03 3.068E-09 6.519E-07 6.543E-02 1.203E-01 3.017E-01 5.227E-01 5.354E+04 4.065E+02 1.84E-08
 5560   1.1839  3.28E-05 2.138E-03 7.196E-03 3.077E-09 6.487E-07 6.518E-02 1.200E-01 2.956E-01 5.312E-01 5.298E+04 4.066E+02 1.85E-08
 5580   1.1846  3.30E-05 2.123E-03 7.160E-03 3.060E-09 6.456E-07 6.494E-02 1.197E-01 2.911E-01 5.379E-01 5.244E+04 4.083E+02 1.84E-08
 5600   1.1852  3.29E-05 2.107E-03 7.125E-03 3.043E-09 6.425E-07 6.469E-02 1.194E-01 2.879E-01 5.433E-01 5.189E+04 4.087E+02 1.83E-08
 5620   1.1859  3.28E-05 2.090E-03 7.090E-03 3.063E-09 6.395E-07 6.444E-02 1.191E-01 2.833E-01 5.454E-01 5.136E+04 4.065E+02 1.84E-08
 5640   1.1866  3.29E-05 2.074E-03 7.055E-03 3.103E-09 6.365E-07 6.419E-02 1.188E-01 2.796E-01 5.453E-01 5.083E+04 4.047E+02 1.86E-08
 5660   1.1872  3.31E-05 2.059E-03 7.020E-03 3.122E-09 6.338E-07 6.395E-02 1.185E-01 2.806E-01 5.444E-01 5.030E+04 4.037E+02 1.87E-08
 5680   1.1879  3.34E-05 2.044E-03 6.986E-03 3.128E-09 6.317E-07 6.372E-02 1.182E-01 2.784E-01 5.453E-01 4.978E+04 4.044E+02 1.88E-08
 5700   1.1886  3.35E-05 2.029E-03 6.951E-03 3.153E-09 6.303E-07 6.349E-02 1.179E-01 2.738E-01 5.489E-01 4.926E+04 4.058E+02 1.89E-08
 5720   1.1892  3.34E-05 2.014E-03 6.918E-03 3.190E-09 6.297E-07 6.327E-02 1.176E-01 2.731E-01 5.524E-01 4.874E+04 4.057E+02 1.91E-08
 5740   1.1899  3.35E-05 1.999E-03 6.884E-03 3.204E-09 6.303E-07 6.303E-02 1.173E-01 2.755E-01 5.577E-01 4.823E+04 4.052E+02 1.92E-08
 5760   1.1906  3.36E-05 1.984E-03 6.851E-03 3.191E-09 6.321E-07 6.280E-02 1.171E-01 2.757E-01 5.646E-01 4.772E+04 4.042E+02 1.91E-08
 5780   1.1912  3.37E-05 1.969E-03 6.818E-03 3.174E-09 6.351E-07 6.256E-02 1.168E-01 2.848E-01 5.701E-01 4.722E+04 4.028E+02 1.90E-08
 5800   1.1919  3.38E-05 1.954E-03 6.785E-03 3.155E-09 6.392E-07 6.232E-02 1.165E-01 2.864E-01 5.726E-01 4.672E+04 4.016E+02 1.89E-08
 5820   1.1926  3.39E-05 1.940E-03 6.753E-03 3.127E-09 6.440E-07 6.209E-02 1.162E-01 2.800E-01 5.728E-01 4.623E+04 4.012E+02 1.88E-08
 5840   1.1933  3.40E-05 1.926E-03 6.720E-03 3.094E-09 6.495E-07 6.187E-02 1.159E-01 2.731E-01 5.729E-01 4.574E+04 4.004E+02 1.86E-08
 5860   1.1939  3.38E-05 1.913E-03 6.688E-03 3.059E-09 6.552E-07 6.165E-02 1.157E-01 2.695E-01 5.716E-01 4.526E+04 4.015E+02 1.84E-08
 5880   1.1946  3.38E-05 1.899E-03 6.656E-03 3.010E-09 6.610E-07 6.143E-02 1.154E-01 2.629E-01 5.667E-01 4.478E+04 4.039E+02 1.81E-08
 5900   1.1953  3.36E-05 1.886E-03 6.624E-03 2.950E-09 6.663E-07 6.120E-02 1.151E-01 2.579E-01 5.573E-01 4.431E+04 4.039E+02 1.77E-08
 5920   1.1960  3.35E-05 1.871E-03 6.593E-03 2.899E-09 6.707E-07 6.097E-02 1.148E-01 2.587E-01 5.514E-01 4.385E+04 4.008E+02 1.74E-08
 5940   1.1966  3.35E-05 1.856E-03 6.562E-03 2.874E-09 6.739E-07 6.073E-02 1.146E-01 2.600E-01 5.458E-01 4.340E+04 3.987E+02 1.72E-08
 5960   1.1973  3.37E-05 1.842E-03 6.531E-03 2.878E-09 6.757E-07 6.049E-02 1.143E-01 2.622E-01 5.387E-01 4.295E+04 3.973E+02 1.73E-08
 5980   1.1980  3.38E-05 1.828E-03 6.500E-03 2.898E-09 6.762E-07 6.027E-02 1.140E-01 2.625E-01 5.331E-01 4.250E+04 3.967E+02 1.74E-08
 6000   1.1987  3.38E-05 1.816E-03 6.469E-03 2.919E-09 6.753E-07 6.006E-02 1.137E-01 2.586E-01 5.307E-01 4.206E+04 3.983E+02 1.75E-08
 6020   1.1993  3.39E-05 1.803E-03 6.439E-03 2.937E-09 6.733E-07 5.986E-02 1.135E-01 2.535E-01 5.292E-01 4.163E+04 4.004E+02 1.76E-08
 6040   1.2000  3.41E-05 1.791E-03 6.409E-03 2.958E-09 6.704E-07 5.965E-02 1.132E-01 2.541E-01 5.275E-01 4.119E+04 4.000E+02 1.77E-08
 6060   1.2007  3.42E-05 1.777E-03 6.380E-03 2.977E-09 6.666E-07 5.943E-02 1.130E-01 2.579E-01 5.260E-01 4.077E+04 3.994E+02 1.79E-08
 6080   1.2014  3.43E-05 1.764E-03 6.350E-03 2.983E-09 6.621E-07 5.920E-02 1.127E-01 2.630E-01 5.240E-01 4.034E+04 3.963E+02 1.79E-08
 6100   1.2021  3.44E-05 1.751E-03 6.321E-03 2.983E-09 6.569E-07 5.899E-02 1.124E-01 2.646E-01 5.192E-01 3.992E+04 3.951E+02 1.79E-08
 6120   1.2028  3.44E-05 1.739E-03 6.292E-03 2.995E-09 6.511E-07 5.878E-02 1.122E-01 2.606E-01 5.140E-01 3.951E+04 3.951E+02 1.80E-08
 6140   1.2034  3.43E-05 1.727E-03 6.264E-03 3.022E-09 6.448E-07 5.859E-02 1.119E-01 2.565E-01 5.091E-01 3.910E+04 3.954E+02 1.81E-08
 6160   1.2041  3.41E-05 1.717E-03 6.236E-03 3.053E-09 6.382E-07 5.840E-02 1.117E-01 2.599E-01 5.032E-01 3.870E+04 3.964E+02 1.83E-08
 6180   1.2048  3.42E-05 1.706E-03 6.208E-03 3.078E-09 6.315E-07 5.822E-02 1.114E-01 2.588E-01 4.984E-01 3.830E+04 3.977E+02 1.85E-08
 6200   1.2055  3.44E-05 1.695E-03 6.180E-03 3.103E-09 6.250E-07 5.803E-02 1.112E-01 2.612E-01 4.976E-01 3.791E+04 3.974E+02 1.86E-08
 6220   1.2062  3.44E-05 1.683E-03 6.152E-03 3.130E-09 6.188E-07 5.782E-02 1.109E-01 2.665E-01 4.976E-01 3.753E+04 3.966E+02 1.88E-08
 6240   1.2069  3.45E-05 1.671E-03 6.124E-03 3.150E-09 6.133E-07 5.761E-02 1.107E-01 2.678E-01 4.951E-01 3.715E+04 3.949E+02 1.89E-08
 6260   1.2076  3.44E-05 1.659E-03 6.097E-03 3.150E-09 6.085E-07 5.740E-02 1.104E-01 2.701E-01 4.933E-01 3.677E+04 3.932E+02 1.89E-08
 6280   1.2083  3.42E-05 1.647E-03 6.070E-03 3.141E-09 6.045E-07 5.720E-02 1.102E-01 2.719E-01 4.876E-01 3.640E+04 3.946E+02 1.88E-08
 6300   1.2089  3.41E-05 1.636E-03 6.043E-03 3.147E-09 6.013E-07 5.700E-02 1.099E-01 2.771E-01 4.820E-01 3.604E+04 3.948E+02 1.89E-08
 6320   1.2096  3.41E-05 1.624E-03 6.017E-03 3.165E-09 5.989E-07 5.680E-02 1.097E-01 2.769E-01 4.803E-01 3.568E+04 3.937E+02 1.90E-08
 6340   1.2103  3.42E-05 1.613E-03 5.991E-03 3.184E-09 5.974E-07 5.660E-02 1.095E-01 2.766E-01 4.787E-01 3.533E+04 3.920E+02 1.91E-08
 6360   1.2110  3.44E-05 1.602E-03 5.965E-03 3.208E-09 5.971E-07 5.641E-02 1.092E-01 2.737E-01 4.738E-01 3.498E+04 3.909E+02 1.92E-08
 6380   1.2117  3.46E-05 1.591E-03 5.940E-03 3.236E-09 5.981E-07 5.622E-02 1.090E-01 2.671E-01 4.687E-01 3.463E+04 3.909E+02 1.94E-08
 6400   1.2124  3.46E-05 1.582E-03 5.914E-03 3.248E-09 6.006E-07 5.605E-02 1.088E-01 2.583E-01 4.643E-01 3.429E+04 3.917E+02 1.95E-08
 6420   1.2131  3.46E-05 1.572E-03 5.889E-03 3.237E-09 6.048E-07 5.589E-02 1.085E-01 2.530E-01 4.588E-01 3.395E+04 3.931E+02 1.94E-08
 6440   1.2138  3.45E-05 1.563E-03 5.864E-03 3.221E-09 6.105E-07 5.572E-02 1.083E-01 2.506E-01 4.541E-01 3.361E+04 3.942E+02 1.93E-08
 6460   1.2144  3.43E-05 1.552E-03 5.840E-03 3.194E-09 6.174E-07 5.554E-02 1.081E-01 2.443E-01 4.488E-01 3.329E+04 3.925E+02 1.92E-08
 6480   1.2151  3.41E-05 1.542E-03 5.815E-03 3.136E-09 6.253E-07 5.535E-02 1.078E-01 2.461E-01 4.436E-01 3.297E+04 3.905E+02 1.88E-08
 6500   1.2158  3.43E-05 1.532E-03 5.792E-03 3.065E-09 6.336E-07 5.517E-02 1.076E-01 2.489E-01 4.375E-01 3.265E+04 3.907E+02 1.84E-08
 6520   1.2165  3.47E-05 1.522E-03 5.768E-03 3.021E-09 6.417E-07 5.499E-02 1.074E-01 2.498E-01 4.296E-01 3.233E+04 3.909E+02 1.81E-08
 6540   1.2172  3.46E-05 1.512E-03 5.744E-03 3.015E-09 6.493E-07 5.480E-02 1.072E-01 2.515E-01 4.237E-01 3.202E+04 3.911E+02 1.81E-08
 6560   1.2179  3.46E-05 1.501E-03 5.720E-03 3.021E-09 6.562E-07 5.461E-02 1.070E-01 2.479E-01 4.213E-01 3.171E+04 3.902E+02 1.81E-08
 6580   1.2186  3.46E-05 1.491E-03 5.697E-03 3.010E-09 6.626E-07 5.443E-02 1.067E-01 2.459E-01 4.215E-01 3.141E+04 3.895E+02 1.81E-08
 6600   1.2193  3.46E-05 1.481E-03 5.674E-03 2.990E-09 6.682E-07 5.424E-02 1.065E-01 2.495E-01 4.244E-01 3.111E+04 3.880E+02 1.79E-08
 6620   1.2200  3.44E-05 1.472E-03 5.651E-03 2.975E-09 6.731E-07 5.407E-02 1.063E-01 2.536E-01 4.323E-01 3.081E+04 3.863E+02 1.78E-08
 6640   1.2206  3.43E-05 1.463E-03 5.628E-03 2.956E-09 6.770E-07 5.391E-02 1.061E-01 2.614E-01 4.330E-01 3.052E+04 3.874E+02 1.77E-08
 6660   1.2213  3.42E-05 1.455E-03 5.605E-03 2.926E-09 6.798E-07 5.376E-02 1.059E-01 2.673E-01 4.267E-01 3.023E+04 3.899E+02 1.76E-08
 6680   1.2220  3.43E-05 1.446E-03 5.583E-03 2.906E-09 6.814E-07 5.360E-02 1.057E-01 2.673E-01 4.255E-01 2.995E+04 3.907E+02 1.74E-08
 6700   1.2227  3.45E-05 1.437E-03 5.561E-03 2.916E-09 6.816E-07 5.343E-02 1.055E-01 2.641E-01 4.300E-01 2.967E+04 3.889E+02 1.75E-08
 6720   1.2234  3.49E-05 1.427E-03 5.538E-03 2.953E-09 6.804E-07 5.325E-02 1.052E-01 2.557E-01 4.285E-01 2.939E+04 3.872E+02 1.77E-08
 6740   1.2241  3.47E-05 1.418E-03 5.516E-03 2.996E-09 6.783E-07 5.307E-02 1.050E-01 2.487E-01 4.248E-01 2.911E+04 3.852E+02 1.80E-08
 6760   1.2248  3.48E-05 1.409E-03 5.495E-03 3.028E-09 6.754E-07 5.290E-02 1.048E-01 2.493E-01 4.199E-01 2.884E+04 3.859E+02 1.82E-08
 6780   1.2255  3.50E-05 1.401E-03 5.473E-03 3.039E-09 6.720E-07 5.275E-02 1.046E-01 2.455E-01 4.156E-01 2.857E+04 3.868E+02 1.82E-08
 6800   1.2262  3.49E-05 1.392E-03 5.451E-03 3.041E-09 6.683E-07 5.259E-02 1.044E-01 2.408E-01 4.125E-01 2.830E+04 3.868E+02 1.82E-08
 6820   1.2269  3.48E-05 1.384E-03 5.430E-03 3.058E-09 6.642E-07 5.244E-02 1.042E-01 2.416E-01 4.133E-01 2.804E+04 3.867E+02 1.83E-08
 6840   1.2276  3.51E-05 1.376E-03 5.409E-03 3.089E-09 6.600E-07 5.228E-02 1.040E-01 2.354E-01 4.107E-01 2.778E+04 3.879E+02 1.85E-08
 6860   1.2283  3.50E-05 1.367E-03 5.388E-03 3.118E-09 6.558E-07 5.211E-02 1.038E-01 2.368E-01 4.100E-01 2.752E+04 3.865E+02 1.87E-08
 6880   1.2290  3.50E-05 1.358E-03 5.367E-03 3.136E-09 6.519E-07 5.195E-02 1.036E-01 2.366E-01 4.137E-01 2.727E+04 3.842E+02 1.88E-08
 6900   1.2297  3.50E-05 1.350E-03 5.346E-03 3.142E-09 6.485E-07 5.178E-02 1.034E-01 2.362E-01 4.131E-01 2.702E+04 3.835E+02 1.89E-08
 6920   1.2304  3.49E-05 1.342E-03 5.326E-03 3.128E-09 6.456E-07 5.163E-02 1.032E-01 2.382E-01 4.140E-01 2.677E+04 3.841E+02 1.88E-08
 6940   1.2311  3.48E-05 1.334E-03 5.306E-03 3.104E-09 6.431E-07 5.149E-02 1.030E-01 2.396E-01 4.123E-01 2.652E+04 3.867E+02 1.86E-08
 6960   1.2318  3.48E-05 1.327E-03 5.286E-03 3.096E-09 6.409E-07 5.134E-02 1.028E-01 2.421E-01 4.073E-01 2.628E+04 3.875E+02 1.86E-08
 6980   1.2325  3.46E-05 1.318E-03 5.266E-03 3.105E-09 6.389E-07 5.117E-02 1.026E-01 2.453E-01 4.092E-01 2.604E+04 3.851E+02 1.86E-08
 7000   1.2332  3.49E-05 1.309E-03 5.247E-03 3.120E-09 6.370E-07 5.100E-02 1.024E-01 2.388E-01 4.111E-01 2.580E+04 3.822E+02 1.87E-08
 7020   1.2339  3.48E-05 1.301E-03 5.227E-03 3.134E-09 6.355E-07 5.084E-02 1.022E-01 2.434E-01 4.140E-01 2.556E+04 3.814E+02 1.88E-08
 7040   1.2346  3.48E-05 1.294E-03 5.208E-03 3.141E-09 6.345E-07 5.069E-02 1.021E-01 2.448E-01 4.110E-01 2.533E+04 3.833E+02 1.88E-08
 7060   1.2353  3.50E-05 1.287E-03 5.189E-03 3.133E-09 6.340E-07 5.055E-02 1.019E-01 2.413E-01 4.094E-01 2.510E+04 3.849E+02 1.88E-08
 7080   1.2360  3.53E-05 1.279E-03 5.169E-03 3.118E-09 6.340E-07 5.040E-02 1.017E-01 2.332E-01 4.104E-01 2.488E+04 3.839E+02 1.87E-08
 7100   1.2367  3.53E-05 1.271E-03 5.150E-03 3.110E-09 6.344E-07 5.024E-02 1.015E-01 2.333E-01 4.101E-01 2.465E+04 3.813E+02 1.87E-08
 7120   1.2374  3.53E-05 1.264E-03 5.131E-03 3.113E-09 6.350E-07 5.009E-02 1.013E-01 2.310E-01 4.124E-01 2.443E+04 3.816E+02 1.87E-08
 7140   1.2381  3.53E-05 1.256E-03 5.112E-03 3.122E-09 6.359E-07 4.995E-02 1.011E-01 2.298E-01 4.189E-01 2.421E+04 3.823E+02 1.87E-08
 7160   1.2388  3.54E-05 1.249E-03 5.093E-03 3.128E-09 6.372E-07 4.981E-02 1.009E-01 2.288E-01 4.194E-01 2.399E+04 3.825E+02 1.88E-08
 7180   1.2395  3.57E-05 1.242E-03 5.075E-03 3.122E-09 6.389E-07 4.967E-02 1.007E-01 2.232E-01 4.195E-01 2.378E+04 3.824E+02 1.87E-08
 7200   1.2402  3.59E-05 1.234E-03 5.056E-03 3.110E-09 6.410E-07 4.952E-02 1.006E-01 2.285E-01 4.209E-01 2.356E+04 3.811E+02 1.87E-08
 7220   1.2409  3.63E-05 1.227E-03 5.038E-03 3.100E-09 6.434E-07 4.937E-02 1.004E-01 2.235E-01 4.174E-01 2.335E+04 3.790E+02 1.86E-08
 7240   1.2417  3.62E-05 1.221E-03 5.019E-03 3.084E-09 6.459E-07 4.924E-02 1.002E-01 2.123E-01 4.174E-01 2.314E+04 3.804E+02 1.85E-08
 7260   1.2424  3.63E-05 1.214E-03 5.001E-03 3.066E-09 6.484E-07 4.911E-02 1.000E-01 2.103E-01 4.154E-01 2.293E+04 3.814E+02 1.84E-08
 7280   1.2431  3.64E-05 1.208E-03 4.983E-03 3.054E-09 6.507E-07 4.898E-02 9.983E-02 2.106E-01 4.183E-01 2.272E+04 3.826E+02 1.83E-08
 7300   1.2438  3.65E-05 1.201E-03 4.965E-03 3.040E-09 6.527E-07 4.884E-02 9.965E-02 2.102E-01 4.177E-01 2.252E+04 3.816E+02 1.82E-08
 7320   1.2446  3.63E-05 1.193E-03 4.947E-03 3.025E-09 6.542E-07 4.869E-02 9.946E-02 2.115E-01 4.172E-01 2.232E+04 3.796E+02 1.82E-08
 7340   1.2453  3.62E-05 1.186E-03 4.929E-03 3.024E-09 6.551E-07 4.854E-02 9.929E-02 2.156E-01 4.199E-01 2.212E+04 3.785E+02 1.81E-08
 7360   1.2460  3.64E-05 1.179E-03 4.911E-03 3.033E-09 6.554E-07 4.839E-02 9.911E-02 2.179E-01 4.219E-01 2.193E+04 3.789E+02 1.82E-08
 7380   1.2467  3.67E-05 1.172E-03 4.894E-03 3.042E-09 6.551E-07 4.825E-02 9.893E-02 2.152E-01 4.196E-01 2.173E+04 3.795E+02 1.83E-08
 7400   1.2475  3.66E-05 1.165E-03 4.877E-03 3.052E-09 6.543E-07 4.811E-02 9.876E-02 2.142E-01 4.184E-01 2.154E+04 3.782E+02 1.83E-08
 7420   1.2482  3.65E-05 1.159E-03 4.859E-03 3.059E-09 6.530E-07 4.797E-02 9.858E-02 2.128E-01 4.211E-01 2.135E+04 3.781E+02 1.84E-08
 7440   1.2489  3.64E-05 1.152E-03 4.842E-03 3.056E-09 6.515E-07 4.784E-02 9.841E-02 2.073E-01 4.250E-01 2.116E+04 3.791E+02 1.83E-08
 7460   1.2497  3.63E-05 1.146E-03 4.825E-03 3.054E-09 6.496E-07 4.771E-02 9.823E-02 2.104E-01 4.236E-01 2.098E+04 3.790E+02 1.83E-08
 7480   1.2504  3.65E-05 1.139E-03 4.808E-03 3.066E-09 6.473E-07 4.757E-02 9.806E-02 2.075E-01 4.205E-01 2.079E+04 3.783E+02 1.84E-08
 7500   1.2511  3.65E-05 1.133E-03 4.791E-03 3.080E-09 6.447E-07 4.743E-02 9.789E-02 2.028E-01 4.188E-01 2.061E+04 3.779E+02 1.85E-08
 7520   1.2519  3.66E-05 1.126E-03 4.774E-03 3.093E-09 6.421E-07 4.729E-02 9.772E-02 1.962E-01 4.158E-01 2.044E+04 3.777E+02 1.86E-08
 7540   1.2526  3.69E-05 1.120E-03 4.757E-03 3.121E-09 6.394E-07 4.716E-02 9.754E-02 1.934E-01 4.127E-01 2.026E+04 3.766E+02 1.87E-08
 7560   1.2533  3.64E-05 1.113E-03 4.741E-03 3.149E-09 6.370E-07 4.703E-02 9.738E-02 1.947E-01 4.127E-01 2.009E+04 3.772E+02 1.89E-08
 7580   1.2540  3.60E-05 1.107E-03 4.725E-03 3.164E-09 6.351E-07 4.690E-02 9.721E-02 2.046E-01 4.115E-01 1.992E+04 3.777E+02 1.90E-08
 7600   1.2548  3.62E-05 1.101E-03 4.709E-03 3.186E-09 6.340E-07 4.677E-02 9.705E-02 2.054E-01 4.092E-01 1.975E+04 3.764E+02 1.91E-08
 7620   1.2555  3.70E-05 1.095E-03 4.693E-03 3.220E-09 6.337E-07 4.664E-02 9.688E-02 2.033E-01 4.073E-01 1.959E+04 3.751E+02 1.93E-08
 7640   1.2562  3.69E-05 1.090E-03 4.677E-03 3.237E-09 6.348E-07 4.652E-02 9.671E-02 2.014E-01 4.041E-01 1.942E+04 3.755E+02 1.94E-08
 7660   1.2570  3.66E-05 1.085E-03 4.661E-03 3.211E-09 6.372E-07 4.641E-02 9.655E-02 1.968E-01 4.030E-01 1.926E+04 3.766E+02 1.93E-08
 7680   1.2577  3.65E-05 1.079E-03 4.645E-03 3.160E-09 6.408E-07 4.629E-02 9.638E-02 2.000E-01 4.050E-01 1.910E+04 3.769E+02 1.90E-08
 7700   1.2584  3.61E-05 1.074E-03 4.629E-03 3.118E-09 6.451E-07 4.617E-02 9.622E-02 2.112E-01 4.004E-01 1.894E+04 3.762E+02 1.87E-08
 7720   1.2591  3.60E-05 1.068E-03 4.614E-03 3.093E-09 6.495E-07 4.604E-02 9.606E-02 2.146E-01 3.945E-01 1.878E+04 3.752E+02 1.86E-08
 7740   1.2599  3.60E-05 1.062E-03 4.599E-03 3.070E-09 6.539E-07 4.592E-02 9.590E-02 2.144E-01 3.899E-01 1.863E+04 3.751E+02 1.84E-08
 7760   1.2606  3.60E-05 1.057E-03 4.583E-03 3.047E-09 6.582E-07 4.580E-02 9.574E-02 2.120E-01 3.866E-01 1.848E+04 3.750E+02 1.83E-08
 7780   1.2613  3.60E-05 1.051E-03 4.568E-03 3.032E-09 6.620E-07 4.568E-02 9.559E-02 2.108E-01 3.882E-01 1.833E+04 3.750E+02 1.82E-08
 7800   1.2620  3.59E-05 1.046E-03 4.554E-03 3.027E-09 6.652E-07 4.557E-02 9.543E-02 2.103E-01 3.894E-01 1.819E+04 3.737E+02 1.82E-08
 7820   1.2627  3.59E-05 1.041E-03 4.539E-03 3.015E-09 6.679E-07 4.547E-02 9.528E-02 2.090E-01 3.901E-01 1.804E+04 3.746E+02 1.81E-08
 7840   1.2635  3.60E-05 1.036E-03 4.524E-03 2.992E-09 6.698E-07 4.536E-02 9.512E-02 2.058E-01 3.890E-01 1.790E+04 3.763E+02 1.80E-08
 7860   1.2642  3.64E-05 1.031E-03 4.509E-03 2.980E-09 6.708E-07 4.525E-02 9.497E-02 2.077E-01 3.880E-01 1.776E+04 3.766E+02 1.79E-08
 7880   1.2649  3.64E-05 1.025E-03 4.495E-03 2.991E-09 6.708E-07 4.511E-02 9.481E-02 2.122E-01 3.897E-01 1.762E+04 3.745E+02 1.79E-08
 7900   1.2656  3.61E-05 1.019E-03 4.480E-03 3.003E-09 6.699E-07 4.498E-02 9.466E-02 2.150E-01 3.943E-01 1.748E+04 3.736E+02 1.80E-08
 7920   1.2664  3.60E-05 1.013E-03 4.466E-03 2.997E-09 6.683E-07 4.485E-02 9.451E-02 2.150E-01 4.018E-01 1.734E+04 3.731E+02 1.80E-08
 7940   1.2671  3.59E-05 1.008E-03 4.451E-03 2.993E-09 6.658E-07 4.473E-02 9.436E-02 2.130E-01 3.948E-01 1.720E+04 3.722E+02 1.80E-08
 7960   1.2678  3.59E-05 1.003E-03 4.437E-03 3.005E-09 6.625E-07 4.462E-02 9.421E-02 2.119E-01 3.921E-01 1.707E+04 3.724E+02 1.80E-08
 7980   1.2685  3.60E-05 9.988E-04 4.423E-03 3.015E-09 6.583E-07 4.453E-02 9.406E-02 2.100E-01 3.921E-01 1.694E+04 3.742E+02 1.81E-08
 8000   1.2692  3.64E-05 9.943E-04 4.409E-03 3.009E-09 6.534E-07 4.443E-02 9.391E-02 2.005E-01 3.913E-01 1.681E+04 3.743E+02 1.81E-08
 8020   1.2700  3.68E-05 9.894E-04 4.395E-03 3.012E-09 6.476E-07 4.432E-02 9.376E-02 1.967E-01 3.937E-01 1.668E+04 3.736E+02 1.81E-08
 8040   1.2707  3.68E-05 9.843E-04 4.381E-03 3.040E-09 6.409E-07 4.421E-02 9.361E-02 2.032E-01 3.943E-01 1.655E+04 3.726E+02 1.82E-08
 8060   1.2714  3.65E-05 9.793E-04 4.367E-03 3.072E-09 6.337E-07 4.409E-02 9.346E-02 2.113E-01 3.933E-01 1.642E+04 3.723E+02 1.84E-08
 8080   1.2722  3.66E-05 9.745E-04 4.354E-03 3.106E-09 6.262E-07 4.399E-02 9.331E-02 2.147E-01 3.880E-01 1.629E+04 3.716E+02 1.86E-08
 8100   1.2729  3.63E-05 9.699E-04 4.340E-03 3.152E-09 6.187E-07 4.388E-02 9.317E-02 2.207E-01 3.856E-01 1.617E+04 3.726E+02 1.89E-08
 8120   1.2736  3.62E-05 9.654E-04 4.327E-03 3.201E-09 6.119E-07 4.378E-02 9.302E-02 2.196E-01 3.850E-01 1.604E+04 3.734E+02 1.92E-08
 8140   1.2744  3.63E-05 9.604E-04 4.313E-03 3.227E-09 6.060E-07 4.367E-02 9.288E-02 2.117E-01 3.838E-01 1.592E+04 3.716E+02 1.94E-08
 8160   1.2751  3.67E-05 9.555E-04 4.300E-03 3.229E-09 6.015E-07 4.355E-02 9.274E-02 2.039E-01 3.836E-01 1.580E+04 3.711E+02 1.94E-08
 8180   1.2758  3.71E-05 9.508E-04 4.287E-03 3.225E-09 5.984E-07 4.344E-02 9.259E-02 1.956E-01 3.843E-01 1.568E+04 3.702E+02 1.93E-08
 8200   1.2766  3.73E-05 9.466E-04 4.273E-03 3.228E-09 5.967E-07 4.335E-02 9.245E-02 1.903E-01 3.845E-01 1.556E+04 3.700E+02 1.94E-08
 8220   1.2773  3.71E-05 9.428E-04 4.260E-03 3.242E-09 5.966E-07 4.326E-02 9.230E-02 1.913E-01 3.802E-01 1.544E+04 3.712E+02 1.95E-08
 8240   1.2781  3.69E-05 9.390E-04 4.247E-03 3.244E-09 5.980E-07 4.318E-02 9.216E-02 1.924E-01 3.753E-01 1.533E+04 3.708E+02 1.95E-08
 8260   1.2788  3.70E-05 9.353E-04 4.233E-03 3.221E-09 6.011E-07 4.309E-02 9.202E-02 1.925E-01 3.736E-01 1.521E+04 3.716E+02 1.93E-08
 8280   1.2795  3.67E-05 9.313E-04 4.221E-03 3.208E-09 6.055E-07 4.300E-02 9.188E-02 1.931E-01 3.751E-01 1.510E+04 3.711E+02 1.92E-08
 8300   1.2803  3.68E-05 9.272E-04 4.208E-03 3.216E-09 6.112E-07 4.291E-02 9.174E-02 1.921E-01 3.835E-01 1.499E+04 3.701E+02 1.93E-08
 8320   1.2810  3.71E-05 9.232E-04 4.195E-03 3.209E-09 6.182E-07 4.281E-02 9.160E-02 1.861E-01 3.943E-01 1.487E+04 3.701E+02 1.93E-08
 8340   1.2817  3.71E-05 9.192E-04 4.182E-03 3.174E-09 6.264E-07 4.272E-02 9.146E-02 1.876E-01 3.970E-01 1.476E+04 3.705E+02 1.90E-08
 8360   1.2825  3.71E-05 9.150E-04 4.170E-03 3.127E-09 6.353E-07 4.262E-02 9.132E-02 1.890E-01 3.932E-01 1.465E+04 3.709E+02 1.88E-08
 8380   1.2832  3.71E-05 9.104E-04 4.157E-03 3.076E-09 6.445E-07 4.252E-02 9.118E-02 1.842E-01 3.884E-01 1.454E+04 3.700E+02 1.85E-08
 8400   1.2840  3.70E-05 9.056E-04 4.144E-03 3.031E-09 6.534E-07 4.240E-02 9.104E-02 1.843E-01 3.811E-01 1.444E+04 3.691E+02 1.82E-08
 8420   1.2847  3.71E-05 9.008E-04 4.132E-03 2.991E-09 6.616E-07 4.229E-02 9.091E-02 1.853E-01 3.749E-01 1.433E+04 3.698E+02 1.79E-08
 8440   1.2855  3.70E-05 8.959E-04 4.120E-03 2.958E-09 6.687E-07 4.217E-02 9.077E-02 1.863E-01 3.727E-01 1.423E+04 3.688E+02 1.77E-08
 8460   1.2862  3.68E-05 8.910E-04 4.107E-03 2.947E-09 6.745E-07 4.206E-02 9.064E-02 1.918E-01 3.739E-01 1.412E+04 3.671E+02 1.77E-08
 8480   1.2869  3.68E-05 8.868E-04 4.095E-03 2.961E-09 6.787E-07 4.196E-02 9.050E-02 1.950E-01 3.751E-01 1.402E+04 3.670E+02 1.78E-08
 8500   1.2877  3.68E-05 8.830E-04 4.083E-03 2.972E-09 6.817E-07 4.187E-02 9.037E-02 1.957E-01 3.739E-01 1.392E+04 3.671E+02 1.78E-08
 8520   1.2884  3.67E-05 8.797E-04 4.071E-03 2.969E-09 6.835E-07 4.179E-02 9.024E-02 1.942E-01 3.712E-01 1.382E+04 3.678E+02 1.78E-08
 8540   1.2891  3.68E-05 8.765E-04 4.059E-03 2.969E-09 6.841E-07 4.171E-02 9.010E-02 1.910E-01 3.692E-01 1.372E+04 3.684E+02 1.78E-08
 8560   1.2899  3.70E-05 8.732E-04 4.048E-03 2.983E-09 6.835E-07 4.163E-02 8.997E-02 1.863E-01 3.669E-01 1.363E+04 3.679E+02 1.79E-08
 8580   1.2906  3.69E-05 8.697E-04 4.036E-03 2.996E-09 6.817E-07 4.155E-02 8.984E-02 1.865E-01 3.631E-01 1.353E+04 3.690E+02 1.80E-08
 8600   1.2913  3.68E-05 8.658E-04 4.024E-03 3.003E-09 6.789E-07 4.146E-02 8.971E-02 1.869E-01 3.610E-01 1.343E+04 3.687E+02 1.80E-08
 8620   1.2921  3.69E-05 8.615E-04 4.013E-03 3.020E-09 6.752E-07 4.136E-02 8.958E-02 1.849E-01 3.602E-01 1.334E+04 3.674E+02 1.81E-08
 8640   1.2928  3.71E-05 8.570E-04 4.001E-03 3.053E-09 6.707E-07 4.125E-02 8.946E-02 1.850E-01 3.585E-01 1.325E+04 3.673E+02 1.83E-08
 8660   1.2936  3.69E-05 8.525E-04 3.990E-03 3.082E-09 6.656E-07 4.114E-02 8.933E-02 1.885E-01 3.542E-01 1.315E+04 3.651E+02 1.85E-08
 8680   1.2943  3.70E-05 8.486E-04 3.978E-03 3.095E-09 6.604E-07 4.105E-02 8.920E-02 1.888E-01 3.531E-01 1.306E+04 3.635E+02 1.86E-08
 8700   1.2950  3.70E-05 8.457E-04 3.967E-03 3.101E-09 6.549E-07 4.098E-02 8.907E-02 1.871E-01 3.495E-01 1.297E+04 3.656E+02 1.86E-08
 8720   1.2958  3.72E-05 8.431E-04 3.955E-03 3.105E-09 6.494E-07 4.091E-02 8.894E-02 1.843E-01 3.443E-01 1.288E+04 3.684E+02 1.86E-08
 8740   1.2965  3.74E-05 8.398E-04 3.944E-03 3.104E-09 6.438E-07 4.083E-02 8.881E-02 1.819E-01 3.397E-01 1.279E+04 3.676E+02 1.86E-08
 8760   1.2973  3.75E-05 8.359E-04 3.932E-03 3.110E-09 6.382E-07 4.073E-02 8.868E-02 1.820E-01 3.374E-01 1.270E+04 3.652E+02 1.87E-08
 8780   1.2980  3.74E-05 8.322E-04 3.921E-03 3.126E-09 6.325E-07 4.064E-02 8.856E-02 1.845E-01 3.374E-01 1.262E+04 3.640E+02 1.88E-08
 8800   1.2988  3.76E-05 8.290E-04 3.910E-03 3.147E-09 6.271E-07 4.056E-02 8.843E-02 1.842E-01 3.384E-01 1.253E+04 3.652E+02 1.89E-08
 8820   1.2995  3.76E-05 8.259E-04 3.899E-03 3.169E-09 6.220E-07 4.048E-02 8.830E-02 1.810E-01 3.386E-01 1.244E+04 3.661E+02 1.90E-08
 8840   1.3003  3.74E-05 8.225E-04 3.888E-03 3.192E-09 6.175E-07 4.040E-02 8.818E-02 1.832E-01 3.387E-01 1.236E+04 3.656E+02 1.92E-08
 8860   1.3010  3.75E-05 8.189E-04 3.877E-03 3.214E-09 6.140E-07 4.031E-02 8.805E-02 1.808E-01 3.413E-01 1.227E+04 3.644E+02 1.93E-08
 8880   1.3018  3.77E-05 8.154E-04 3.866E-03 3.232E-09 6.116E-07 4.023E-02 8.793E-02 1.784E-01 3.459E-01 1.219E+04 3.634E+02 1.94E-08
 8900   1.3025  3.78E-05 8.124E-04 3.855E-03 3.247E-09 6.106E-07 4.015E-02 8.781E-02 1.833E-01 3.497E-01 1.211E+04 3.640E+02 1.95E-08
 8920   1.3033  3.78E-05 8.096E-04 3.844E-03 3.259E-09 6.113E-07 4.008E-02 8.768E-02 1.870E-01 3.484E-01 1.203E+04 3.643E+02 1.96E-08
 8940   1.3040  3.78E-05 8.067E-04 3.833E-03 3.260E-09 6.137E-07 4.001E-02 8.756E-02 1.826E-01 3.457E-01 1.194E+04 3.662E+02 1.96E-08
 8960   1.3048  3.78E-05 8.031E-04 3.822E-03 3.238E-09 6.178E-07 3.993E-02 8.743E-02 1.777E-01 3.428E-01 1.187E+04 3.668E+02 1.94E-08
 8980   1.3056  3.78E-05 7.985E-04 3.812E-03 3.199E-09 6.234E-07 3.981E-02 8.731E-02 1.806E-01 3.414E-01 1.179E+04 3.638E+02 1.92E-08
 9000   1.3063  3.76E-05 7.940E-04 3.801E-03 3.148E-09 6.301E-07 3.970E-02 8.719E-02 1.805E-01 3.427E-01 1.171E+04 3.609E+02 1.89E-08
 9020   1.3071  3.77E-05 7.905E-04 3.790E-03 3.092E-09 6.372E-07 3.961E-02 8.706E-02 1.815E-01 3.433E-01 1.163E+04 3.608E+02 1.86E-08
 9040   1.3078  3.79E-05 7.880E-04 3.779E-03 3.032E-09 6.443E-07 3.955E-02 8.694E-02 1.755E-01 3.430E-01 1.155E+04 3.615E+02 1.82E-08
 9060   1.3086  3.82E-05 7.860E-04 3.768E-03 2.990E-09 6.506E-07 3.950E-02 8.681E-02 1.726E-01 3.453E-01 1.148E+04 3.647E+02 1.79E-08
 9080   1.3093  3.83E-05 7.836E-04 3.757E-03 2.984E-09 6.558E-07 3.944E-02 8.669E-02 1.742E-01 3.506E-01 1.140E+04 3.656E+02 1.79E-08
 9100   1.3101  3.82E-05 7.802E-04 3.747E-03 2.991E-09 6.597E-07 3.935E-02 8.657E-02 1.760E-01 3.536E-01 1.133E+04 3.652E+02 1.79E-08
 9120   1.3109  3.82E-05 7.759E-04 3.737E-03 2.976E-09 6.625E-07 3.924E-02 8.645E-02 1.760E-01 3.493E-01 1.126E+04 3.633E+02 1.79E-08
 9140   1.3116  3.83E-05 7.715E-04 3.726E-03 2.953E-09 6.640E-07 3.913E-02 8.633E-02 1.820E-01 3.444E-01 1.118E+04 3.594E+02 1.77E-08
 9160   1.3124  3.85E-05 7.682E-04 3.716E-03 2.959E-09 6.639E-07 3.905E-02 8.621E-02 1.873E-01 3.411E-01 1.111E+04 3.602E+02 1.78E-08
 9180   1.3132  3.83E-05 7.659E-04 3.706E-03 2.990E-09 6.624E-07 3.899E-02 8.609E-02 1.897E-01 3.385E-01 1.104E+04 3.617E+02 1.79E-08
 9200   1.3139  3.81E-05 7.638E-04 3.696E-03 3.038E-09 6.596E-07 3.894E-02 8.597E-02 1.946E-01 3.359E-01 1.097E+04 3.623E+02 1.82E-08
 9220   1.3147  3.78E-05 7.616E-04 3.685E-03 3.096E-09 6.561E-07 3.888E-02 8.585E-02 1.918E-01 3.339E-01 1.090E+04 3.622E+02 1.86E-08
 9240   1.3155  3.77E-05 7.593E-04 3.675E-03 3.142E-09 6.525E-07 3.882E-02 8.574E-02 1.885E-01 3.308E-01 1.083E+04 3.611E+02 1.88E-08
 9260   1.3162  3.75E-05 7.571E-04 3.666E-03 3.156E-09 6.493E-07 3.876E-02 8.562E-02 1.883E-01 3.244E-01 1.076E+04 3.602E+02 1.89E-08
 9280   1.3170  3.76E-05 7.552E-04 3.656E-03 3.151E-09 6.466E-07 3.871E-02 8.551E-02 1.878E-01 3.218E-01 1.069E+04 3.619E+02 1.89E-08
 9300   1.3177  3.74E-05 7.531E-04 3.646E-03 3.142E-09 6.445E-07 3.866E-02 8.539E-02 1.860E-01 3.221E-01 1.062E+04 3.630E+02 1.89E-08
 9320   1.3185  3.72E-05 7.502E-04 3.636E-03 3.127E-09 6.428E-07 3.858E-02 8.528E-02 1.917E-01 3.252E-01 1.056E+04 3.627E+02 1.88E-08
 9340   1.3192  3.72E-05 7.465E-04 3.627E-03 3.111E-09 6.413E-07 3.849E-02 8.517E-02 1.918E-01 3.286E-01 1.049E+04 3.611E+02 1.87E-08
 9360   1.3199  3.75E-05 7.427E-04 3.617E-03 3.114E-09 6.400E-07 3.839E-02 8.505E-02 1.833E-01 3.321E-01 1.043E+04 3.592E+02 1.87E-08
 9380   1.3207  3.80E-05 7.391E-04 3.607E-03 3.151E-09 6.387E-07 3.830E-02 8.494E-02 1.774E-01 3.377E-01 1.036E+04 3.585E+02 1.89E-08
 9400   1.3215  3.79E-05 7.361E-04 3.598E-03 3.188E-09 6.380E-07 3.822E-02 8.483E-02 1.715E-01 3.466E-01 1.030E+04 3.589E+02 1.91E-08
 9420   1.3222  3.82E-05 7.336E-04 3.588E-03 3.185E-09 6.381E-07 3.815E-02 8.471E-02 1.751E-01 3.544E-01 1.023E+04 3.592E+02 1.91E-08
 9440   1.3230  3.84E-05 7.312E-04 3.579E-03 3.159E-09 6.392E-07 3.809E-02 8.460E-02 1.698E-01 3.588E-01 1.017E+04 3.598E+02 1.90E-08
 9460   1.3238  3.86E-05 7.287E-04 3.569E-03 3.149E-09 6.408E-07 3.802E-02 8.449E-02 1.684E-01 3.576E-01 1.011E+04 3.607E+02 1.89E-08
 9480   1.3245  3.86E-05 7.257E-04 3.560E-03 3.136E-09 6.429E-07 3.795E-02 8.437E-02 1.705E-01 3.521E-01 1.004E+04 3.609E+02 1.88E-08
 9500   1.3253  3.86E-05 7.222E-04 3.550E-03 3.102E-09 6.454E-07 3.786E-02 8.426E-02 1.751E-01 3.470E-01 9.979E+03 3.608E+02 1.86E-08
 9520   1.3261  3.87E-05 7.180E-04 3.541E-03 3.071E-09 6.478E-07 3.775E-02 8.416E-02 1.780E-01 3.467E-01 9.917E+03 3.587E+02 1.84E-08
 9540   1.3268  3.84E-05 7.140E-04 3.532E-03 3.052E-09 6.498E-07 3.764E-02 8.405E-02 1.786E-01 3.500E-01 9.855E+03 3.550E+02 1.83E-08
 9560   1.3276  3.82E-05 7.115E-04 3.523E-03 3.039E-09 6.513E-07 3.758E-02 8.394E-02 1.784E-01 3.522E-01 9.794E+03 3.549E+02 1.82E-08
 9580   1.3284  3.83E-05 7.103E-04 3.514E-03 3.031E-09 6.523E-07 3.754E-02 8.383E-02 1.773E-01 3.517E-01 9.734E+03 3.586E+02 1.82E-08
 9600   1.3291  3.87E-05 7.090E-04 3.504E-03 3.031E-09 6.525E-07 3.751E-02 8.372E-02 1.713E-01 3.497E-01 9.674E+03 3.609E+02 1.82E-08
 9620   1.3299  3.86E-05 7.068E-04 3.495E-03 3.038E-09 6.521E-07 3.745E-02 8.361E-02 1.651E-01 3.442E-01 9.615E+03 3.590E+02 1.82E-08
 9640   1.3307  3.83E-05 7.040E-04 3.486E-03 3.047E-09 6.511E-07 3.738E-02 8.350E-02 1.657E-01 3.424E-01 9.556E+03 3.575E+02 1.83E-08
 9660   1.3315  3.84E-05 7.013E-04 3.477E-03 3.053E-09 6.496E-07 3.731E-02 8.340E-02 1.634E-01 3.421E-01 9.499E+03 3.572E+02 1.83E-08
 9680   1.3322  3.85E-05 6.988E-04 3.469E-03 3.065E-09 6.477E-07 3.724E-02 8.329E-02 1.613E-01 3.413E-01 9.441E+03 3.579E+02 1.84E-08
 9700   1.3330  3.86E-05 6.961E-04 3.460E-03 3.083E-09 6.455E-07 3.717E-02 8.318E-02 1.594E-01 3.396E-01 9.384E+03 3.571E+02 1.85E-08
 9720   1.3338  3.86E-05 6.934E-04 3.451E-03 3.079E-09 6.430E-07 3.710E-02 8.308E-02 1.655E-01 3.391E-01 9.326E+03 3.563E+02 1.85E-08
 9740   1.3345  3.85E-05 6.912E-04 3.442E-03 3.066E-09 6.405E-07 3.704E-02 8.297E-02 1.730E-01 3.411E-01 9.270E+03 3.556E+02 1.84E-08
 9760   1.3353  3.88E-05 6.893E-04 3.434E-03 3.078E-09 6.376E-07 3.699E-02 8.287E-02 1.800E-01 3.448E-01 9.214E+03 3.576E+02 1.85E-08
 9780   1.3361  3.88E-05 6.871E-04 3.425E-03 3.092E-09 6.346E-07 3.693E-02 8.277E-02 1.785E-01 3.484E-01 9.158E+03 3.597E+02 1.86E-08
 9800   1.3369  3.84E-05 6.838E-04 3.417E-03 3.076E-09 6.315E-07 3.684E-02 8.266E-02 1.718E-01 3.457E-01 9.103E+03 3.576E+02 1.85E-08
 9820   1.3376  3.84E-05 6.800E-04 3.408E-03 3.059E-09 6.281E-07 3.674E-02 8.256E-02 1.662E-01 3.405E-01 9.049E+03 3.557E+02 1.84E-08
 9840   1.3384  3.82E-05 6.764E-04 3.399E-03 3.062E-09 6.243E-07 3.664E-02 8.246E-02 1.676E-01 3.395E-01 8.996E+03 3.543E+02 1.84E-08
 9860   1.3392  3.76E-05 6.735E-04 3.391E-03 3.089E-09 6.201E-07 3.656E-02 8.235E-02 1.756E-01 3.420E-01 8.944E+03 3.529E+02 1.85E-08
 9880   1.3399  3.74E-05 6.716E-04 3.383E-03 3.137E-09 6.158E-07 3.651E-02 8.225E-02 1.785E-01 3.432E-01 8.892E+03 3.537E+02 1.88E-08
 9900   1.3407  3.77E-05 6.703E-04 3.374E-03 3.180E-09 6.118E-07 3.648E-02 8.215E-02 1.751E-01 3.412E-01 8.841E+03 3.561E+02 1.91E-08
 9920   1.3414  3.81E-05 6.688E-04 3.366E-03 3.199E-09 6.086E-07 3.644E-02 8.205E-02 1.803E-01 3.418E-01 8.790E+03 3.573E+02 1.92E-08
 9940   1.3422  3.88E-05 6.665E-04 3.358E-03 3.209E-09 6.065E-07 3.638E-02 8.195E-02 1.812E-01 3.418E-01 8.738E+03 3.569E+02 1.93E-08
 9960   1.3429  3.84E-05 6.634E-04 3.349E-03 3.221E-09 6.056E-07 3.629E-02 8.185E-02 1.829E-01 3.403E-01 8.687E+03 3.553E+02 1.93E-08
 9980   1.3437  3.82E-05 6.603E-04 3.341E-03 3.227E-09 6.061E-07 3.620E-02 8.175E-02 1.801E-01 3.376E-01 8.637E+03 3.532E+02 1.94E-08
10000   1.3445  3.82E-05 6.576E-04 3.333E-03 3.224E-09 6.079E-07 3.613E-02 8.165E-02 1.752E-01 3.362E-01 8.587E+03 3.531E+02 1.93E-08
10020   1.3452  3.85E-05 6.554E-04 3.325E-03 3.215E-09 6.111E-07 3.607E-02 8.154E-02 1.692E-01 3.373E-01 8.537E+03 3.535E+02 1.93E-08
10040   1.3460  3.92E-05 6.536E-04 3.316E-03 3.193E-09 6.156E-07 3.601E-02 8.144E-02 1.589E-01 3.369E-01 8.487E+03 3.530E+02 1.92E-08
10060   1.3468  3.90E-05 6.522E-04 3.308E-03 3.164E-09 6.211E-07 3.597E-02 8.134E-02 1.600E-01 3.332E-01 8.438E+03 3.534E+02 1.90E-08
10080   1.3476  3.87E-05 6.509E-04 3.300E-03 3.133E-09 6.273E-07 3.594E-02 8.124E-02 1.632E-01 3.302E-01 8.389E+03 3.548E+02 1.88E-08
10100   1.3484  3.87E-05 6.493E-04 3.292E-03 3.106E-09 6.337E-07 3.589E-02 8.114E-02 1.607E-01 3.275E-01 8.341E+03 3.545E+02 1.86E-08
10120   1.3491  3.87E-05 6.472E-04 3.283E-03 3.095E-09 6.401E-07 3.584E-02 8.104E-02 1.576E-01 3.260E-01 8.293E+03 3.531E+02 1.86E-08
10140   1.3499  3.88E-05 6.452E-04 3.275E-03 3.095E-09 6.463E-07 3.578E-02 8.094E-02 1.573E-01 3.240E-01 8.246E+03 3.535E+02 1.86E-08
10160   1.3507  3.90E-05 6.431E-04 3.268E-03 3.087E-09 6.525E-07 3.572E-02 8.084E-02 1.577E-01 3.214E-01 8.199E+03 3.533E+02 1.85E-08
10180   1.3515  3.89E-05 6.407E-04 3.260E-03 3.060E-09 6.584E-07 3.565E-02 8.074E-02 1.555E-01 3.189E-01 8.153E+03 3.540E+02 1.84E-08
10200   1.3522  3.88E-05 6.380E-04 3.252E-03 3.013E-09 6.638E-07 3.558E-02 8.065E-02 1.568E-01 3.172E-01 8.107E+03 3.523E+02 1.81E-08
10220   1.3530  3.88E-05 6.353E-04 3.244E-03 2.970E-09 6.683E-07 3.550E-02 8.055E-02 1.612E-01 3.167E-01 8.061E+03 3.498E+02 1.78E-08
10240   1.3538  3.88E-05 6.336E-04 3.236E-03 2.959E-09 6.714E-07 3.545E-02 8.045E-02 1.608E-01 3.190E-01 8.016E+03 3.516E+02 1.78E-08
10260   1.3546  3.89E-05 6.322E-04 3.229E-03 2.975E-09 6.730E-07 3.541E-02 8.036E-02 1.613E-01 3.217E-01 7.971E+03 3.536E+02 1.79E-08
10280   1.3553  3.86E-05 6.301E-04 3.221E-03 2.983E-09 6.734E-07 3.536E-02 8.026E-02 1.623E-01 3.196E-01 7.927E+03 3.536E+02 1.79E-08
10300   1.3561  3.87E-05 6.275E-04 3.213E-03 2.985E-09 6.725E-07 3.528E-02 8.016E-02 1.583E-01 3.170E-01 7.883E+03 3.514E+02 1.79E-08
10320   1.3569  3.86E-05 6.250E-04 3.205E-03 3.001E-09 6.706E-07 3.521E-02 8.007E-02 1.540E-01 3.174E-01 7.840E+03 3.502E+02 1.80E-08
10340   1.3577  3.86E-05 6.229E-04 3.198E-03 3.023E-09 6.676E-07 3.515E-02 7.997E-02 1.503E-01 3.173E-01 7.798E+03 3.504E+02 1.81E-08
10360   1.3584  3.86E-05 6.211E-04 3.190E-03 3.036E-09 6.639E-07 3.510E-02 7.987E-02 1.504E-01 3.142E-01 7.756E+03 3.515E+02 1.82E-08
10380   1.3592  3.88E-05 6.192E-04 3.182E-03 3.040E-09 6.596E-07 3.505E-02 7.978E-02 1.481E-01 3.111E-01 7.714E+03 3.504E+02 1.82E-08
10400   1.3600  3.88E-05 6.174E-04 3.175E-03 3.039E-09 6.546E-07 3.500E-02 7.968E-02 1.572E-01 3.117E-01 7.672E+03 3.497E+02 1.82E-08
10420   1.3608  3.88E-05 6.160E-04 3.167E-03 3.034E-09 6.489E-07 3.496E-02 7.959E-02 1.608E-01 3.131E-01 7.630E+03 3.502E+02 1.82E-08
10440   1.3615  3.92E-05 6.147E-04 3.160E-03 3.026E-09 6.424E-07 3.492E-02 7.950E-02 1.573E-01 3.147E-01 7.589E+03 3.508E+02 1.82E-08
10460   1.3623  3.88E-05 6.132E-04 3.153E-03 3.042E-09 6.350E-07 3.488E-02 7.941E-02 1.537E-01 3.161E-01 7.548E+03 3.515E+02 1.83E-08
10480   1.3631  3.84E-05 6.111E-04 3.145E-03 3.091E-09 6.270E-07 3.482E-02 7.931E-02 1.560E-01 3.193E-01 7.507E+03 3.519E+02 1.85E-08
10500   1.3639  3.84E-05 6.084E-04 3.138E-03 3.151E-09 6.189E-07 3.474E-02 7.922E-02 1.558E-01 3.228E-01 7.468E+03 3.501E+02 1.89E-08
10520   1.3646  3.90E-05 6.055E-04 3.131E-03 3.202E-09 6.112E-07 3.465E-02 7.913E-02 1.611E-01 3.295E-01 7.428E+03 3.488E+02 1.92E-08
10540   1.3654  3.92E-05 6.029E-04 3.123E-03 3.247E-09 6.045E-07 3.458E-02 7.904E-02 1.612E-01 3.305E-01 7.389E+03 3.477E+02 1.95E-08
10560   1.3662  3.93E-05 6.009E-04 3.116E-03 3.284E-09 5.996E-07 3.452E-02 7.894E-02 1.571E-01 3.284E-01 7.349E+03 3.484E+02 1.97E-08
10580   1.3670  3.94E-05 5.993E-04 3.109E-03 3.294E-09 5.969E-07 3.448E-02 7.885E-02 1.499E-01 3.289E-01 7.310E+03 3.495E+02 1.98E-08
10600   1.3678  3.96E-05 5.975E-04 3.101E-03 3.288E-09 5.967E-07 3.443E-02 7.876E-02 1.477E-01 3.290E-01 7.271E+03 3.494E+02 1.97E-08
10620   1.3686  3.94E-05 5.956E-04 3.094E-03 3.283E-09 5.988E-07 3.437E-02 7.867E-02 1.452E-01 3.275E-01 7.232E+03 3.487E+02 1.97E-08
10640   1.3694  3.95E-05 5.936E-04 3.087E-03 3.256E-09 6.033E-07 3.431E-02 7.857E-02 1.476E-01 3.233E-01 7.194E+03 3.472E+02 1.95E-08
10660   1.3702  3.95E-05 5.920E-04 3.080E-03 3.204E-09 6.095E-07 3.427E-02 7.848E-02 1.480E-01 3.212E-01 7.156E+03 3.468E+02 1.92E-08
10680   1.3709  3.96E-05 5.908E-04 3.072E-03 3.181E-09 6.170E-07 3.423E-02 7.839E-02 1.471E-01 3.196E-01 7.118E+03 3.490E+02 1.91E-08
10700   1.3717  3.97E-05 5.893E-04 3.065E-03 3.193E-09 6.254E-07 3.419E-02 7.830E-02 1.448E-01 3.174E-01 7.081E+03 3.489E+02 1.92E-08
10720   1.3725  3.95E-05 5.873E-04 3.058E-03 3.160E-09 6.347E-07 3.413E-02 7.821E-02 1.443E-01 3.181E-01 7.044E+03 3.483E+02 1.90E-08
10740   1.3733  3.95E-05 5.850E-04 3.051E-03 3.089E-09 6.444E-07 3.406E-02 7.812E-02 1.443E-01 3.177E-01 7.007E+03 3.459E+02 1.85E-08
10760   1.3741  3.93E-05 5.832E-04 3.044E-03 3.043E-09 6.537E-07 3.401E-02 7.803E-02 1.468E-01 3.176E-01 6.971E+03 3.450E+02 1.83E-08
10780   1.3749  3.94E-05 5.821E-04 3.037E-03 3.006E-09 6.622E-07 3.398E-02 7.794E-02 1.510E-01 3.182E-01 6.935E+03 3.470E+02 1.80E-08
10800   1.3757  3.92E-05 5.810E-04 3.030E-03 2.952E-09 6.694E-07 3.395E-02 7.785E-02 1.563E-01 3.180E-01 6.900E+03 3.489E+02 1.77E-08
10820   1.3765  3.91E-05 5.789E-04 3.023E-03 2.927E-09 6.747E-07 3.389E-02 7.776E-02 1.553E-01 3.171E-01 6.865E+03 3.479E+02 1.76E-08
10840   1.3772  3.92E-05 5.762E-04 3.017E-03 2.954E-09 6.781E-07 3.381E-02 7.767E-02 1.506E-01 3.169E-01 6.831E+03 3.461E+02 1.77E-08
10860   1.3780  3.95E-05 5.736E-04 3.010E-03 2.981E-09 6.797E-07 3.373E-02 7.758E-02 1.522E-01 3.171E-01 6.796E+03 3.445E+02 1.79E-08
10880   1.3788  3.97E-05 5.716E-04 3.003E-03 2.984E-09 6.798E-07 3.368E-02 7.749E-02 1.484E-01 3.135E-01 6.762E+03 3.440E+02 1.79E-08
10900   1.3796  3.96E-05 5.703E-04 2.996E-03 2.996E-09 6.786E-07 3.364E-02 7.740E-02 1.498E-01 3.113E-01 6.728E+03 3.449E+02 1.80E-08
10920   1.3804  3.97E-05 5.693E-04 2.989E-03 3.023E-09 6.761E-07 3.360E-02 7.731E-02 1.508E-01 3.124E-01 6.694E+03 3.462E+02 1.81E-08
10940   1.3812  3.99E-05 5.679E-04 2.982E-03 3.044E-09 6.726E-07 3.357E-02 7.722E-02 1.438E-01 3.117E-01 6.660E+03 3.461E+02 1.83E-08
10960   1.3820  3.98E-05 5.661E-04 2.975E-03 3.065E-09 6.683E-07 3.351E-02 7.714E-02 1.447E-01 3.074E-01 6.627E+03 3.457E+02 1.84E-08
10980   1.3828  3.95E-05 5.640E-04 2.968E-03 3.099E-09 6.635E-07 3.345E-02 7.705E-02 1.449E-01 3.053E-01 6.595E+03 3.447E+02 1.86E-08
11000   1.3836  3.92E-05 5.618E-04 2.962E-03 3.121E-09 6.587E-07 3.339E-02 7.696E-02 1.411E-01 3.053E-01 6.563E+03 3.432E+02 1.87E-08
11020   1.3844  3.94E-05 5.602E-04 2.955E-03 3.122E-09 6.539E-07 3.334E-02 7.688E-02 1.467E-01 3.076E-01 6.531E+03 3.430E+02 1.87E-08
11040   1.3852  3.94E-05 5.591E-04 2.949E-03 3.119E-09 6.493E-07 3.330E-02 7.679E-02 1.493E-01 3.100E-01 6.499E+03 3.441E+02 1.87E-08
11060   1.3859  3.97E-05 5.579E-04 2.942E-03 3.120E-09 6.449E-07 3.327E-02 7.671E-02 1.420E-01 3.101E-01 6.467E+03 3.447E+02 1.87E-08
11080   1.3867  3.97E-05 5.564E-04 2.935E-03 3.106E-09 6.405E-07 3.322E-02 7.662E-02 1.437E-01 3.125E-01 6.436E+03 3.447E+02 1.86E-08
11100   1.3875  3.97E-05 5.545E-04 2.929E-03 3.103E-09 6.363E-07 3.317E-02 7.653E-02 1.406E-01 3.145E-01 6.404E+03 3.426E+02 1.86E-08
11120   1.3883  3.97E-05 5.530E-04 2.922E-03 3.132E-09 6.320E-07 3.312E-02 7.645E-02 1.424E-01 3.112E-01 6.373E+03 3.413E+02 1.88E-08
11140   1.3891  3.95E-05 5.522E-04 2.915E-03 3.171E-09 6.281E-07 3.310E-02 7.636E-02 1.478E-01 3.076E-01 6.343E+03 3.425E+02 1.90E-08
11160   1.3899  3.96E-05 5.516E-04 2.909E-03 3.195E-09 6.251E-07 3.308E-02 7.628E-02 1.466E-01 3.042E-01 6.312E+03 3.435E+02 1.92E-08
11180   1.3907  3.97E-05 5.508E-04 2.903E-03 3.195E-09 6.233E-07 3.306E-02 7.619E-02 1.442E-01 3.019E-01 6.282E+03 3.441E+02 1.92E-08
11200   1.3915  3.97E-05 5.494E-04 2.896E-03 3.183E-09 6.226E-07 3.301E-02 7.611E-02 1.427E-01 2.990E-01 6.252E+03 3.440E+02 1.91E-08
11220   1.3923  3.95E-05 5.474E-04 2.890E-03 3.160E-09 6.230E-07 3.295E-02 7.603E-02 1.439E-01 2.975E-01 6.222E+03 3.427E+02 1.90E-08
11240   1.3931  3.95E-05 5.451E-04 2.884E-03 3.134E-09 6.242E-07 3.288E-02 7.595E-02 1.468E-01 2.970E-01 6.193E+03 3.413E+02 1.88E-08
11260   1.3939  3.95E-05 5.430E-04 2.878E-03 3.115E-09 6.258E-07 3.282E-02 7.586E-02 1.467E-01 2.945E-01 6.164E+03 3.422E+02 1.87E-08
11280   1.3947  3.97E-05 5.407E-04 2.871E-03 3.099E-09 6.276E-07 3.275E-02 7.578E-02 1.398E-01 2.940E-01 6.135E+03 3.417E+02 1.86E-08
11300   1.3955  4.01E-05 5.383E-04 2.865E-03 3.088E-09 6.295E-07 3.267E-02 7.569E-02 1.413E-01 2.936E-01 6.106E+03 3.404E+02 1.85E-08
11320   1.3963  4.00E-05 5.362E-04 2.858E-03 3.092E-09 6.312E-07 3.261E-02 7.561E-02 1.388E-01 2.923E-01 6.077E+03 3.397E+02 1.86E-08
11340   1.3971  4.00E-05 5.346E-04 2.852E-03 3.089E-09 6.329E-07 3.256E-02 7.552E-02 1.395E-01 2.917E-01 6.049E+03 3.398E+02 1.85E-08
11360   1.3979  3.99E-05 5.333E-04 2.845E-03 3.062E-09 6.344E-07 3.252E-02 7.544E-02 1.396E-01 2.915E-01 6.020E+03 3.397E+02 1.84E-08
11380   1.3987  4.02E-05 5.324E-04 2.839E-03 3.034E-09 6.355E-07 3.249E-02 7.535E-02 1.388E-01 2.915E-01 5.992E+03 3.395E+02 1.82E-08
11400   1.3995  4.04E-05 5.317E-04 2.832E-03 3.014E-09 6.358E-07 3.247E-02 7.527E-02 1.401E-01 2.926E-01 5.964E+03 3.395E+02 1.81E-08
11420   1.4003  4.04E-05 5.311E-04 2.826E-03 3.017E-09 6.351E-07 3.245E-02 7.518E-02 1.404E-01 2.944E-01 5.936E+03 3.403E+02 1.81E-08
11440   1.4011  4.02E-05 5.302E-04 2.820E-03 3.050E-09 6.333E-07 3.243E-02 7.510E-02 1.374E-01 2.932E-01 5.909E+03 3.402E+02 1.83E-08
11460   1.4019  4.05E-05 5.290E-04 2.814E-03 3.086E-09 6.308E-07 3.239E-02 7.502E-02 1.290E-01 2.919E-01 5.881E+03 3.400E+02 1.85E-08
11480   1.4027  4.04E-05 5.273E-04 2.808E-03 3.103E-09 6.281E-07 3.234E-02 7.494E-02 1.296E-01 2.906E-01 5.854E+03 3.401E+02 1.86E-08
11500   1.4035  4.03E-05 5.251E-04 2.802E-03 3.113E-09 6.254E-07 3.227E-02 7.486E-02 1.320E-01 2.906E-01 5.827E+03 3.382E+02 1.87E-08
11520   1.4043  4.02E-05 5.230E-04 2.796E-03 3.116E-09 6.227E-07 3.221E-02 7.477E-02 1.345E-01 2.927E-01 5.800E+03 3.358E+02 1.87E-08
11540   1.4051  4.04E-05 5.220E-04 2.789E-03 3.109E-09 6.201E-07 3.218E-02 7.469E-02 1.357E-01 2.959E-01 5.774E+03 3.367E+02 1.87E-08
11560   1.4059  4.03E-05 5.215E-04 2.783E-03 3.109E-09 6.176E-07 3.216E-02 7.461E-02 1.310E-01 2.963E-01 5.747E+03 3.389E+02 1.87E-08
11580   1.4067  4.01E-05 5.205E-04 2.777E-03 3.122E-09 6.152E-07 3.213E-02 7.453E-02 1.353E-01 2.941E-01 5.720E+03 3.391E+02 1.87E-08
11600   1.4075  3.98E-05 5.189E-04 2.771E-03 3.146E-09 6.130E-07 3.208E-02 7.445E-02 1.336E-01 2.914E-01 5.694E+03 3.376E+02 1.89E-08
11620   1.4083  3.94E-05 5.172E-04 2.765E-03 3.174E-09 6.113E-07 3.203E-02 7.436E-02 1.343E-01 2.897E-01 5.668E+03 3.364E+02 1.90E-08
11640   1.4091  3.93E-05 5.156E-04 2.759E-03 3.204E-09 6.106E-07 3.198E-02 7.428E-02 1.334E-01 2.903E-01 5.643E+03 3.359E+02 1.92E-08
11660   1.4099  3.97E-05 5.145E-04 2.753E-03 3.230E-09 6.112E-07 3.194E-02 7.420E-02 1.293E-01 2.947E-01 5.617E+03 3.362E+02 1.94E-08
11680   1.4107  4.03E-05 5.135E-04 2.747E-03 3.229E-09 6.133E-07 3.191E-02 7.412E-02 1.319E-01 2.940E-01 5.592E+03 3.359E+02 1.94E-08
11700   1.4115  4.05E-05 5.126E-04 2.741E-03 3.199E-09 6.172E-07 3.189E-02 7.404E-02 1.358E-01 2.931E-01 5.566E+03 3.364E+02 1.92E-08
11720   1.4123  4.03E-05 5.117E-04 2.735E-03 3.161E-09 6.222E-07 3.186E-02 7.396E-02 1.426E-01 2.899E-01 5.541E+03 3.358E+02 1.90E-08
11740   1.4131  4.01E-05 5.106E-04 2.729E-03 3.115E-09 6.280E-07 3.183E-02 7.388E-02 1.485E-01 2.858E-01 5.516E+03 3.366E+02 1.87E-08
11760   1.4139  4.02E-05 5.092E-04 2.723E-03 3.087E-09 6.339E-07 3.179E-02 7.380E-02 1.439E-01 2.820E-01 5.491E+03 3.365E+02 1.85E-08
11780   1.4147  4.01E-05 5.073E-04 2.718E-03 3.096E-09 6.396E-07 3.173E-02 7.372E-02 1.394E-01 2.796E-01 5.467E+03 3.353E+02 1.86E-08
11800   1.4155  4.02E-05 5.053E-04 2.712E-03 3.092E-09 6.452E-07 3.166E-02 7.364E-02 1.381E-01 2.788E-01 5.442E+03 3.343E+02 1.86E-08
11820   1.4163  4.04E-05 5.034E-04 2.706E-03 3.067E-09 6.507E-07 3.160E-02 7.357E-02 1.370E-01 2.753E-01 5.417E+03 3.344E+02 1.84E-08
11840   1.4171  4.03E-05 5.017E-04 2.700E-03 3.063E-09 6.558E-07 3.155E-02 7.349E-02 1.320E-01 2.729E-01 5.393E+03 3.330E+02 1.84E-08
11860   1.4179  4.04E-05 5.006E-04 2.694E-03 3.062E-09 6.604E-07 3.151E-02 7.341E-02 1.333E-01 2.751E-01 5.369E+03 3.334E+02 1.84E-08
11880   1.4188  4.02E-05 4.997E-04 2.689E-03 3.041E-09 6.645E-07 3.148E-02 7.333E-02 1.304E-01 2.802E-01 5.345E+03 3.356E+02 1.82E-08
11900   1.4196  4.02E-05 4.983E-04 2.683E-03 3.021E-09 6.679E-07 3.143E-02 7.325E-02 1.416E-01 2.835E-01 5.321E+03 3.340E+02 1.81E-08
11920   1.4204  4.01E-05 4.966E-04 2.677E-03 3.003E-09 6.703E-07 3.138E-02 7.318E-02 1.420E-01 2.842E-01 5.297E+03 3.319E+02 1.80E-08
11940   1.4212  4.02E-05 4.954E-04 2.672E-03 2.986E-09 6.716E-07 3.134E-02 7.310E-02 1.348E-01 2.851E-01 5.273E+03 3.313E+02 1.79E-08
11960   1.4220  4.02E-05 4.950E-04 2.666E-03 2.981E-09 6.715E-07 3.133E-02 7.302E-02 1.312E-01 2.861E-01 5.249E+03 3.328E+02 1.79E-08
11980   1.4228  4.03E-05 4.946E-04 2.660E-03 2.978E-09 6.699E-07 3.131E-02 7.294E-02 1.327E-01 2.844E-01 5.225E+03 3.338E+02 1.79E-08
12000   1.4236  4.06E-05 4.937E-04 2.655E-03 2.991E-09 6.668E-07 3.129E-02 7.287E-02 1.298E-01 2.804E-01 5.202E+03 3.331E+02 1.79E-08
