#---it-------t--------ee2m------aa2m------emag------EEGW------hrms------brms------erms------EEEM------bmax---
      0     -0.990 1.403E-17 4.668E-21 0.000E+00 0.000E+00 0.000E+00 0.000E+00 0.000E+00 0.000E+00 0.000E+00
      5     -0.965 4.334E-11 1.533E-15 4.060E-08 2.165E-19 4.028E-12 1.618E-06 7.792E-06 3.167E-11 6.819E-06
     10     -0.940 8.109E-09 8.370E-13 2.311E-05 4.821E-15 1.014E-09 3.861E-05 1.037E-04 6.118E-09 1.628E-04
     15     -0.915 2.129E-07 4.755E-11 1.299E-03 2.655E-12 3.469E-08 2.895E-04 5.334E-04 1.842E-07 1.220E-03
     20     -0.890 1.780E-06 7.915E-10 2.046E-02 1.917E-10 4.110E-07 1.149E-03 1.586E-03 1.917E-06 4.815E-03
     25     -0.865 6.791E-06 5.807E-09 1.357E-01 3.288E-09 2.386E-06 2.958E-03 3.235E-03 9.607E-06 1.207E-02
     30     -0.840 1.566E-05 2.388E-08 4.821E-01 1.890E-08 8.137E-06 5.577E-03 5.104E-03 2.857E-05 2.195E-02
     35     -0.815 2.848E-05 6.608E-08 1.114E+00 5.315E-08 1.868E-05 8.476E-03 6.915E-03 5.983E-05 3.328E-02
     40     -0.790 4.756E-05 1.422E-07 1.970E+00 1.131E-07 3.298E-05 1.127E-02 8.683E-03 1.012E-04 4.259E-02
     45     -0.765 7.551E-05 2.638E-07 2.998E+00 2.091E-07 5.005E-05 1.391E-02 1.053E-02 1.521E-04 5.466E-02
     50     -0.740 1.129E-04 4.496E-07 4.231E+00 3.333E-07 6.920E-05 1.652E-02 1.252E-02 2.149E-04 6.141E-02
     55     -0.715 1.574E-04 7.264E-07 5.759E+00 5.263E-07 8.949E-05 1.927E-02 1.459E-02 2.922E-04 7.574E-02
     60     -0.690 2.099E-04 1.123E-06 7.609E+00 8.254E-07 1.125E-04 2.215E-02 1.671E-02 3.849E-04 8.934E-02
     65     -0.665 2.737E-04 1.673E-06 9.767E+00 1.158E-06 1.413E-04 2.510E-02 1.891E-02 4.938E-04 9.756E-02
     70     -0.640 3.484E-04 2.416E-06 1.227E+01 1.549E-06 1.760E-04 2.814E-02 2.119E-02 6.204E-04 1.041E-01
     75     -0.615 4.332E-04 3.400E-06 1.518E+01 2.039E-06 2.161E-04 3.129E-02 2.353E-02 7.662E-04 1.208E-01
     80     -0.590 5.306E-04 4.677E-06 1.847E+01 2.666E-06 2.617E-04 3.452E-02 2.593E-02 9.320E-04 1.400E-01
     85     -0.565 6.412E-04 6.306E-06 2.218E+01 3.407E-06 3.134E-04 3.783E-02 2.841E-02 1.119E-03 1.482E-01
     90     -0.540 7.644E-04 8.355E-06 2.635E+01 4.265E-06 3.717E-04 4.123E-02 3.094E-02 1.328E-03 1.517E-01
     95     -0.515 9.021E-04 1.090E-05 3.098E+01 5.291E-06 4.366E-04 4.470E-02 3.352E-02 1.561E-03 1.718E-01
    100     -0.490 1.055E-03 1.402E-05 3.610E+01 6.494E-06 5.085E-04 4.825E-02 3.617E-02 1.819E-03 1.860E-01
    105     -0.465 1.223E-03 1.781E-05 4.173E+01 7.877E-06 5.877E-04 5.188E-02 3.888E-02 2.102E-03 1.922E-01
    110     -0.440 1.407E-03 2.236E-05 4.790E+01 9.458E-06 6.746E-04 5.558E-02 4.164E-02 2.412E-03 2.058E-01
    115     -0.415 1.609E-03 2.780E-05 5.462E+01 1.128E-05 7.694E-04 5.935E-02 4.446E-02 2.750E-03 2.259E-01
    120     -0.390 1.827E-03 3.424E-05 6.192E+01 1.334E-05 8.724E-04 6.320E-02 4.732E-02 3.117E-03 2.421E-01
    125     -0.365 2.064E-03 4.180E-05 6.983E+01 1.566E-05 9.840E-04 6.711E-02 5.024E-02 3.514E-03 2.620E-01
    130     -0.340 2.320E-03 5.063E-05 7.837E+01 1.828E-05 1.104E-03 7.110E-02 5.321E-02 3.943E-03 2.698E-01
    135     -0.315 2.595E-03 6.088E-05 8.756E+01 2.120E-05 1.234E-03 7.515E-02 5.622E-02 4.404E-03 2.862E-01
    140     -0.290 2.890E-03 7.271E-05 9.741E+01 2.444E-05 1.373E-03 7.927E-02 5.928E-02 4.899E-03 3.040E-01
    145     -0.265 3.206E-03 8.629E-05 1.079E+02 2.803E-05 1.522E-03 8.344E-02 6.238E-02 5.427E-03 3.157E-01
    150     -0.240 3.543E-03 1.018E-04 1.192E+02 3.200E-05 1.682E-03 8.768E-02 6.553E-02 5.991E-03 3.304E-01
    155     -0.215 3.902E-03 1.195E-04 1.312E+02 3.635E-05 1.851E-03 9.198E-02 6.871E-02 6.591E-03 3.474E-01
    160     -0.190 4.283E-03 1.394E-04 1.439E+02 4.111E-05 2.032E-03 9.633E-02 7.194E-02 7.228E-03 3.655E-01
    165     -0.165 4.688E-03 1.620E-04 1.574E+02 4.631E-05 2.223E-03 1.007E-01 7.521E-02 7.903E-03 3.903E-01
    170     -0.140 5.116E-03 1.874E-04 1.716E+02 5.197E-05 2.425E-03 1.052E-01 7.851E-02 8.617E-03 4.138E-01
    175     -0.115 5.569E-03 2.157E-04 1.867E+02 5.810E-05 2.639E-03 1.097E-01 8.185E-02 9.370E-03 4.376E-01
    180     -0.090 6.047E-03 2.474E-04 2.025E+02 6.473E-05 2.864E-03 1.143E-01 8.523E-02 1.016E-02 4.538E-01
    185     -0.065 6.549E-03 2.827E-04 2.192E+02 7.188E-05 3.101E-03 1.189E-01 8.864E-02 1.100E-02 4.545E-01
    190     -0.040 7.079E-03 3.218E-04 2.367E+02 7.959E-05 3.350E-03 1.236E-01 9.210E-02 1.188E-02 4.662E-01
    195     -0.015 7.635E-03 3.651E-04 2.551E+02 8.789E-05 3.611E-03 1.283E-01 9.560E-02 1.280E-02 4.716E-01
    200      0.010 8.218E-03 4.129E-04 2.743E+02 9.683E-05 3.885E-03 1.330E-01 9.913E-02 1.376E-02 4.756E-01
    205      0.035 8.830E-03 4.655E-04 2.945E+02 1.064E-04 4.171E-03 1.378E-01 1.027E-01 1.477E-02 4.901E-01
    210      0.060 9.472E-03 5.233E-04 3.155E+02 1.167E-04 4.470E-03 1.427E-01 1.063E-01 1.583E-02 5.134E-01
    215      0.085 1.014E-02 5.866E-04 3.375E+02 1.278E-04 4.782E-03 1.476E-01 1.100E-01 1.693E-02 5.128E-01
    220      0.110 1.084E-02 6.559E-04 3.605E+02 1.395E-04 5.109E-03 1.525E-01 1.137E-01 1.809E-02 5.345E-01
    225      0.135 1.157E-02 7.314E-04 3.845E+02 1.520E-04 5.449E-03 1.575E-01 1.174E-01 1.929E-02 5.667E-01
    230      0.160 1.234E-02 8.137E-04 4.095E+02 1.653E-04 5.803E-03 1.625E-01 1.211E-01 2.054E-02 5.833E-01
    235      0.185 1.313E-02 9.032E-04 4.355E+02 1.794E-04 6.173E-03 1.676E-01 1.249E-01 2.185E-02 6.024E-01
    240      0.210 1.396E-02 1.000E-03 4.626E+02 1.943E-04 6.557E-03 1.727E-01 1.288E-01 2.321E-02 6.051E-01
    245      0.235 1.481E-02 1.106E-03 4.908E+02 2.102E-04 6.956E-03 1.779E-01 1.326E-01 2.462E-02 6.133E-01
    250      0.260 1.570E-02 1.219E-03 5.201E+02 2.269E-04 7.372E-03 1.832E-01 1.365E-01 2.609E-02 6.318E-01
    255      0.285 1.662E-02 1.342E-03 5.504E+02 2.446E-04 7.803E-03 1.884E-01 1.404E-01 2.761E-02 6.417E-01
    260      0.310 1.758E-02 1.475E-03 5.819E+02 2.633E-04 8.250E-03 1.937E-01 1.444E-01 2.919E-02 6.725E-01
    265      0.335 1.857E-02 1.617E-03 6.145E+02 2.829E-04 8.713E-03 1.991E-01 1.483E-01 3.082E-02 6.997E-01
    270      0.360 1.959E-02 1.771E-03 6.483E+02 3.036E-04 9.193E-03 2.045E-01 1.523E-01 3.251E-02 7.228E-01
    275      0.385 2.066E-02 1.936E-03 6.833E+02 3.253E-04 9.691E-03 2.099E-01 1.564E-01 3.426E-02 7.417E-01
    280      0.410 2.175E-02 2.112E-03 7.194E+02 3.481E-04 1.021E-02 2.154E-01 1.604E-01 3.607E-02 7.628E-01
    285      0.435 2.289E-02 2.301E-03 7.568E+02 3.719E-04 1.074E-02 2.209E-01 1.645E-01 3.794E-02 7.877E-01
    290      0.460 2.406E-02 2.503E-03 7.953E+02 3.969E-04 1.129E-02 2.265E-01 1.686E-01 3.987E-02 8.131E-01
    295      0.485 2.527E-02 2.719E-03 8.351E+02 4.231E-04 1.185E-02 2.321E-01 1.728E-01 4.186E-02 8.402E-01
    300      0.510 2.653E-02 2.950E-03 8.761E+02 4.507E-04 1.244E-02 2.377E-01 1.770E-01 4.391E-02 8.691E-01
    305      0.535 2.781E-02 3.196E-03 9.184E+02 4.796E-04 1.304E-02 2.434E-01 1.812E-01 4.603E-02 8.829E-01
    310      0.560 2.914E-02 3.457E-03 9.620E+02 5.099E-04 1.366E-02 2.491E-01 1.854E-01 4.821E-02 8.916E-01
    315      0.585 3.051E-02 3.735E-03 1.007E+03 5.415E-04 1.430E-02 2.549E-01 1.896E-01 5.046E-02 8.999E-01
    320      0.610 3.191E-02 4.031E-03 1.053E+03 5.745E-04 1.496E-02 2.606E-01 1.939E-01 5.277E-02 9.312E-01
    325      0.635 3.336E-02 4.345E-03 1.101E+03 6.089E-04 1.563E-02 2.664E-01 1.982E-01 5.515E-02 9.798E-01
    330      0.660 3.484E-02 4.678E-03 1.149E+03 6.448E-04 1.633E-02 2.723E-01 2.026E-01 5.759E-02 1.024E+00
    335      0.685 3.637E-02 5.030E-03 1.200E+03 6.822E-04 1.705E-02 2.782E-01 2.070E-01 6.011E-02 1.048E+00
    340      0.710 3.794E-02 5.403E-03 1.251E+03 7.211E-04 1.778E-02 2.841E-01 2.114E-01 6.269E-02 1.059E+00
    345      0.735 3.955E-02 5.798E-03 1.304E+03 7.614E-04 1.854E-02 2.900E-01 2.158E-01 6.534E-02 1.064E+00
    350      0.760 4.121E-02 6.215E-03 1.359E+03 8.034E-04 1.932E-02 2.960E-01 2.202E-01 6.807E-02 1.062E+00
    355      0.785 4.290E-02 6.656E-03 1.414E+03 8.469E-04 2.011E-02 3.020E-01 2.247E-01 7.086E-02 1.058E+00
    360      0.810 4.465E-02 7.120E-03 1.472E+03 8.921E-04 2.093E-02 3.081E-01 2.292E-01 7.373E-02 1.055E+00
    365      0.835 4.643E-02 7.610E-03 1.531E+03 9.390E-04 2.177E-02 3.142E-01 2.337E-01 7.668E-02 1.055E+00
    370      0.860 4.827E-02 8.126E-03 1.591E+03 9.876E-04 2.263E-02 3.203E-01 2.383E-01 7.969E-02 1.069E+00
    375      0.885 5.014E-02 8.669E-03 1.653E+03 1.038E-03 2.351E-02 3.265E-01 2.428E-01 8.279E-02 1.097E+00
    380      0.910 5.207E-02 9.240E-03 1.716E+03 1.090E-03 2.442E-02 3.327E-01 2.474E-01 8.596E-02 1.111E+00
    385      0.935 5.403E-02 9.840E-03 1.781E+03 1.144E-03 2.534E-02 3.389E-01 2.520E-01 8.920E-02 1.132E+00
    390      0.960 5.605E-02 1.047E-02 1.848E+03 1.199E-03 2.629E-02 3.452E-01 2.566E-01 9.252E-02 1.179E+00
    395      0.985 5.812E-02 1.113E-02 1.916E+03 1.257E-03 2.726E-02 3.515E-01 2.613E-01 9.592E-02 1.221E+00
    400      1.010 6.023E-02 1.183E-02 1.985E+03 1.278E-03 2.824E-02 3.578E-01 2.660E-01 9.939E-02 1.246E+00
    405      1.035 6.239E-02 1.256E-02 2.056E+03 1.223E-03 2.903E-02 3.642E-01 2.707E-01 1.029E-01 1.274E+00
    410      1.060 6.461E-02 1.332E-02 2.129E+03 1.291E-03 2.955E-02 3.706E-01 2.754E-01 1.066E-01 1.284E+00
    415      1.085 6.687E-02 1.412E-02 2.203E+03 1.452E-03 2.981E-02 3.770E-01 2.802E-01 1.103E-01 1.275E+00
    420      1.110 6.919E-02 1.495E-02 2.279E+03 1.669E-03 2.987E-02 3.834E-01 2.850E-01 1.141E-01 1.271E+00
    425      1.135 7.156E-02 1.583E-02 2.356E+03 1.903E-03 2.978E-02 3.899E-01 2.898E-01 1.180E-01 1.284E+00
    430      1.160 7.399E-02 1.674E-02 2.435E+03 2.120E-03 2.960E-02 3.963E-01 2.946E-01 1.219E-01 1.308E+00
    435      1.185 7.647E-02 1.770E-02 2.516E+03 2.297E-03 2.938E-02 4.029E-01 2.994E-01 1.260E-01 1.331E+00
    440      1.210 7.901E-02 1.870E-02 2.599E+03 2.420E-03 2.917E-02 4.094E-01 3.043E-01 1.301E-01 1.371E+00
    445      1.235 8.161E-02 1.974E-02 2.683E+03 2.486E-03 2.900E-02 4.160E-01 3.092E-01 1.343E-01 1.403E+00
    450      1.260 8.426E-02 2.082E-02 2.769E+03 2.501E-03 2.888E-02 4.226E-01 3.141E-01 1.386E-01 1.422E+00
    455      1.285 8.696E-02 2.196E-02 2.857E+03 2.476E-03 2.882E-02 4.293E-01 3.191E-01 1.430E-01 1.440E+00
    460      1.310 8.973E-02 2.314E-02 2.947E+03 2.424E-03 2.881E-02 4.360E-01 3.240E-01 1.475E-01 1.464E+00
    465      1.335 9.254E-02 2.438E-02 3.038E+03 2.362E-03 2.884E-02 4.427E-01 3.290E-01 1.521E-01 1.488E+00
    470      1.360 9.542E-02 2.566E-02 3.131E+03 2.300E-03 2.890E-02 4.494E-01 3.340E-01 1.568E-01 1.501E+00
    475      1.385 9.834E-02 2.700E-02 3.226E+03 2.249E-03 2.897E-02 4.562E-01 3.390E-01 1.615E-01 1.494E+00
    480      1.410 1.013E-01 2.839E-02 3.323E+03 2.214E-03 2.903E-02 4.630E-01 3.441E-01 1.664E-01 1.492E+00
    485      1.435 1.044E-01 2.984E-02 3.422E+03 2.197E-03 2.908E-02 4.698E-01 3.492E-01 1.713E-01 1.518E+00
    490      1.460 1.075E-01 3.135E-02 3.522E+03 2.196E-03 2.911E-02 4.766E-01 3.542E-01 1.763E-01 1.570E+00
    495      1.485 1.106E-01 3.291E-02 3.625E+03 2.208E-03 2.913E-02 4.835E-01 3.594E-01 1.815E-01 1.626E+00
    500      1.510 1.138E-01 3.454E-02 3.729E+03 2.228E-03 2.912E-02 4.904E-01 3.645E-01 1.867E-01 1.692E+00
    505      1.535 1.171E-01 3.624E-02 3.835E+03 2.250E-03 2.911E-02 4.974E-01 3.696E-01 1.920E-01 1.745E+00
    510      1.560 1.204E-01 3.800E-02 3.943E+03 2.271E-03 2.909E-02 5.043E-01 3.748E-01 1.974E-01 1.789E+00
    515      1.585 1.238E-01 3.982E-02 4.054E+03 2.288E-03 2.907E-02 5.113E-01 3.800E-01 2.029E-01 1.822E+00
    520      1.610 1.272E-01 4.172E-02 4.166E+03 2.298E-03 2.905E-02 5.184E-01 3.852E-01 2.085E-01 1.846E+00
    525      1.635 1.308E-01 4.368E-02 4.280E+03 2.302E-03 2.904E-02 5.254E-01 3.904E-01 2.143E-01 1.878E+00
    530      1.660 1.343E-01 4.572E-02 4.396E+03 2.301E-03 2.904E-02 5.325E-01 3.956E-01 2.201E-01 1.922E+00
    535      1.685 1.380E-01 4.784E-02 4.515E+03 2.297E-03 2.904E-02 5.396E-01 4.009E-01 2.260E-01 1.940E+00
    540      1.710 1.417E-01 5.003E-02 4.635E+03 2.290E-03 2.906E-02 5.468E-01 4.062E-01 2.320E-01 1.995E+00
    545      1.735 1.455E-01 5.230E-02 4.757E+03 2.284E-03 2.907E-02 5.539E-01 4.115E-01 2.381E-01 2.032E+00
    550      1.760 1.493E-01 5.465E-02 4.882E+03 2.279E-03 2.909E-02 5.611E-01 4.168E-01 2.443E-01 2.046E+00
    555      1.785 1.532E-01 5.709E-02 5.008E+03 2.276E-03 2.911E-02 5.684E-01 4.221E-01 2.506E-01 2.062E+00
    560      1.810 1.572E-01 5.961E-02 5.137E+03 2.274E-03 2.913E-02 5.756E-01 4.274E-01 2.570E-01 2.061E+00
    565      1.835 1.612E-01 6.222E-02 5.268E+03 2.275E-03 2.914E-02 5.829E-01 4.327E-01 2.635E-01 2.071E+00
    570      1.860 1.653E-01 6.493E-02 5.401E+03 2.277E-03 2.916E-02 5.902E-01 4.381E-01 2.701E-01 2.068E+00
    575      1.885 1.695E-01 6.772E-02 5.536E+03 2.279E-03 2.918E-02 5.976E-01 4.434E-01 2.769E-01 2.095E+00
    580      1.910 1.737E-01 7.061E-02 5.673E+03 2.282E-03 2.920E-02 6.049E-01 4.488E-01 2.837E-01 2.101E+00
    585      1.935 1.779E-01 7.360E-02 5.813E+03 2.284E-03 2.922E-02 6.123E-01 4.542E-01 2.906E-01 2.094E+00
    590      1.960 1.822E-01 7.669E-02 5.954E+03 2.285E-03 2.924E-02 6.197E-01 4.596E-01 2.976E-01 2.091E+00
    595      1.985 1.866E-01 7.988E-02 6.098E+03 2.286E-03 2.927E-02 6.272E-01 4.650E-01 3.048E-01 2.078E+00
    600      2.010 1.911E-01 8.317E-02 6.244E+03 2.286E-03 2.930E-02 6.346E-01 4.704E-01 3.120E-01 2.066E+00
    605      2.035 1.956E-01 8.657E-02 6.392E+03 2.285E-03 2.932E-02 6.421E-01 4.758E-01 3.194E-01 2.090E+00
    610      2.060 2.001E-01 9.008E-02 6.541E+03 2.284E-03 2.936E-02 6.496E-01 4.813E-01 3.268E-01 2.124E+00
    615      2.085 2.048E-01 9.371E-02 6.693E+03 2.283E-03 2.939E-02 6.571E-01 4.868E-01 3.343E-01 2.178E+00
    620      2.110 2.095E-01 9.745E-02 6.847E+03 2.283E-03 2.942E-02 6.646E-01 4.923E-01 3.420E-01 2.210E+00
    625      2.135 2.143E-01 1.013E-01 7.003E+03 2.282E-03 2.946E-02 6.721E-01 4.978E-01 3.497E-01 2.222E+00
    630      2.160 2.192E-01 1.053E-01 7.160E+03 2.282E-03 2.949E-02 6.796E-01 5.033E-01 3.576E-01 2.225E+00
    635      2.185 2.241E-01 1.094E-01 7.320E+03 2.282E-03 2.953E-02 6.871E-01 5.089E-01 3.656E-01 2.235E+00
    640      2.210 2.292E-01 1.136E-01 7.481E+03 2.281E-03 2.956E-02 6.947E-01 5.145E-01 3.736E-01 2.241E+00
    645      2.235 2.343E-01 1.179E-01 7.645E+03 2.281E-03 2.960E-02 7.022E-01 5.201E-01 3.818E-01 2.242E+00
    650      2.260 2.395E-01 1.224E-01 7.810E+03 2.281E-03 2.964E-02 7.098E-01 5.258E-01 3.901E-01 2.257E+00
    655      2.285 2.448E-01 1.270E-01 7.978E+03 2.281E-03 2.968E-02 7.174E-01 5.315E-01 3.985E-01 2.280E+00
    660      2.310 2.501E-01 1.318E-01 8.147E+03 2.281E-03 2.971E-02 7.249E-01 5.372E-01 4.071E-01 2.287E+00
    665      2.335 2.556E-01 1.367E-01 8.319E+03 2.282E-03 2.975E-02 7.325E-01 5.430E-01 4.157E-01 2.292E+00
    670      2.360 2.611E-01 1.417E-01 8.493E+03 2.282E-03 2.979E-02 7.401E-01 5.487E-01 4.245E-01 2.324E+00
    675      2.385 2.667E-01 1.469E-01 8.669E+03 2.283E-03 2.983E-02 7.478E-01 5.546E-01 4.334E-01 2.363E+00
    680      2.410 2.724E-01 1.522E-01 8.847E+03 2.283E-03 2.987E-02 7.554E-01 5.604E-01 4.424E-01 2.403E+00
    685      2.435 2.781E-01 1.577E-01 9.028E+03 2.284E-03 2.991E-02 7.631E-01 5.662E-01 4.515E-01 2.439E+00
    690      2.460 2.840E-01 1.634E-01 9.212E+03 2.284E-03 2.995E-02 7.708E-01 5.721E-01 4.608E-01 2.467E+00
    695      2.485 2.899E-01 1.692E-01 9.398E+03 2.284E-03 2.999E-02 7.786E-01 5.780E-01 4.701E-01 2.475E+00
    700      2.510 2.959E-01 1.751E-01 9.586E+03 2.284E-03 3.003E-02 7.863E-01 5.839E-01 4.797E-01 2.507E+00
    705      2.535 3.019E-01 1.812E-01 9.777E+03 2.284E-03 3.007E-02 7.941E-01 5.899E-01 4.893E-01 2.540E+00
    710      2.560 3.081E-01 1.875E-01 9.971E+03 2.284E-03 3.011E-02 8.020E-01 5.958E-01 4.991E-01 2.584E+00
    715      2.585 3.143E-01 1.940E-01 1.017E+04 2.285E-03 3.016E-02 8.099E-01 6.018E-01 5.090E-01 2.613E+00
    720      2.610 3.206E-01 2.007E-01 1.037E+04 2.285E-03 3.020E-02 8.178E-01 6.077E-01 5.191E-01 2.639E+00
    725      2.635 3.269E-01 2.075E-01 1.057E+04 2.286E-03 3.024E-02 8.257E-01 6.137E-01 5.292E-01 2.664E+00
    730      2.660 3.334E-01 2.145E-01 1.078E+04 2.286E-03 3.029E-02 8.337E-01 6.197E-01 5.396E-01 2.672E+00
    735      2.685 3.399E-01 2.217E-01 1.098E+04 2.287E-03 3.033E-02 8.417E-01 6.257E-01 5.500E-01 2.674E+00
    740      2.710 3.464E-01 2.291E-01 1.120E+04 2.287E-03 3.038E-02 8.498E-01 6.317E-01 5.606E-01 2.657E+00
    745      2.735 3.530E-01 2.367E-01 1.141E+04 2.288E-03 3.043E-02 8.579E-01 6.377E-01 5.713E-01 2.648E+00
    750      2.760 3.597E-01 2.445E-01 1.163E+04 2.289E-03 3.047E-02 8.660E-01 6.438E-01 5.822E-01 2.677E+00
    755      2.785 3.665E-01 2.524E-01 1.185E+04 2.289E-03 3.052E-02 8.742E-01 6.498E-01 5.932E-01 2.708E+00
    760      2.810 3.733E-01 2.606E-01 1.207E+04 2.289E-03 3.057E-02 8.824E-01 6.558E-01 6.043E-01 2.735E+00
    765      2.835 3.802E-01 2.690E-01 1.230E+04 2.290E-03 3.063E-02 8.906E-01 6.618E-01 6.156E-01 2.771E+00
    770      2.860 3.872E-01 2.776E-01 1.253E+04 2.290E-03 3.068E-02 8.989E-01 6.679E-01 6.270E-01 2.795E+00
    775      2.885 3.942E-01 2.865E-01 1.276E+04 2.290E-03 3.073E-02 9.071E-01 6.739E-01 6.385E-01 2.836E+00
    780      2.910 4.014E-01 2.955E-01 1.299E+04 2.290E-03 3.079E-02 9.155E-01 6.800E-01 6.502E-01 2.877E+00
    785      2.935 4.086E-01 3.048E-01 1.323E+04 2.291E-03 3.085E-02 9.238E-01 6.860E-01 6.620E-01 2.918E+00
    790      2.960 4.159E-01 3.143E-01 1.347E+04 2.291E-03 3.091E-02 9.322E-01 6.921E-01 6.740E-01 2.931E+00
    795      2.985 4.232E-01 3.240E-01 1.372E+04 2.291E-03 3.097E-02 9.406E-01 6.981E-01 6.860E-01 2.967E+00
    800      3.010 4.307E-01 3.340E-01 1.396E+04 2.291E-03 3.103E-02 9.490E-01 7.042E-01 6.982E-01 3.028E+00
    805      3.035 4.382E-01 3.442E-01 1.421E+04 2.291E-03 3.109E-02 9.574E-01 7.103E-01 7.106E-01 3.060E+00
    810      3.060 4.459E-01 3.546E-01 1.446E+04 2.291E-03 3.115E-02 9.659E-01 7.164E-01 7.231E-01 3.098E+00
    815      3.085 4.536E-01 3.653E-01 1.472E+04 2.290E-03 3.122E-02 9.744E-01 7.224E-01 7.357E-01 3.131E+00
    820      3.110 4.615E-01 3.763E-01 1.498E+04 2.290E-03 3.129E-02 9.829E-01 7.285E-01 7.484E-01 3.161E+00
    825      3.135 4.694E-01 3.875E-01 1.524E+04 2.289E-03 3.135E-02 9.914E-01 7.346E-01 7.613E-01 3.191E+00
    830      3.160 4.774E-01 3.989E-01 1.550E+04 2.288E-03 3.142E-02 1.000E+00 7.407E-01 7.743E-01 3.226E+00
    835      3.185 4.856E-01 4.107E-01 1.577E+04 2.288E-03 3.149E-02 1.009E+00 7.468E-01 7.874E-01 3.238E+00
    840      3.210 4.938E-01 4.226E-01 1.604E+04 2.287E-03 3.156E-02 1.017E+00 7.529E-01 8.007E-01 3.233E+00
    845      3.235 5.021E-01 4.349E-01 1.631E+04 2.286E-03 3.163E-02 1.026E+00 7.590E-01 8.141E-01 3.258E+00
    850      3.260 5.105E-01 4.474E-01 1.659E+04 2.286E-03 3.170E-02 1.034E+00 7.651E-01 8.276E-01 3.288E+00
    855      3.285 5.190E-01 4.603E-01 1.686E+04 2.285E-03 3.177E-02 1.043E+00 7.712E-01 8.413E-01 3.312E+00
    860      3.310 5.276E-01 4.734E-01 1.714E+04 2.284E-03 3.184E-02 1.052E+00 7.773E-01 8.550E-01 3.350E+00
    865      3.335 5.362E-01 4.868E-01 1.743E+04 2.284E-03 3.190E-02 1.060E+00 7.834E-01 8.689E-01 3.404E+00
    870      3.360 5.450E-01 5.005E-01 1.771E+04 2.283E-03 3.197E-02 1.069E+00 7.895E-01 8.830E-01 3.448E+00
    875      3.385 5.538E-01 5.145E-01 1.800E+04 2.283E-03 3.204E-02 1.078E+00 7.957E-01 8.971E-01 3.489E+00
    880      3.410 5.627E-01 5.288E-01 1.829E+04 2.284E-03 3.210E-02 1.086E+00 8.018E-01 9.114E-01 3.540E+00
    885      3.435 5.717E-01 5.434E-01 1.859E+04 2.284E-03 3.217E-02 1.095E+00 8.080E-01 9.259E-01 3.584E+00
    890      3.460 5.807E-01 5.583E-01 1.888E+04 2.285E-03 3.223E-02 1.104E+00 8.141E-01 9.404E-01 3.615E+00
    895      3.485 5.898E-01 5.735E-01 1.918E+04 2.286E-03 3.230E-02 1.112E+00 8.203E-01 9.551E-01 3.655E+00
    900      3.510 5.990E-01 5.891E-01 1.948E+04 2.286E-03 3.236E-02 1.121E+00 8.265E-01 9.699E-01 3.702E+00
    905      3.535 6.083E-01 6.050E-01 1.979E+04 2.286E-03 3.242E-02 1.130E+00 8.327E-01 9.848E-01 3.729E+00
    910      3.560 6.176E-01 6.212E-01 2.009E+04 2.286E-03 3.249E-02 1.138E+00 8.389E-01 9.999E-01 3.723E+00
    915      3.585 6.270E-01 6.377E-01 2.040E+04 2.286E-03 3.255E-02 1.147E+00 8.451E-01 1.015E+00 3.718E+00
    920      3.610 6.364E-01 6.546E-01 2.071E+04 2.285E-03 3.261E-02 1.156E+00 8.513E-01 1.030E+00 3.713E+00
    925      3.635 6.459E-01 6.719E-01 2.103E+04 2.285E-03 3.267E-02 1.165E+00 8.575E-01 1.046E+00 3.699E+00
    930      3.660 6.555E-01 6.894E-01 2.134E+04 2.284E-03 3.273E-02 1.173E+00 8.637E-01 1.061E+00 3.683E+00
    935      3.685 6.651E-01 7.074E-01 2.166E+04 2.284E-03 3.279E-02 1.182E+00 8.700E-01 1.077E+00 3.663E+00
    940      3.710 6.748E-01 7.257E-01 2.199E+04 2.284E-03 3.285E-02 1.191E+00 8.762E-01 1.093E+00 3.642E+00
    945      3.735 6.846E-01 7.444E-01 2.231E+04 2.285E-03 3.291E-02 1.200E+00 8.825E-01 1.109E+00 3.631E+00
    950      3.760 6.944E-01 7.634E-01 2.264E+04 2.285E-03 3.297E-02 1.208E+00 8.888E-01 1.125E+00 3.643E+00
    955      3.785 7.043E-01 7.828E-01 2.297E+04 2.285E-03 3.302E-02 1.217E+00 8.950E-01 1.141E+00 3.693E+00
    960      3.810 7.143E-01 8.026E-01 2.330E+04 2.286E-03 3.308E-02 1.226E+00 9.013E-01 1.158E+00 3.727E+00
    965      3.835 7.244E-01 8.227E-01 2.364E+04 2.286E-03 3.313E-02 1.235E+00 9.076E-01 1.174E+00 3.751E+00
    970      3.860 7.346E-01 8.433E-01 2.397E+04 2.286E-03 3.319E-02 1.244E+00 9.139E-01 1.191E+00 3.787E+00
    975      3.885 7.448E-01 8.642E-01 2.431E+04 2.286E-03 3.324E-02 1.252E+00 9.202E-01 1.208E+00 3.823E+00
    980      3.910 7.551E-01 8.856E-01 2.466E+04 2.286E-03 3.329E-02 1.261E+00 9.265E-01 1.224E+00 3.843E+00
    985      3.935 7.656E-01 9.073E-01 2.500E+04 2.286E-03 3.335E-02 1.270E+00 9.328E-01 1.241E+00 3.869E+00
    990      3.960 7.761E-01 9.294E-01 2.535E+04 2.285E-03 3.340E-02 1.279E+00 9.392E-01 1.259E+00 3.881E+00
    995      3.985 7.867E-01 9.520E-01 2.570E+04 2.284E-03 3.345E-02 1.288E+00 9.455E-01 1.276E+00 3.916E+00
   1000      4.010 7.975E-01 9.749E-01 2.606E+04 2.283E-03 3.350E-02 1.296E+00 9.518E-01 1.293E+00 3.980E+00
   1005      4.035 8.083E-01 9.983E-01 2.641E+04 2.283E-03 3.355E-02 1.305E+00 9.582E-01 1.311E+00 4.027E+00
   1010      4.060 8.193E-01 1.022E+00 2.677E+04 2.282E-03 3.360E-02 1.314E+00 9.645E-01 1.329E+00 4.068E+00
   1015      4.085 8.304E-01 1.046E+00 2.713E+04 2.281E-03 3.364E-02 1.323E+00 9.709E-01 1.346E+00 4.093E+00
   1020      4.110 8.416E-01 1.071E+00 2.750E+04 2.281E-03 3.369E-02 1.332E+00 9.773E-01 1.364E+00 4.092E+00
   1025      4.135 8.530E-01 1.096E+00 2.787E+04 2.281E-03 3.373E-02 1.341E+00 9.837E-01 1.383E+00 4.071E+00
   1030      4.160 8.644E-01 1.122E+00 2.823E+04 2.281E-03 3.377E-02 1.350E+00 9.901E-01 1.401E+00 4.040E+00
   1035      4.185 8.761E-01 1.147E+00 2.861E+04 2.282E-03 3.381E-02 1.358E+00 9.965E-01 1.419E+00 4.029E+00
   1040      4.210 8.878E-01 1.174E+00 2.898E+04 2.282E-03 3.384E-02 1.367E+00 1.003E+00 1.438E+00 4.041E+00
   1045      4.235 8.997E-01 1.201E+00 2.936E+04 2.283E-03 3.388E-02 1.376E+00 1.009E+00 1.456E+00 4.051E+00
   1050      4.260 9.118E-01 1.228E+00 2.974E+04 2.285E-03 3.391E-02 1.385E+00 1.016E+00 1.475E+00 4.051E+00
   1055      4.285 9.239E-01 1.256E+00 3.012E+04 2.286E-03 3.395E-02 1.394E+00 1.022E+00 1.494E+00 4.051E+00
   1060      4.310 9.362E-01 1.284E+00 3.050E+04 2.288E-03 3.398E-02 1.403E+00 1.029E+00 1.513E+00 4.075E+00
   1065      4.335 9.487E-01 1.313E+00 3.088E+04 2.290E-03 3.401E-02 1.411E+00 1.036E+00 1.532E+00 4.082E+00
   1070      4.360 9.613E-01 1.342E+00 3.127E+04 2.291E-03 3.404E-02 1.420E+00 1.042E+00 1.552E+00 4.080E+00
   1075      4.385 9.740E-01 1.372E+00 3.166E+04 2.292E-03 3.407E-02 1.429E+00 1.049E+00 1.571E+00 4.113E+00
   1080      4.410 9.868E-01 1.402E+00 3.206E+04 2.292E-03 3.411E-02 1.438E+00 1.055E+00 1.591E+00 4.132E+00
   1085      4.435 9.998E-01 1.433E+00 3.245E+04 2.292E-03 3.414E-02 1.447E+00 1.062E+00 1.611E+00 4.173E+00
   1090      4.460 1.013E+00 1.464E+00 3.285E+04 2.292E-03 3.417E-02 1.456E+00 1.069E+00 1.630E+00 4.228E+00
   1095      4.485 1.026E+00 1.496E+00 3.325E+04 2.291E-03 3.421E-02 1.464E+00 1.075E+00 1.651E+00 4.268E+00
   1100      4.510 1.039E+00 1.528E+00 3.365E+04 2.289E-03 3.424E-02 1.473E+00 1.082E+00 1.671E+00 4.309E+00
   1105      4.535 1.053E+00 1.561E+00 3.406E+04 2.288E-03 3.428E-02 1.482E+00 1.089E+00 1.691E+00 4.340E+00
   1110      4.560 1.066E+00 1.595E+00 3.447E+04 2.286E-03 3.431E-02 1.491E+00 1.096E+00 1.712E+00 4.365E+00
   1115      4.585 1.080E+00 1.629E+00 3.488E+04 2.285E-03 3.434E-02 1.500E+00 1.102E+00 1.733E+00 4.378E+00
   1120      4.610 1.094E+00 1.663E+00 3.530E+04 2.284E-03 3.437E-02 1.509E+00 1.109E+00 1.754E+00 4.403E+00
   1125      4.635 1.107E+00 1.698E+00 3.572E+04 2.284E-03 3.440E-02 1.518E+00 1.116E+00 1.775E+00 4.431E+00
   1130      4.660 1.121E+00 1.734E+00 3.614E+04 2.283E-03 3.443E-02 1.527E+00 1.123E+00 1.796E+00 4.470E+00
   1135      4.685 1.135E+00 1.770E+00 3.657E+04 2.283E-03 3.446E-02 1.536E+00 1.130E+00 1.817E+00 4.496E+00
   1140      4.710 1.149E+00 1.807E+00 3.701E+04 2.284E-03 3.448E-02 1.545E+00 1.136E+00 1.839E+00 4.516E+00
   1145      4.735 1.164E+00 1.844E+00 3.744E+04 2.284E-03 3.451E-02 1.554E+00 1.143E+00 1.861E+00 4.528E+00
   1150      4.760 1.178E+00 1.882E+00 3.788E+04 2.285E-03 3.453E-02 1.563E+00 1.150E+00 1.883E+00 4.530E+00
   1155      4.785 1.192E+00 1.921E+00 3.833E+04 2.286E-03 3.455E-02 1.572E+00 1.156E+00 1.905E+00 4.528E+00
   1160      4.810 1.207E+00 1.960E+00 3.878E+04 2.287E-03 3.457E-02 1.582E+00 1.163E+00 1.927E+00 4.527E+00
   1165      4.835 1.221E+00 2.000E+00 3.923E+04 2.288E-03 3.459E-02 1.591E+00 1.170E+00 1.950E+00 4.539E+00
   1170      4.860 1.236E+00 2.040E+00 3.969E+04 2.288E-03 3.461E-02 1.600E+00 1.177E+00 1.972E+00 4.584E+00
   1175      4.885 1.251E+00 2.081E+00 4.015E+04 2.289E-03 3.463E-02 1.609E+00 1.183E+00 1.995E+00 4.653E+00
   1180      4.910 1.266E+00 2.123E+00 4.062E+04 2.289E-03 3.465E-02 1.619E+00 1.190E+00 2.018E+00 4.702E+00
   1185      4.935 1.281E+00 2.166E+00 4.109E+04 2.289E-03 3.467E-02 1.628E+00 1.197E+00 2.041E+00 4.722E+00
   1190      4.960 1.296E+00 2.209E+00 4.156E+04 2.290E-03 3.468E-02 1.637E+00 1.203E+00 2.064E+00 4.765E+00
   1195      4.985 1.311E+00 2.252E+00 4.204E+04 2.290E-03 3.470E-02 1.647E+00 1.210E+00 2.088E+00 4.819E+00
   1200      5.010 1.326E+00 2.297E+00 4.252E+04 2.289E-03 3.472E-02 1.656E+00 1.216E+00 2.111E+00 4.907E+00
   1205      5.035 1.342E+00 2.342E+00 4.301E+04 2.289E-03 3.473E-02 1.666E+00 1.223E+00 2.135E+00 4.978E+00
   1210      5.060 1.357E+00 2.388E+00 4.349E+04 2.289E-03 3.475E-02 1.675E+00 1.230E+00 2.159E+00 5.047E+00
   1215      5.085 1.373E+00 2.434E+00 4.399E+04 2.289E-03 3.477E-02 1.684E+00 1.236E+00 2.183E+00 5.122E+00
   1220      5.110 1.388E+00 2.481E+00 4.448E+04 2.288E-03 3.478E-02 1.694E+00 1.243E+00 2.207E+00 5.165E+00
   1225      5.135 1.404E+00 2.529E+00 4.498E+04 2.288E-03 3.480E-02 1.703E+00 1.250E+00 2.231E+00 5.217E+00
   1230      5.160 1.420E+00 2.578E+00 4.548E+04 2.288E-03 3.481E-02 1.713E+00 1.256E+00 2.256E+00 5.264E+00
   1235      5.185 1.436E+00 2.627E+00 4.599E+04 2.289E-03 3.482E-02 1.722E+00 1.263E+00 2.280E+00 5.295E+00
   1240      5.210 1.452E+00 2.677E+00 4.649E+04 2.290E-03 3.484E-02 1.732E+00 1.269E+00 2.305E+00 5.339E+00
   1245      5.235 1.468E+00 2.728E+00 4.700E+04 2.291E-03 3.485E-02 1.741E+00 1.276E+00 2.330E+00 5.399E+00
   1250      5.260 1.484E+00 2.780E+00 4.752E+04 2.292E-03 3.486E-02 1.751E+00 1.283E+00 2.355E+00 5.439E+00
   1255      5.285 1.500E+00 2.832E+00 4.803E+04 2.293E-03 3.487E-02 1.760E+00 1.289E+00 2.380E+00 5.458E+00
   1260      5.310 1.517E+00 2.885E+00 4.855E+04 2.294E-03 3.489E-02 1.770E+00 1.296E+00 2.405E+00 5.465E+00
   1265      5.335 1.533E+00 2.939E+00 4.906E+04 2.295E-03 3.490E-02 1.779E+00 1.303E+00 2.431E+00 5.469E+00
   1270      5.360 1.550E+00 2.994E+00 4.959E+04 2.296E-03 3.491E-02 1.788E+00 1.309E+00 2.456E+00 5.476E+00
   1275      5.385 1.567E+00 3.050E+00 5.011E+04 2.296E-03 3.493E-02 1.798E+00 1.316E+00 2.482E+00 5.478E+00
   1280      5.410 1.584E+00 3.106E+00 5.063E+04 2.296E-03 3.494E-02 1.807E+00 1.323E+00 2.508E+00 5.495E+00
   1285      5.435 1.601E+00 3.163E+00 5.116E+04 2.296E-03 3.496E-02 1.817E+00 1.330E+00 2.534E+00 5.475E+00
   1290      5.460 1.618E+00 3.221E+00 5.168E+04 2.296E-03 3.498E-02 1.826E+00 1.336E+00 2.560E+00 5.456E+00
   1295      5.485 1.635E+00 3.280E+00 5.221E+04 2.295E-03 3.500E-02 1.835E+00 1.343E+00 2.586E+00 5.425E+00
   1300      5.510 1.652E+00 3.340E+00 5.275E+04 2.295E-03 3.502E-02 1.845E+00 1.350E+00 2.613E+00 5.449E+00
   1305      5.535 1.670E+00 3.400E+00 5.328E+04 2.294E-03 3.504E-02 1.854E+00 1.357E+00 2.639E+00 5.514E+00
   1310      5.560 1.688E+00 3.461E+00 5.382E+04 2.294E-03 3.506E-02 1.863E+00 1.364E+00 2.666E+00 5.569E+00
   1315      5.585 1.705E+00 3.524E+00 5.435E+04 2.295E-03 3.508E-02 1.872E+00 1.371E+00 2.693E+00 5.635E+00
   1320      5.610 1.723E+00 3.587E+00 5.489E+04 2.295E-03 3.510E-02 1.882E+00 1.378E+00 2.720E+00 5.711E+00
   1325      5.635 1.741E+00 3.651E+00 5.544E+04 2.295E-03 3.512E-02 1.891E+00 1.385E+00 2.747E+00 5.772E+00
   1330      5.660 1.759E+00 3.715E+00 5.598E+04 2.296E-03 3.515E-02 1.900E+00 1.392E+00 2.774E+00 5.845E+00
   1335      5.685 1.777E+00 3.781E+00 5.653E+04 2.297E-03 3.517E-02 1.910E+00 1.399E+00 2.802E+00 5.908E+00
   1340      5.710 1.795E+00 3.848E+00 5.708E+04 2.297E-03 3.519E-02 1.919E+00 1.406E+00 2.830E+00 5.954E+00
   1345      5.735 1.813E+00 3.915E+00 5.763E+04 2.297E-03 3.522E-02 1.928E+00 1.413E+00 2.858E+00 5.985E+00
   1350      5.760 1.832E+00 3.984E+00 5.819E+04 2.296E-03 3.525E-02 1.937E+00 1.420E+00 2.886E+00 6.010E+00
   1355      5.785 1.850E+00 4.053E+00 5.875E+04 2.295E-03 3.528E-02 1.947E+00 1.428E+00 2.914E+00 6.046E+00
   1360      5.810 1.869E+00 4.124E+00 5.931E+04 2.294E-03 3.530E-02 1.956E+00 1.435E+00 2.942E+00 6.080E+00
   1365      5.835 1.887E+00 4.195E+00 5.988E+04 2.292E-03 3.533E-02 1.965E+00 1.442E+00 2.971E+00 6.094E+00
   1370      5.860 1.906E+00 4.267E+00 6.045E+04 2.290E-03 3.536E-02 1.975E+00 1.449E+00 3.000E+00 6.105E+00
   1375      5.885 1.925E+00 4.341E+00 6.102E+04 2.288E-03 3.539E-02 1.984E+00 1.456E+00 3.029E+00 6.101E+00
   1380      5.910 1.943E+00 4.415E+00 6.160E+04 2.286E-03 3.541E-02 1.993E+00 1.464E+00 3.058E+00 6.083E+00
   1385      5.935 1.962E+00 4.490E+00 6.218E+04 2.284E-03 3.544E-02 2.003E+00 1.471E+00 3.087E+00 6.055E+00
   1390      5.960 1.981E+00 4.566E+00 6.276E+04 2.283E-03 3.546E-02 2.012E+00 1.478E+00 3.117E+00 6.035E+00
   1395      5.985 2.000E+00 4.644E+00 6.335E+04 2.283E-03 3.549E-02 2.021E+00 1.485E+00 3.146E+00 6.027E+00
   1400      6.010 2.020E+00 4.722E+00 6.394E+04 2.284E-03 3.551E-02 2.031E+00 1.493E+00 3.176E+00 6.053E+00
   1405      6.035 2.039E+00 4.801E+00 6.454E+04 2.286E-03 3.552E-02 2.040E+00 1.500E+00 3.206E+00 6.061E+00
   1410      6.060 2.058E+00 4.881E+00 6.513E+04 2.288E-03 3.554E-02 2.050E+00 1.507E+00 3.236E+00 6.079E+00
   1415      6.085 2.078E+00 4.963E+00 6.574E+04 2.290E-03 3.556E-02 2.059E+00 1.515E+00 3.267E+00 6.090E+00
   1420      6.110 2.097E+00 5.045E+00 6.634E+04 2.293E-03 3.557E-02 2.069E+00 1.522E+00 3.298E+00 6.091E+00
   1425      6.135 2.117E+00 5.128E+00 6.695E+04 2.295E-03 3.559E-02 2.078E+00 1.529E+00 3.329E+00 6.084E+00
   1430      6.160 2.137E+00 5.213E+00 6.757E+04 2.296E-03 3.560E-02 2.088E+00 1.537E+00 3.360E+00 6.081E+00
   1435      6.185 2.157E+00 5.299E+00 6.819E+04 2.297E-03 3.562E-02 2.097E+00 1.544E+00 3.391E+00 6.075E+00
   1440      6.210 2.177E+00 5.385E+00 6.881E+04 2.298E-03 3.563E-02 2.107E+00 1.551E+00 3.422E+00 6.091E+00
   1445      6.235 2.197E+00 5.473E+00 6.943E+04 2.299E-03 3.565E-02 2.116E+00 1.559E+00 3.454E+00 6.134E+00
   1450      6.260 2.217E+00 5.562E+00 7.006E+04 2.299E-03 3.567E-02 2.126E+00 1.566E+00 3.486E+00 6.194E+00
   1455      6.285 2.237E+00 5.652E+00 7.069E+04 2.299E-03 3.569E-02 2.135E+00 1.573E+00 3.518E+00 6.246E+00
   1460      6.310 2.258E+00 5.743E+00 7.133E+04 2.299E-03 3.571E-02 2.145E+00 1.581E+00 3.550E+00 6.284E+00
   1465      6.335 2.278E+00 5.835E+00 7.197E+04 2.298E-03 3.574E-02 2.155E+00 1.588E+00 3.583E+00 6.363E+00
   1470      6.360 2.299E+00 5.928E+00 7.262E+04 2.298E-03 3.576E-02 2.164E+00 1.596E+00 3.615E+00 6.437E+00
   1475      6.385 2.320E+00 6.023E+00 7.327E+04 2.297E-03 3.579E-02 2.174E+00 1.603E+00 3.648E+00 6.502E+00
   1480      6.410 2.341E+00 6.118E+00 7.392E+04 2.297E-03 3.581E-02 2.184E+00 1.611E+00 3.681E+00 6.563E+00
   1485      6.435 2.362E+00 6.215E+00 7.458E+04 2.296E-03 3.584E-02 2.193E+00 1.618E+00 3.714E+00 6.603E+00
   1490      6.460 2.384E+00 6.313E+00 7.524E+04 2.295E-03 3.587E-02 2.203E+00 1.626E+00 3.748E+00 6.621E+00
   1495      6.485 2.405E+00 6.412E+00 7.590E+04 2.294E-03 3.589E-02 2.213E+00 1.633E+00 3.782E+00 6.631E+00
   1500      6.510 2.427E+00 6.513E+00 7.657E+04 2.294E-03 3.592E-02 2.222E+00 1.641E+00 3.816E+00 6.651E+00
   1505      6.535 2.449E+00 6.614E+00 7.724E+04 2.293E-03 3.595E-02 2.232E+00 1.648E+00 3.850E+00 6.668E+00
   1510      6.560 2.471E+00 6.717E+00 7.792E+04 2.292E-03 3.598E-02 2.242E+00 1.656E+00 3.884E+00 6.663E+00
   1515      6.585 2.493E+00 6.821E+00 7.860E+04 2.291E-03 3.601E-02 2.252E+00 1.664E+00 3.919E+00 6.643E+00
   1520      6.610 2.515E+00 6.926E+00 7.929E+04 2.291E-03 3.603E-02 2.261E+00 1.671E+00 3.953E+00 6.626E+00
   1525      6.635 2.538E+00 7.032E+00 7.997E+04 2.290E-03 3.606E-02 2.271E+00 1.679E+00 3.988E+00 6.608E+00
   1530      6.660 2.561E+00 7.140E+00 8.067E+04 2.290E-03 3.609E-02 2.281E+00 1.686E+00 4.024E+00 6.584E+00
   1535      6.685 2.584E+00 7.249E+00 8.137E+04 2.291E-03 3.611E-02 2.291E+00 1.694E+00 4.059E+00 6.562E+00
   1540      6.710 2.607E+00 7.359E+00 8.207E+04 2.292E-03 3.614E-02 2.301E+00 1.702E+00 4.095E+00 6.585E+00
   1545      6.735 2.630E+00 7.471E+00 8.277E+04 2.292E-03 3.616E-02 2.311E+00 1.709E+00 4.131E+00 6.604E+00
   1550      6.760 2.654E+00 7.584E+00 8.348E+04 2.293E-03 3.619E-02 2.321E+00 1.717E+00 4.167E+00 6.619E+00
   1555      6.785 2.677E+00 7.698E+00 8.419E+04 2.294E-03 3.621E-02 2.330E+00 1.725E+00 4.203E+00 6.613E+00
   1560      6.810 2.701E+00 7.813E+00 8.491E+04 2.295E-03 3.624E-02 2.340E+00 1.733E+00 4.240E+00 6.607E+00
   1565      6.835 2.725E+00 7.930E+00 8.563E+04 2.295E-03 3.626E-02 2.350E+00 1.740E+00 4.276E+00 6.662E+00
   1570      6.860 2.749E+00 8.048E+00 8.636E+04 2.295E-03 3.629E-02 2.360E+00 1.748E+00 4.313E+00 6.707E+00
   1575      6.885 2.774E+00 8.168E+00 8.709E+04 2.295E-03 3.631E-02 2.370E+00 1.756E+00 4.351E+00 6.730E+00
   1580      6.910 2.799E+00 8.289E+00 8.782E+04 2.295E-03 3.634E-02 2.380E+00 1.764E+00 4.388E+00 6.749E+00
   1585      6.935 2.824E+00 8.411E+00 8.856E+04 2.294E-03 3.637E-02 2.390E+00 1.772E+00 4.426E+00 6.769E+00
   1590      6.960 2.849E+00 8.534E+00 8.930E+04 2.294E-03 3.639E-02 2.400E+00 1.780E+00 4.464E+00 6.779E+00
   1595      6.985 2.874E+00 8.660E+00 9.005E+04 2.293E-03 3.642E-02 2.410E+00 1.788E+00 4.502E+00 6.809E+00
   1600      7.010 2.899E+00 8.786E+00 9.080E+04 2.292E-03 3.644E-02 2.420E+00 1.796E+00 4.540E+00 6.881E+00
   1605      7.035 2.925E+00 8.914E+00 9.155E+04 2.291E-03 3.647E-02 2.430E+00 1.804E+00 4.579E+00 6.972E+00
   1610      7.060 2.951E+00 9.043E+00 9.231E+04 2.290E-03 3.650E-02 2.440E+00 1.811E+00 4.618E+00 7.048E+00
   1615      7.085 2.977E+00 9.174E+00 9.308E+04 2.289E-03 3.652E-02 2.450E+00 1.819E+00 4.657E+00 7.112E+00
   1620      7.110 3.004E+00 9.307E+00 9.384E+04 2.289E-03 3.654E-02 2.460E+00 1.828E+00 4.697E+00 7.163E+00
   1625      7.135 3.030E+00 9.441E+00 9.462E+04 2.289E-03 3.657E-02 2.470E+00 1.836E+00 4.736E+00 7.196E+00
   1630      7.160 3.057E+00 9.576E+00 9.540E+04 2.290E-03 3.659E-02 2.481E+00 1.844E+00 4.776E+00 7.227E+00
   1635      7.185 3.084E+00 9.713E+00 9.618E+04 2.292E-03 3.661E-02 2.491E+00 1.852E+00 4.816E+00 7.260E+00
   1640      7.210 3.111E+00 9.852E+00 9.697E+04 2.294E-03 3.663E-02 2.501E+00 1.860E+00 4.857E+00 7.283E+00
   1645      7.235 3.139E+00 9.992E+00 9.776E+04 2.296E-03 3.665E-02 2.511E+00 1.868E+00 4.897E+00 7.295E+00
   1650      7.260 3.166E+00 1.013E+01 9.856E+04 2.298E-03 3.667E-02 2.521E+00 1.876E+00 4.938E+00 7.279E+00
   1655      7.285 3.194E+00 1.028E+01 9.937E+04 2.301E-03 3.670E-02 2.532E+00 1.884E+00 4.980E+00 7.252E+00
   1660      7.310 3.222E+00 1.042E+01 1.002E+05 2.302E-03 3.672E-02 2.542E+00 1.892E+00 5.021E+00 7.217E+00
   1665      7.335 3.250E+00 1.057E+01 1.010E+05 2.303E-03 3.674E-02 2.552E+00 1.900E+00 5.063E+00 7.203E+00
   1670      7.360 3.279E+00 1.072E+01 1.018E+05 2.304E-03 3.677E-02 2.563E+00 1.909E+00 5.105E+00 7.188E+00
   1675      7.385 3.307E+00 1.087E+01 1.026E+05 2.303E-03 3.680E-02 2.573E+00 1.917E+00 5.147E+00 7.195E+00
   1680      7.410 3.336E+00 1.102E+01 1.035E+05 2.302E-03 3.683E-02 2.584E+00 1.925E+00 5.190E+00 7.186E+00
   1685      7.435 3.365E+00 1.117E+01 1.043E+05 2.300E-03 3.686E-02 2.594E+00 1.933E+00 5.233E+00 7.160E+00
   1690      7.460 3.394E+00 1.133E+01 1.052E+05 2.298E-03 3.690E-02 2.604E+00 1.941E+00 5.276E+00 7.146E+00
   1695      7.485 3.423E+00 1.148E+01 1.060E+05 2.295E-03 3.693E-02 2.615E+00 1.949E+00 5.319E+00 7.114E+00
   1700      7.510 3.452E+00 1.164E+01 1.069E+05 2.292E-03 3.697E-02 2.626E+00 1.958E+00 5.363E+00 7.069E+00
   1705      7.535 3.481E+00 1.180E+01 1.077E+05 2.290E-03 3.700E-02 2.636E+00 1.966E+00 5.407E+00 7.036E+00
   1710      7.560 3.511E+00 1.196E+01 1.086E+05 2.288E-03 3.704E-02 2.647E+00 1.974E+00 5.451E+00 7.024E+00
   1715      7.585 3.541E+00 1.213E+01 1.095E+05 2.287E-03 3.707E-02 2.657E+00 1.982E+00 5.496E+00 6.988E+00
   1720      7.610 3.571E+00 1.229E+01 1.104E+05 2.286E-03 3.710E-02 2.668E+00 1.990E+00 5.540E+00 7.020E+00
   1725      7.635 3.600E+00 1.246E+01 1.113E+05 2.285E-03 3.713E-02 2.679E+00 1.999E+00 5.586E+00 7.074E+00
   1730      7.660 3.631E+00 1.263E+01 1.122E+05 2.286E-03 3.716E-02 2.690E+00 2.007E+00 5.631E+00 7.118E+00
   1735      7.685 3.661E+00 1.280E+01 1.131E+05 2.287E-03 3.718E-02 2.701E+00 2.015E+00 5.677E+00 7.148E+00
   1740      7.710 3.691E+00 1.298E+01 1.140E+05 2.288E-03 3.721E-02 2.711E+00 2.023E+00 5.722E+00 7.149E+00
   1745      7.735 3.721E+00 1.315E+01 1.149E+05 2.289E-03 3.723E-02 2.722E+00 2.031E+00 5.769E+00 7.150E+00
   1750      7.760 3.752E+00 1.333E+01 1.158E+05 2.291E-03 3.725E-02 2.733E+00 2.040E+00 5.815E+00 7.154E+00
   1755      7.785 3.783E+00 1.351E+01 1.167E+05 2.293E-03 3.727E-02 2.744E+00 2.048E+00 5.862E+00 7.195E+00
   1760      7.810 3.813E+00 1.369E+01 1.177E+05 2.294E-03 3.730E-02 2.755E+00 2.056E+00 5.909E+00 7.227E+00
   1765      7.835 3.844E+00 1.387E+01 1.186E+05 2.295E-03 3.732E-02 2.766E+00 2.064E+00 5.956E+00 7.238E+00
   1770      7.860 3.875E+00 1.406E+01 1.196E+05 2.297E-03 3.734E-02 2.777E+00 2.072E+00 6.004E+00 7.236E+00
   1775      7.885 3.906E+00 1.425E+01 1.206E+05 2.297E-03 3.736E-02 2.789E+00 2.080E+00 6.052E+00 7.246E+00
   1780      7.910 3.937E+00 1.444E+01 1.215E+05 2.298E-03 3.738E-02 2.800E+00 2.088E+00 6.100E+00 7.274E+00
   1785      7.935 3.969E+00 1.463E+01 1.225E+05 2.298E-03 3.741E-02 2.811E+00 2.096E+00 6.148E+00 7.300E+00
   1790      7.960 4.000E+00 1.482E+01 1.235E+05 2.298E-03 3.743E-02 2.822E+00 2.104E+00 6.197E+00 7.314E+00
   1795      7.985 4.031E+00 1.502E+01 1.245E+05 2.297E-03 3.746E-02 2.833E+00 2.113E+00 6.246E+00 7.300E+00
   1800      8.010 4.063E+00 1.522E+01 1.255E+05 2.297E-03 3.748E-02 2.845E+00 2.121E+00 6.295E+00 7.271E+00
   1805      8.035 4.095E+00 1.542E+01 1.265E+05 2.296E-03 3.751E-02 2.856E+00 2.129E+00 6.344E+00 7.229E+00
   1810      8.060 4.127E+00 1.562E+01 1.275E+05 2.294E-03 3.753E-02 2.868E+00 2.137E+00 6.394E+00 7.256E+00
   1815      8.085 4.159E+00 1.582E+01 1.285E+05 2.293E-03 3.756E-02 2.879E+00 2.145E+00 6.444E+00 7.322E+00
   1820      8.110 4.191E+00 1.603E+01 1.295E+05 2.292E-03 3.758E-02 2.890E+00 2.153E+00 6.494E+00 7.372E+00
   1825      8.135 4.223E+00 1.624E+01 1.306E+05 2.291E-03 3.761E-02 2.902E+00 2.161E+00 6.545E+00 7.413E+00
   1830      8.160 4.255E+00 1.645E+01 1.316E+05 2.291E-03 3.764E-02 2.914E+00 2.169E+00 6.596E+00 7.430E+00
   1835      8.185 4.287E+00 1.666E+01 1.326E+05 2.290E-03 3.766E-02 2.925E+00 2.176E+00 6.647E+00 7.430E+00
   1840      8.210 4.320E+00 1.688E+01 1.337E+05 2.290E-03 3.768E-02 2.937E+00 2.184E+00 6.698E+00 7.417E+00
   1845      8.235 4.352E+00 1.710E+01 1.348E+05 2.291E-03 3.770E-02 2.948E+00 2.192E+00 6.749E+00 7.471E+00
   1850      8.260 4.385E+00 1.732E+01 1.358E+05 2.292E-03 3.773E-02 2.960E+00 2.200E+00 6.801E+00 7.595E+00
   1855      8.285 4.417E+00 1.754E+01 1.369E+05 2.293E-03 3.775E-02 2.972E+00 2.208E+00 6.853E+00 7.706E+00
   1860      8.310 4.450E+00 1.777E+01 1.380E+05 2.294E-03 3.777E-02 2.984E+00 2.216E+00 6.905E+00 7.805E+00
   1865      8.335 4.482E+00 1.799E+01 1.391E+05 2.294E-03 3.779E-02 2.995E+00 2.223E+00 6.958E+00 7.881E+00
   1870      8.360 4.515E+00 1.823E+01 1.402E+05 2.295E-03 3.781E-02 3.007E+00 2.231E+00 7.010E+00 7.938E+00
   1875      8.385 4.548E+00 1.846E+01 1.413E+05 2.296E-03 3.783E-02 3.019E+00 2.239E+00 7.063E+00 7.969E+00
   1880      8.410 4.581E+00 1.869E+01 1.424E+05 2.296E-03 3.785E-02 3.031E+00 2.246E+00 7.116E+00 8.038E+00
   1885      8.435 4.613E+00 1.893E+01 1.435E+05 2.296E-03 3.787E-02 3.043E+00 2.254E+00 7.170E+00 8.112E+00
   1890      8.460 4.646E+00 1.917E+01 1.447E+05 2.295E-03 3.789E-02 3.055E+00 2.262E+00 7.223E+00 8.173E+00
   1895      8.485 4.679E+00 1.941E+01 1.458E+05 2.295E-03 3.791E-02 3.067E+00 2.269E+00 7.277E+00 8.219E+00
   1900      8.510 4.712E+00 1.966E+01 1.469E+05 2.293E-03 3.794E-02 3.079E+00 2.277E+00 7.331E+00 8.245E+00
   1905      8.535 4.745E+00 1.991E+01 1.481E+05 2.292E-03 3.796E-02 3.091E+00 2.284E+00 7.385E+00 8.252E+00
   1910      8.560 4.778E+00 2.016E+01 1.492E+05 2.291E-03 3.798E-02 3.103E+00 2.292E+00 7.439E+00 8.272E+00
   1915      8.585 4.811E+00 2.041E+01 1.504E+05 2.289E-03 3.800E-02 3.115E+00 2.299E+00 7.494E+00 8.297E+00
   1920      8.610 4.844E+00 2.067E+01 1.516E+05 2.288E-03 3.802E-02 3.127E+00 2.307E+00 7.549E+00 8.343E+00
   1925      8.635 4.877E+00 2.092E+01 1.527E+05 2.287E-03 3.803E-02 3.139E+00 2.314E+00 7.604E+00 8.387E+00
   1930      8.660 4.910E+00 2.118E+01 1.539E+05 2.286E-03 3.805E-02 3.151E+00 2.322E+00 7.659E+00 8.442E+00
   1935      8.685 4.943E+00 2.145E+01 1.551E+05 2.286E-03 3.806E-02 3.163E+00 2.329E+00 7.714E+00 8.482E+00
   1940      8.710 4.976E+00 2.171E+01 1.563E+05 2.286E-03 3.808E-02 3.175E+00 2.337E+00 7.769E+00 8.518E+00
   1945      8.735 5.010E+00 2.198E+01 1.574E+05 2.286E-03 3.809E-02 3.187E+00 2.344E+00 7.825E+00 8.597E+00
   1950      8.760 5.043E+00 2.225E+01 1.586E+05 2.287E-03 3.810E-02 3.199E+00 2.351E+00 7.881E+00 8.707E+00
   1955      8.785 5.076E+00 2.253E+01 1.598E+05 2.288E-03 3.810E-02 3.211E+00 2.359E+00 7.937E+00 8.802E+00
   1960      8.810 5.110E+00 2.280E+01 1.610E+05 2.289E-03 3.811E-02 3.223E+00 2.366E+00 7.993E+00 8.895E+00
   1965      8.835 5.144E+00 2.308E+01 1.622E+05 2.291E-03 3.812E-02 3.235E+00 2.373E+00 8.049E+00 8.995E+00
   1970      8.860 5.177E+00 2.337E+01 1.635E+05 2.292E-03 3.812E-02 3.247E+00 2.381E+00 8.105E+00 9.098E+00
   1975      8.885 5.211E+00 2.365E+01 1.647E+05 2.294E-03 3.812E-02 3.259E+00 2.388E+00 8.162E+00 9.186E+00
   1980      8.910 5.245E+00 2.394E+01 1.659E+05 2.296E-03 3.813E-02 3.271E+00 2.395E+00 8.219E+00 9.290E+00
   1985      8.935 5.280E+00 2.423E+01 1.671E+05 2.297E-03 3.813E-02 3.283E+00 2.403E+00 8.275E+00 9.378E+00
   1990      8.960 5.314E+00 2.452E+01 1.683E+05 2.299E-03 3.814E-02 3.295E+00 2.410E+00 8.332E+00 9.441E+00
   1995      8.985 5.348E+00 2.482E+01 1.695E+05 2.300E-03 3.814E-02 3.307E+00 2.417E+00 8.390E+00 9.476E+00
   2000      9.010 5.383E+00 2.512E+01 1.708E+05 2.300E-03 3.815E-02 3.319E+00 2.424E+00 8.447E+00 9.492E+00
   2005      9.035 5.418E+00 2.542E+01 1.720E+05 2.301E-03 3.816E-02 3.331E+00 2.432E+00 8.504E+00 9.502E+00
   2010      9.060 5.453E+00 2.572E+01 1.732E+05 2.300E-03 3.816E-02 3.343E+00 2.439E+00 8.562E+00 9.511E+00
   2015      9.085 5.488E+00 2.603E+01 1.745E+05 2.300E-03 3.817E-02 3.355E+00 2.446E+00 8.619E+00 9.530E+00
   2020      9.110 5.523E+00 2.634E+01 1.757E+05 2.299E-03 3.818E-02 3.367E+00 2.453E+00 8.677E+00 9.546E+00
   2025      9.135 5.559E+00 2.666E+01 1.770E+05 2.298E-03 3.819E-02 3.379E+00 2.461E+00 8.735E+00 9.567E+00
   2030      9.160 5.594E+00 2.697E+01 1.782E+05 2.297E-03 3.821E-02 3.391E+00 2.468E+00 8.793E+00 9.606E+00
   2035      9.185 5.630E+00 2.729E+01 1.795E+05 2.296E-03 3.822E-02 3.403E+00 2.475E+00 8.852E+00 9.644E+00
   2040      9.210 5.666E+00 2.761E+01 1.807E+05 2.294E-03 3.823E-02 3.415E+00 2.482E+00 8.910E+00 9.662E+00
   2045      9.235 5.702E+00 2.794E+01 1.820E+05 2.293E-03 3.824E-02 3.426E+00 2.489E+00 8.969E+00 9.690E+00
   2050      9.260 5.738E+00 2.827E+01 1.833E+05 2.292E-03 3.826E-02 3.438E+00 2.496E+00 9.027E+00 9.781E+00
   2055      9.285 5.775E+00 2.860E+01 1.846E+05 2.292E-03 3.827E-02 3.450E+00 2.503E+00 9.086E+00 9.863E+00
   2060      9.310 5.811E+00 2.893E+01 1.858E+05 2.291E-03 3.828E-02 3.462E+00 2.511E+00 9.145E+00 9.919E+00
   2065      9.335 5.848E+00 2.927E+01 1.871E+05 2.291E-03 3.829E-02 3.474E+00 2.518E+00 9.204E+00 9.964E+00
   2070      9.360 5.885E+00 2.961E+01 1.884E+05 2.291E-03 3.830E-02 3.486E+00 2.525E+00 9.263E+00 1.004E+01
   2075      9.385 5.922E+00 2.995E+01 1.897E+05 2.291E-03 3.831E-02 3.498E+00 2.532E+00 9.322E+00 1.010E+01
   2080      9.410 5.960E+00 3.030E+01 1.910E+05 2.291E-03 3.831E-02 3.510E+00 2.538E+00 9.381E+00 1.015E+01
   2085      9.435 5.998E+00 3.065E+01 1.923E+05 2.291E-03 3.832E-02 3.522E+00 2.545E+00 9.441E+00 1.020E+01
   2090      9.460 6.035E+00 3.100E+01 1.936E+05 2.291E-03 3.833E-02 3.534E+00 2.552E+00 9.500E+00 1.023E+01
   2095      9.485 6.073E+00 3.136E+01 1.949E+05 2.292E-03 3.833E-02 3.545E+00 2.559E+00 9.560E+00 1.025E+01
   2100      9.510 6.112E+00 3.171E+01 1.962E+05 2.293E-03 3.834E-02 3.557E+00 2.566E+00 9.620E+00 1.029E+01
   2105      9.535 6.150E+00 3.208E+01 1.975E+05 2.294E-03 3.834E-02 3.569E+00 2.573E+00 9.679E+00 1.032E+01
   2110      9.560 6.189E+00 3.244E+01 1.988E+05 2.295E-03 3.835E-02 3.581E+00 2.580E+00 9.739E+00 1.034E+01
   2115      9.585 6.228E+00 3.281E+01 2.001E+05 2.297E-03 3.835E-02 3.593E+00 2.586E+00 9.799E+00 1.035E+01
   2120      9.610 6.267E+00 3.318E+01 2.015E+05 2.298E-03 3.835E-02 3.605E+00 2.593E+00 9.859E+00 1.036E+01
   2125      9.635 6.307E+00 3.356E+01 2.028E+05 2.299E-03 3.836E-02 3.617E+00 2.600E+00 9.919E+00 1.045E+01
   2130      9.660 6.347E+00 3.393E+01 2.041E+05 2.299E-03 3.836E-02 3.628E+00 2.606E+00 9.979E+00 1.052E+01
   2135      9.685 6.386E+00 3.432E+01 2.054E+05 2.299E-03 3.837E-02 3.640E+00 2.613E+00 1.004E+01 1.061E+01
   2140      9.710 6.427E+00 3.470E+01 2.068E+05 2.298E-03 3.838E-02 3.652E+00 2.620E+00 1.010E+01 1.068E+01
   2145      9.735 6.467E+00 3.509E+01 2.081E+05 2.296E-03 3.839E-02 3.664E+00 2.626E+00 1.016E+01 1.074E+01
   2150      9.760 6.508E+00 3.548E+01 2.094E+05 2.294E-03 3.839E-02 3.675E+00 2.633E+00 1.022E+01 1.076E+01
   2155      9.785 6.549E+00 3.587E+01 2.108E+05 2.292E-03 3.840E-02 3.687E+00 2.639E+00 1.028E+01 1.078E+01
   2160      9.810 6.590E+00 3.627E+01 2.121E+05 2.289E-03 3.841E-02 3.699E+00 2.646E+00 1.034E+01 1.080E+01
   2165      9.835 6.631E+00 3.667E+01 2.134E+05 2.287E-03 3.842E-02 3.710E+00 2.653E+00 1.040E+01 1.082E+01
   2170      9.860 6.673E+00 3.708E+01 2.148E+05 2.286E-03 3.842E-02 3.722E+00 2.659E+00 1.046E+01 1.084E+01
   2175      9.885 6.715E+00 3.749E+01 2.161E+05 2.285E-03 3.842E-02 3.734E+00 2.666E+00 1.052E+01 1.086E+01
   2180      9.910 6.757E+00 3.790E+01 2.174E+05 2.285E-03 3.842E-02 3.745E+00 2.672E+00 1.058E+01 1.088E+01
   2185      9.935 6.799E+00 3.831E+01 2.188E+05 2.285E-03 3.842E-02 3.757E+00 2.679E+00 1.064E+01 1.092E+01
   2190      9.960 6.842E+00 3.873E+01 2.201E+05 2.287E-03 3.842E-02 3.768E+00 2.685E+00 1.070E+01 1.096E+01
   2195      9.985 6.885E+00 3.915E+01 2.215E+05 2.289E-03 3.841E-02 3.779E+00 2.692E+00 1.077E+01 1.100E+01
   2200     10.010 6.928E+00 3.958E+01 2.228E+05 2.291E-03 3.841E-02 3.791E+00 2.699E+00 1.083E+01 1.102E+01
   2205     10.035 6.972E+00 4.001E+01 2.241E+05 2.293E-03 3.840E-02 3.802E+00 2.705E+00 1.089E+01 1.105E+01
